10.000000 -2.934
12.500000 -2.496
16.000000 -1.503
20.000000 -0.662
25.000000 -0.086
31.500000 0.232
40.000000 0.339
50.000000 0.312
63.000000 0.216
80.000000 0.089
100.000000 -0.029
125.000000 -0.103
160.000000 -0.081
200.000000 0.012
250.000000 0.104
315.000000 0.179
400.000000 0.269
500.000000 0.338
630.000000 0.296
800.000000 0.186
1000.000000 0.320
1250.000000 0.815
1600.000000 1.351
2000.000000 1.446
2500.000000 1.238
3150.000000 1.071
4000.000000 1.305
5000.000000 1.729
6300.000000 1.971
8000.000000 2.078
10000.000000 2.319
12500.000000 2.685
16000.000000 3.068
20000.000000 3.4ß50
21000.000000 0.0
