16.000000 0.0
20.000000 0.0
25.000000 0.0
31.500000 0.0
40.000000 0.0
50.000000 0.0
63.000000 0.0
80.000000 0.0
100.000000 0.0
125.000000 0.0
160.000000 0.0
200.000000 0.0
250.000000 -0.063
315.000000 -0.118
400.000000 -0.103
500.000000 0.000
630.000000 0.096
800.000000 0.164
1000.000000 0.311
1250.000000 0.321
1600.000000 0.107
2000.000000 0.096
2500.000000 0.219
3150.000000 0.294
4000.000000 0.236
5000.000000 0.079
6300.000000 -0.191
8000.000000 -0.586
10000.000000 -1.081
12500.000000 -1.647
16000.000000 -2.8
20000.000000 -3.9
21000.000000 0.0


