# c_01 (rta) — REW moving-mic RTA (spatial average over the listening area), as REW serves it with display smoothing off: unit SPL, smoothing field 1/48 (a 1/48-oct RTA's native resolution; 'None' and '1/48' are the same curve), ppo 96
# REW date 2026-Jun-15 14:58:01, uuid 2aa2e61e-8b52-434e-bca1-562d368f4c7b, notes: "65536-point 1/48 octave RTA using Hann window, no smoothing and 150 averages\n\nInput RMS 92.79 dB\n92.5 dB C, 90.0 dB A\n92.7 dB 22 - 22k UNW\n39.7 dB >22k\n"
# freq_Hz	SPL_dB
4.3945	52.087
4.4264	52.105
4.4585	52.127
4.4908	52.149
4.5233	52.172
4.5561	52.194
4.5891	52.217
4.6223	52.239
4.6558	52.261
4.6896	52.284
4.7236	52.306
4.7578	52.329
4.7923	52.351
4.8270	52.374
4.8620	52.396
4.8972	52.419
4.9327	52.441
4.9684	52.464
5.0044	52.486
5.0407	52.509
5.0772	52.531
5.1140	52.554
5.1511	52.576
5.1884	52.599
5.2260	52.621
5.2639	52.644
5.3020	52.666
5.3404	52.689
5.3791	52.711
5.4181	52.734
5.4574	52.756
5.4969	52.779
5.5368	52.801
5.5769	52.823
5.6173	52.846
5.6580	52.868
5.6990	52.891
5.7403	52.913
5.7819	52.936
5.8238	52.956
5.8660	52.967
5.9085	52.955
5.9513	52.937
5.9944	52.919
6.0379	52.901
6.0816	52.882
6.1257	52.864
6.1701	52.846
6.2148	52.827
6.2598	52.809
6.3052	52.790
6.3509	52.772
6.3969	52.754
6.4433	52.735
6.4900	52.717
6.5370	52.698
6.5844	52.680
6.6321	52.661
6.6801	52.643
6.7285	52.625
6.7773	52.606
6.8264	52.588
6.8759	52.569
6.9257	52.551
6.9759	52.533
7.0264	52.514
7.0774	52.496
7.1286	52.477
7.1803	52.459
7.2323	52.440
7.2847	52.421
7.3375	52.397
7.3907	52.366
7.4442	52.332
7.4982	52.298
7.5525	52.264
7.6073	52.231
7.6624	52.197
7.7179	52.163
7.7738	52.129
7.8302	52.095
7.8869	52.061
7.9441	52.027
8.0016	51.994
8.0596	51.960
8.1180	51.926
8.1768	51.892
8.2361	51.858
8.2958	51.824
8.3559	51.790
8.4164	51.756
8.4774	51.723
8.5389	51.689
8.6007	51.655
8.6631	51.621
8.7258	51.588
8.7891	51.561
8.8528	51.555
8.9169	51.554
8.9815	51.555
9.0466	51.555
9.1122	51.555
9.1782	51.556
9.2447	51.556
9.3117	51.557
9.3792	51.557
9.4471	51.558
9.5156	51.558
9.5845	51.559
9.6540	51.559
9.7240	51.560
9.7944	51.560
9.8654	51.560
9.9369	51.561
10.0089	51.561
10.0814	51.562
10.1545	51.561
10.2281	51.555
10.3022	51.526
10.3768	51.481
10.4520	51.432
10.5278	51.383
10.6040	51.333
10.6809	51.284
10.7583	51.234
10.8362	51.185
10.9148	51.135
10.9939	51.086
11.0735	51.036
11.1538	50.987
11.2346	50.937
11.3160	50.888
11.3980	50.839
11.4806	50.789
11.5638	50.739
11.6476	50.688
11.7320	50.630
11.8170	50.552
11.9026	50.470
11.9889	50.388
12.0758	50.305
12.1633	50.222
12.2514	50.140
12.3402	50.057
12.4296	49.974
12.5197	49.892
12.6104	49.809
12.7018	49.726
12.7938	49.644
12.8865	49.561
12.9799	49.478
13.0740	49.397
13.1687	49.325
13.2641	49.291
13.3603	49.273
13.4571	49.258
13.5546	49.243
13.6528	49.229
13.7517	49.214
13.8514	49.200
13.9518	49.185
14.0529	49.170
14.1547	49.156
14.2573	49.141
14.3606	49.126
14.4646	49.111
14.5695	49.088
14.6750	49.032
14.7814	48.912
14.8885	48.777
14.9964	48.639
15.1051	48.501
15.2145	48.363
15.3248	48.225
15.4358	48.087
15.5477	47.950
15.6603	47.812
15.7738	47.674
15.8881	47.536
16.0032	47.400
16.1192	47.277
16.2360	47.197
16.3537	47.128
16.4722	47.060
16.5915	46.992
16.7118	46.924
16.8329	46.857
16.9548	46.789
17.0777	46.722
17.2015	46.654
17.3261	46.587
17.4517	46.522
17.5781	46.474
17.7055	46.494
17.8338	46.530
17.9630	46.570
18.0932	46.609
18.2243	46.649
18.3564	46.688
18.4894	46.728
18.6234	46.767
18.7583	46.807
18.8943	46.846
19.0312	46.884
19.1691	46.916
19.3080	46.945
19.4479	46.974
19.5888	47.003
19.7308	47.032
19.8738	47.061
20.0178	47.090
20.1628	47.119
20.3089	47.150
20.4561	47.186
20.6043	47.248
20.7536	47.327
20.9040	47.411
21.0555	47.495
21.2081	47.579
21.3618	47.663
21.5166	47.747
21.6725	47.831
21.8295	47.915
21.9877	48.001
22.1470	48.092
22.3075	48.184
22.4692	48.276
22.6320	48.368
22.7960	48.460
22.9612	48.552
23.1276	48.644
23.2952	48.737
23.4640	48.836
23.6340	48.947
23.8053	49.062
23.9778	49.176
24.1515	49.291
24.3265	49.406
24.5028	49.521
24.6804	49.637
24.8592	49.760
25.0394	49.913
25.2208	50.080
25.4036	50.251
25.5877	50.421
25.7731	50.592
25.9598	50.763
26.1480	50.930
26.3374	51.078
26.5283	51.148
26.7205	51.186
26.9141	51.218
27.1092	51.249
27.3056	51.280
27.5035	51.310
27.7028	51.329
27.9035	51.303
28.1057	51.210
28.3094	51.101
28.5145	50.990
28.7212	50.879
28.9293	50.764
29.1389	50.625
29.3501	50.365
29.5628	49.869
29.7770	49.313
29.9928	48.746
30.2101	48.178
30.4290	47.615
30.6495	47.087
30.8716	46.731
31.0953	46.554
31.3207	46.421
31.5476	46.294
31.7762	46.169
32.0065	46.050
32.2384	45.967
32.4720	46.008
32.7073	46.079
32.9444	46.154
33.1831	46.229
33.4235	46.302
33.6657	46.361
33.9097	46.360
34.1554	46.338
34.4029	46.312
34.6522	46.285
34.9033	46.259
35.1562	46.231
35.4110	46.199
35.6676	46.167
35.9261	46.135
36.1864	46.108
36.4486	46.118
36.7128	46.297
36.9788	46.717
37.2467	47.189
37.5167	47.666
37.7885	48.138
38.0623	48.571
38.3382	48.851
38.6160	49.083
38.8958	49.307
39.1777	49.523
39.4616	49.694
39.7475	49.681
40.0355	49.552
40.3257	49.399
40.6179	49.250
40.9122	49.159
41.2087	49.314
41.5073	49.638
41.8081	49.996
42.1110	50.359
42.4162	50.722
42.7235	51.082
43.0331	51.441
43.3450	51.798
43.6591	52.146
43.9754	52.445
44.2941	52.603
44.6151	52.729
44.9384	52.845
45.2640	52.929
45.5920	52.879
45.9224	52.709
46.2552	52.511
46.5904	52.305
46.9280	52.072
47.2680	51.776
47.6105	51.462
47.9556	51.141
48.3031	50.784
48.6531	50.266
49.0056	49.688
49.3608	49.106
49.7184	48.586
50.0787	48.358
50.4416	48.290
50.8071	48.262
51.1753	48.285
51.5461	48.503
51.9197	48.823
52.2959	49.151
52.6749	49.412
53.0566	49.385
53.4410	49.241
53.8283	49.069
54.2183	48.867
54.6112	48.565
55.0070	48.239
55.4056	47.913
55.8071	47.614
56.2115	47.354
56.6188	47.105
57.0291	46.867
57.4423	46.673
57.8586	46.503
58.2779	46.346
58.7002	46.234
59.1255	46.205
59.5540	46.199
59.9855	46.222
60.4202	46.345
60.8580	46.507
61.2990	46.654
61.7432	46.699
62.1907	46.639
62.6413	46.551
63.0952	46.433
63.5525	46.264
64.0130	46.090
64.4768	45.961
64.9441	45.997
65.4147	46.073
65.8887	46.166
66.3662	46.296
66.8471	46.431
67.3315	46.529
67.8194	46.463
68.3108	46.337
68.8058	46.194
69.3044	46.016
69.8067	45.842
70.3125	45.777
70.8220	46.146
71.3352	46.593
71.8521	46.936
72.3728	46.985
72.8973	46.933
73.4255	46.705
73.9576	46.232
74.4935	45.740
75.0333	45.447
75.5770	45.322
76.1247	45.233
76.6763	45.142
77.2320	45.039
77.7916	44.879
78.3553	44.620
78.9231	44.353
79.4950	44.162
80.0711	44.045
80.6513	44.073
81.2357	44.427
81.8244	44.800
82.4173	44.959
83.0146	44.949
83.6161	44.805
84.2220	44.436
84.8323	44.061
85.4471	43.909
86.0663	43.851
86.6899	43.722
87.3181	43.497
87.9509	43.360
88.5882	43.556
89.2301	43.790
89.8767	43.862
90.5280	43.807
91.1840	43.494
91.8448	42.972
92.5103	42.464
93.1807	42.076
93.8559	41.865
94.5360	42.042
95.2211	42.379
95.9111	42.981
96.6061	43.629
97.3062	44.270
98.0113	45.158
98.7215	46.830
99.4369	48.454
100.1575	48.854
100.8832	48.564
101.6143	47.657
102.3506	46.543
103.0923	45.948
103.8393	45.758
104.5918	45.916
105.3497	46.222
106.1131	46.575
106.8821	46.892
107.6566	47.022
108.4367	47.226
109.2225	47.857
110.0139	48.619
110.8112	49.440
111.6141	50.126
112.4229	50.605
113.2376	51.047
114.0582	51.565
114.8847	52.402
115.7172	53.285
116.5557	53.782
117.4003	54.260
118.2511	54.882
119.1080	55.729
119.9711	56.631
120.8404	57.042
121.7161	57.286
122.5981	57.586
123.4865	57.948
124.3813	58.361
125.2826	58.798
126.1905	59.317
127.1049	60.038
128.0260	61.033
128.9537	61.987
129.8881	62.260
130.8294	62.492
131.7774	62.748
132.7323	62.715
133.6942	62.696
134.6630	62.873
135.6388	63.419
136.6217	63.885
137.6117	64.176
138.6089	64.742
139.6133	65.341
140.6250	65.864
141.6440	66.287
142.6704	66.868
143.7043	67.555
144.7456	68.088
145.7945	68.141
146.8510	67.770
147.9151	67.107
148.9870	66.716
150.0666	66.967
151.1541	67.471
152.2494	67.700
153.3526	68.219
154.4639	68.540
155.5832	68.727
156.7106	69.072
157.8462	69.460
158.9900	69.478
160.1422	69.133
161.3026	68.700
162.4715	68.652
163.6488	68.603
164.8347	68.843
166.0291	69.453
167.2323	70.348
168.4441	71.201
169.6647	70.862
170.8942	70.691
172.1325	71.052
173.3799	71.844
174.6363	72.430
175.9017	72.096
177.1764	71.954
178.4603	72.670
179.7535	73.283
181.0561	73.416
182.3681	73.591
183.6896	74.010
185.0207	74.544
186.3614	75.173
187.7119	75.555
189.0721	75.368
190.4422	76.090
191.8222	76.300
193.2122	76.090
194.6123	75.781
196.0226	75.503
197.4430	75.423
198.8738	75.316
200.3149	75.110
201.7665	75.079
203.2286	75.100
204.7012	75.077
206.1846	74.902
207.6787	74.582
209.1836	74.147
210.6994	73.677
212.2262	73.420
213.7641	73.299
215.3131	72.894
216.8734	72.260
218.4450	71.798
220.0279	71.521
221.6223	71.259
223.2283	71.007
224.8459	70.905
226.4752	70.884
228.1163	70.699
229.7694	70.436
231.4344	70.474
233.1114	70.729
234.8007	70.888
236.5021	70.905
238.2159	70.698
239.9421	70.368
241.6808	70.154
243.4322	70.077
245.1962	70.168
246.9730	70.361
248.7626	70.576
250.5653	70.846
252.3810	71.340
254.2098	71.853
256.0519	71.810
257.9074	71.411
259.7763	71.070
261.6587	70.910
263.5548	71.203
265.4647	71.661
267.3883	71.672
269.3259	71.411
271.2776	71.252
273.2434	71.229
275.2234	71.401
277.2178	71.617
279.2266	71.562
281.2500	71.362
283.2881	71.262
285.3409	71.225
287.4086	71.136
289.4913	70.953
291.5890	70.484
293.7020	69.933
295.8303	69.755
297.9740	69.760
300.1332	69.584
302.3081	69.316
304.4988	69.162
306.7053	69.084
308.9278	69.028
311.1664	68.962
313.4213	68.819
315.6925	68.599
317.9801	68.183
320.2843	67.693
322.6052	67.314
324.9429	67.008
327.2976	66.746
329.6693	66.450
332.0583	65.918
334.4645	65.315
336.8882	64.948
339.3294	64.769
341.7883	64.884
344.2651	65.103
346.7597	65.242
349.2725	65.376
351.8035	65.664
354.3528	66.010
356.9206	66.316
359.5070	66.610
362.1121	66.931
364.7361	67.212
367.3792	67.265
370.0413	67.183
372.7228	66.895
375.4237	66.515
378.1442	66.070
380.8844	65.637
383.6444	65.371
386.4245	65.176
389.2247	64.998
392.0451	64.794
394.8861	64.454
397.7476	64.050
400.6298	63.593
403.5329	63.235
406.4571	63.399
409.4025	63.734
412.3692	64.006
415.3574	64.305
418.3672	64.820
421.3989	65.443
424.4525	66.199
427.5283	66.858
430.6263	66.982
433.7468	66.935
436.8899	66.857
440.0558	66.788
443.2446	66.768
446.4565	66.642
449.6918	65.947
452.9504	65.170
456.2327	64.880
459.5387	64.671
462.8687	64.057
466.2229	63.328
469.6013	62.688
473.0042	62.181
476.4318	62.124
479.8842	62.150
483.3617	61.972
486.8643	61.794
490.3923	61.881
493.9459	62.130
497.5253	62.728
501.1305	63.319
504.7619	63.571
508.4196	63.679
512.1039	63.511
515.8148	63.436
519.5526	63.987
523.3175	64.546
527.1096	64.588
530.9293	64.595
534.7766	64.916
538.6518	65.351
542.5551	65.930
546.4867	66.500
550.4468	66.935
554.4355	67.392
558.4532	68.010
562.5000	68.599
566.5761	68.995
570.6818	69.516
574.8171	70.519
578.9825	71.353
583.1781	71.320
587.4040	71.112
591.6606	70.927
595.9480	70.718
600.2665	70.382
604.6163	69.997
608.9976	69.543
613.4106	69.045
617.8556	68.460
622.3329	67.912
626.8425	67.571
631.3849	67.303
635.9602	67.101
640.5686	66.968
645.2104	67.001
649.8859	67.101
654.5952	67.263
659.3387	67.237
664.1165	66.618
668.9290	66.017
673.7763	65.891
678.6588	65.785
683.5766	65.420
688.5301	65.285
693.5195	65.920
698.5450	66.722
703.6070	67.528
708.7056	68.343
713.8412	69.153
719.0140	69.761
724.2242	69.871
729.4722	69.833
734.7583	69.693
740.0827	69.666
745.4456	69.957
750.8474	70.273
756.2884	70.477
761.7687	70.613
767.2888	70.636
772.8489	70.543
778.4493	70.251
784.0903	70.024
789.7721	70.008
795.4951	69.725
801.2596	68.710
807.0659	67.706
812.9142	67.219
818.8049	67.143
824.7383	67.623
830.7147	68.099
836.7344	68.320
842.7977	68.376
848.9050	68.190
855.0565	67.885
861.2526	67.426
867.4936	66.828
873.7798	66.018
880.1116	65.222
886.4892	64.601
892.9131	64.273
899.3835	64.428
905.9008	64.697
912.4653	64.999
919.0774	65.426
925.7375	66.034
932.4457	66.540
939.2026	66.807
946.0085	67.009
952.8636	67.179
959.7685	67.320
966.7234	67.417
973.7286	67.478
980.7847	67.441
987.8918	67.059
995.0505	66.108
1002.2611	65.076
1009.5239	64.171
1016.8393	63.479
1024.2077	63.106
1031.6295	62.893
1039.1052	62.840
1046.6349	62.922
1054.2193	63.117
1061.8586	63.084
1069.5533	62.615
1077.3037	61.784
1085.1103	60.580
1092.9734	59.717
1100.8936	59.590
1108.8711	59.798
1116.9064	60.156
1125.0000	60.083
1133.1522	59.320
1141.3635	58.293
1149.6343	57.148
1157.9650	56.322
1166.3561	56.088
1174.8080	56.363
1183.3211	57.055
1191.8960	57.461
1200.5330	57.380
1209.2325	57.142
1217.9951	56.910
1226.8212	57.152
1235.7113	57.950
1244.6657	58.689
1253.6851	59.309
1262.7698	60.239
1271.9204	61.457
1281.1372	62.335
1290.4209	62.803
1299.7718	63.387
1309.1905	64.165
1318.6774	64.877
1328.2331	65.395
1337.8580	65.492
1347.5527	65.126
1357.3176	64.621
1367.1533	64.117
1377.0602	63.924
1387.0390	64.077
1397.0900	64.237
1407.2139	64.339
1417.4112	64.473
1427.6823	64.652
1438.0279	64.821
1448.4484	64.957
1458.9445	65.015
1469.5166	64.959
1480.1653	64.670
1490.8912	64.177
1501.6948	63.749
1512.5767	63.548
1523.5375	63.937
1534.5777	64.817
1545.6979	65.615
1556.8986	66.214
1568.1805	66.555
1579.5442	66.676
1590.9903	66.725
1602.5192	66.780
1614.1317	67.013
1625.8284	67.327
1637.6098	67.255
1649.4766	66.762
1661.4294	65.898
1673.4688	64.816
1685.5955	64.053
1697.8100	63.664
1710.1130	63.444
1722.5052	63.329
1734.9872	63.351
1747.5596	63.512
1760.2231	63.865
1772.9785	64.325
1785.8262	64.662
1798.7670	64.943
1811.8016	65.457
1824.9307	66.110
1838.1549	66.575
1851.4749	66.867
1864.8915	67.093
1878.4052	67.309
1892.0169	67.611
1905.7273	67.913
1919.5370	67.927
1933.4467	67.804
1947.4573	68.042
1961.5693	68.578
1975.7837	69.212
1990.1010	69.854
2004.5221	70.396
2019.0477	70.859
2033.6786	71.275
2048.4154	71.605
2063.2591	71.643
2078.2103	71.451
2093.2699	71.050
2108.4386	70.666
2123.7172	70.926
2139.1065	71.584
2154.6074	72.151
2170.2206	72.541
2185.9469	72.527
2201.7871	72.204
2217.7422	71.487
2233.8129	70.584
2250.0000	69.899
2266.3044	69.445
2282.7270	69.305
2299.2686	69.352
2315.9300	69.494
2332.7122	69.720
2349.6160	70.142
2366.6423	70.603
2383.7920	70.796
2401.0659	70.864
2418.4650	71.050
2435.9902	71.217
2453.6424	70.935
2471.4225	70.348
2489.3314	69.440
2507.3702	68.413
2525.5396	67.618
2543.8407	67.088
2562.2744	67.124
2580.8417	67.368
2599.5436	67.304
2618.3809	67.037
2637.3548	66.607
2656.4662	66.106
2675.7160	65.593
2695.1053	65.127
2714.6352	64.890
2734.3066	64.800
2754.1205	64.856
2774.0780	64.890
2794.1801	64.538
2814.4279	63.967
2834.8224	63.195
2855.3647	62.453
2876.0558	62.269
2896.8969	62.262
2917.8890	61.869
2939.0332	61.303
2960.3307	60.784
2981.7824	60.366
3003.3897	60.264
3025.1535	60.266
3047.0750	60.147
3069.1553	60.018
3091.3957	60.091
3113.7972	60.235
3136.3611	60.326
3159.0885	60.345
3181.9805	60.144
3205.0385	59.880
3228.2635	59.710
3251.6568	59.569
3275.2197	59.381
3298.9533	59.183
3322.8588	59.033
3346.9376	58.924
3371.1909	58.911
3395.6200	58.916
3420.2260	58.847
3445.0104	58.703
3469.9744	58.343
3495.1192	58.112
3520.4463	58.711
3545.9569	59.390
3571.6524	59.331
3597.5340	59.103
3623.6032	59.163
3649.8614	59.575
3676.3098	60.879
3702.9498	62.272
3729.7829	63.191
3756.8105	63.843
3784.0339	63.893
3811.4545	63.824
3839.0739	63.922
3866.8934	63.998
3894.9145	63.772
3923.1387	63.671
3951.5674	64.402
3980.2020	65.243
4009.0442	65.704
4038.0954	65.979
4067.3571	65.847
4096.8309	65.528
4126.5182	64.799
4156.4206	64.072
4186.5398	63.878
4216.8772	63.795
4247.4344	63.543
4278.2131	63.193
4309.2148	62.587
4340.4411	61.968
4371.8937	61.604
4403.5743	61.460
4435.4844	61.878
4467.6257	62.156
4500.0000	61.338
4532.6089	60.307
4565.4540	59.560
4598.5372	59.130
4631.8601	59.534
4665.4244	59.979
4699.2320	59.890
4733.2846	59.648
4767.5839	59.288
4802.1318	58.896
4836.9300	58.495
4871.9804	58.201
4907.2848	58.293
4942.8450	58.585
4978.6629	59.186
5014.7403	59.620
5051.0792	59.316
5087.6814	58.837
5124.5489	58.337
5161.6834	57.965
5199.0871	57.988
5236.7619	57.966
5274.7096	57.518
5312.9323	57.065
5351.4320	56.934
5390.2107	56.996
5429.2704	57.367
5468.6131	57.767
5508.2409	58.058
5548.1559	58.250
5588.3602	58.258
5628.8557	58.393
5669.6447	58.954
5710.7293	59.540
5752.1116	59.929
5793.7938	59.984
5835.7780	59.258
5878.0664	58.502
5920.6613	58.186
5963.5649	58.002
6006.7793	57.883
6050.3069	57.939
6094.1500	58.365
6138.3107	58.758
6182.7914	58.912
6227.5945	59.161
6272.7222	59.705
6318.1769	60.096
6363.9610	59.995
6410.0769	59.724
6456.5270	59.314
6503.3136	58.947
6550.4393	58.746
6597.9065	58.551
6645.7177	58.293
6693.8753	58.135
6742.3818	58.270
6791.2399	58.747
6840.4520	59.743
6890.0208	60.740
6939.9487	61.579
6990.2384	62.493
7040.8926	63.601
7091.9138	64.765
7143.3047	65.946
7195.0681	67.025
7247.2065	67.881
7299.7227	68.480
7352.6195	68.671
7405.8997	68.729
7459.5659	68.688
7513.6209	68.620
7568.0677	68.527
7622.9091	68.359
7678.1478	68.086
7733.7868	67.941
7789.8290	68.049
7846.2774	68.074
7903.1347	67.840
7960.4041	67.449
8018.0885	66.923
8076.1908	66.676
8134.7142	66.917
8193.6617	67.010
8253.0364	66.674
8312.8413	66.201
8373.0796	65.668
8433.7544	65.216
8494.8688	64.923
8556.4261	64.674
8618.4295	64.423
8680.8822	64.081
8743.7875	63.587
8807.1486	63.022
8870.9688	62.447
8935.2515	62.180
9000.0000	62.365
9065.2177	62.532
9130.9080	62.497
9197.0743	62.194
9263.7201	61.582
9330.8489	61.081
9398.4640	60.821
9466.5692	60.469
9535.1678	59.906
9604.2636	59.313
9673.8601	58.752
9743.9608	58.221
9814.5696	57.726
9885.6900	57.252
9957.3258	56.876
10029.4807	56.950
10102.1584	57.534
10175.3628	58.023
10249.0977	58.218
10323.3669	58.054
10398.1743	57.541
10473.5237	57.173
10549.4192	57.089
10625.8646	57.065
10702.8640	57.085
10780.4214	57.341
10858.5408	57.849
10937.2262	58.334
11016.4819	58.724
11096.3119	59.019
11176.7203	59.206
11257.7114	59.288
11339.2894	59.299
11421.4586	59.440
11504.2232	59.735
11587.5876	60.055
11671.5560	60.422
11756.1329	61.039
11841.3227	61.846
11927.1298	62.438
12013.5587	62.739
12100.6139	62.794
12188.2999	62.634
12276.6214	62.364
12365.5828	62.056
12455.1889	61.920
12545.4444	61.952
12636.3538	61.941
12727.9221	61.823
12820.1538	61.520
12913.0540	61.037
13006.6273	60.439
13100.8786	59.820
13195.8130	59.510
13291.4353	59.469
13387.7505	59.303
13484.7637	59.000
13582.4798	58.825
13680.9041	58.775
13780.0416	58.644
13879.8974	58.414
13980.4769	58.129
14081.7852	57.770
14183.8276	57.166
14286.6095	56.374
14390.1361	55.667
14494.4130	55.123
14599.4455	54.861
14705.2391	54.801
14811.7993	54.723
14919.1317	54.597
15027.2419	54.458
15136.1355	54.313
15245.8182	54.152
15356.2956	53.949
15467.5737	53.593
15579.6581	53.203
15692.5547	53.219
15806.2694	53.605
15920.8082	54.267
16036.1769	55.096
16152.3817	56.002
16269.4285	56.910
16387.3235	57.681
16506.0728	58.369
16625.6826	59.072
16746.1591	59.687
16867.5087	59.823
16989.7376	59.633
17112.8523	59.359
17236.8591	59.068
17361.7644	58.792
17487.5749	58.516
17614.2971	58.180
17741.9376	57.776
17870.5030	57.228
18000.0000	56.639
18130.4354	56.291
18261.8160	56.084
18394.1487	55.762
18527.4403	55.304
18661.6977	54.579
18796.9281	53.655
18933.1384	52.482
19070.3357	51.170
19208.5272	49.883
19347.7201	48.803
19487.9217	48.647
19629.1392	49.054
19771.3800	49.573
19914.6516	49.980
20058.9614	49.820
20204.3169	49.330
20350.7257	48.679
20498.1954	47.950
20646.7338	47.128
20796.3485	46.238
20947.0475	45.226
21098.8384	44.285
21251.7293	44.042
21405.7281	44.137
21560.8428	44.061
21717.0816	43.745
21874.4525	42.718
22032.9638	41.066
22192.6237	37.179
22353.4406	32.052
22515.4229	27.544
22678.5789	24.421
22842.9172	23.165
23008.4464	22.858
23175.1751	22.825
23343.1120	22.932
23512.2658	23.367
23682.6454	23.905
23854.2596	24.306
24027.1174	24.525
24201.2278	24.196
24376.5998	23.653
24553.2427	23.168
24731.1657	22.790
24910.3779	22.715
25090.8887	22.740
25272.7077	22.668
25455.8441	22.573
25640.3077	22.575
25826.1079	22.614
26013.2545	22.640
26201.7573	22.642
26391.6260	22.569
26582.8706	22.487
26775.5011	22.485
26969.5274	22.507
27164.9597	22.507
27361.8082	22.493
27560.0831	22.460
27759.7949	22.436
27960.9538	22.473
28163.5704	22.519
28367.6552	22.512
28573.2189	22.503
28780.2723	22.556
28988.8260	22.604
29198.8910	22.531
29410.4782	22.426
29623.5986	22.344
29838.2634	22.285
30054.4838	22.288
30272.2709	22.306
30491.6363	22.309
30712.5913	22.311
30935.1474	22.330
31159.3162	22.349
31385.1094	22.345
31612.5389	22.331
31841.6164	22.308
32072.3539	22.292
32304.7634	22.316
32538.8570	22.342
32774.6470	22.334
33012.1456	22.318
33251.3652	22.305
33492.3183	22.292
33735.0174	22.277
33979.4753	22.264
34225.7045	22.262
34473.7181	22.260
34723.5289	22.253
34975.1499	22.247
35228.5942	22.255
35483.8752	22.271
35741.0059	22.310
36000.0000	22.336
36260.8708	22.296
36523.6321	22.256
36788.2974	22.280
37054.8805	22.321
37323.3955	22.371
37593.8562	22.413
37866.2767	22.421
38140.6714	22.397
38417.0544	22.284
38695.4402	22.171
38975.8433	22.136
39258.2784	22.123
39542.7600	22.123
39829.3032	22.139
40117.9227	22.196
40408.6337	22.233
40701.4514	22.174
40996.3909	22.110
41293.4676	22.102
41592.6971	22.108
41894.0949	22.118
42197.6768	22.133
42503.4586	22.156
42811.4561	22.166
43121.6856	22.131
43434.1631	22.100
43748.9050	22.109
44065.9276	22.113
44385.2474	22.074
44706.8812	22.033
45030.8457	22.009
45357.1578	21.982
45685.8345	21.937
46016.8928	21.920
46350.3502	21.983
46686.2240	22.036
47024.5316	22.022
