# m-L_01 (rta) — REW moving-mic RTA (spatial average over the listening area), as REW serves it with display smoothing off: unit SPL, smoothing field 1/48 (a 1/48-oct RTA's native resolution; 'None' and '1/48' are the same curve), ppo 96
# REW date 2026-Jun-15 14:55:03, uuid fe3ef648-17b8-470b-a889-b4363226d404, notes: "65536-point 1/48 octave RTA using Hann window, no smoothing and 150 averages\n\nInput RMS 94.00 dB\n93.2 dB C, 92.1 dB A\n94.0 dB 22 - 22k UNW\n39.8 dB >22k\n"
# freq_Hz	SPL_dB
4.3945	51.754
4.4264	51.776
4.4585	51.802
4.4908	51.829
4.5233	51.856
4.5561	51.883
4.5891	51.910
4.6223	51.937
4.6558	51.964
4.6896	51.991
4.7236	52.018
4.7578	52.045
4.7923	52.072
4.8270	52.099
4.8620	52.126
4.8972	52.153
4.9327	52.180
4.9684	52.207
5.0044	52.234
5.0407	52.261
5.0772	52.288
5.1140	52.315
5.1511	52.342
5.1884	52.369
5.2260	52.396
5.2639	52.423
5.3020	52.450
5.3404	52.477
5.3791	52.504
5.4181	52.531
5.4574	52.558
5.4969	52.585
5.5368	52.612
5.5769	52.639
5.6173	52.666
5.6580	52.693
5.6990	52.720
5.7403	52.747
5.7819	52.774
5.8238	52.797
5.8660	52.806
5.9085	52.776
5.9513	52.737
5.9944	52.696
6.0379	52.656
6.0816	52.615
6.1257	52.575
6.1701	52.534
6.2148	52.494
6.2598	52.453
6.3052	52.413
6.3509	52.372
6.3969	52.332
6.4433	52.291
6.4900	52.250
6.5370	52.210
6.5844	52.169
6.6321	52.129
6.6801	52.088
6.7285	52.048
6.7773	52.007
6.8264	51.967
6.8759	51.926
6.9257	51.886
6.9759	51.845
7.0264	51.805
7.0774	51.764
7.1286	51.724
7.1803	51.683
7.2323	51.643
7.2847	51.605
7.3375	51.577
7.3907	51.568
7.4442	51.564
7.4982	51.561
7.5525	51.557
7.6073	51.554
7.6624	51.551
7.7179	51.547
7.7738	51.544
7.8302	51.541
7.8869	51.537
7.9441	51.534
8.0016	51.531
8.0596	51.527
8.1180	51.524
8.1768	51.521
8.2361	51.517
8.2958	51.514
8.3559	51.511
8.4164	51.507
8.4774	51.504
8.5389	51.501
8.6007	51.497
8.6631	51.494
8.7258	51.489
8.7891	51.478
8.8528	51.440
8.9169	51.395
8.9815	51.348
9.0466	51.302
9.1122	51.256
9.1782	51.210
9.2447	51.163
9.3117	51.117
9.3792	51.071
9.4471	51.025
9.5156	50.978
9.5845	50.932
9.6540	50.886
9.7240	50.840
9.7944	50.793
9.8654	50.747
9.9369	50.701
10.0089	50.655
10.0814	50.608
10.1545	50.561
10.2281	50.511
10.3022	50.445
10.3768	50.369
10.4520	50.291
10.5278	50.212
10.6040	50.133
10.6809	50.054
10.7583	49.976
10.8362	49.897
10.9148	49.818
10.9939	49.739
11.0735	49.660
11.1538	49.581
11.2346	49.503
11.3160	49.424
11.3980	49.345
11.4806	49.266
11.5638	49.188
11.6476	49.114
11.7320	49.060
11.8170	49.056
11.9026	49.065
11.9889	49.075
12.0758	49.086
12.1633	49.096
12.2514	49.107
12.3402	49.118
12.4296	49.128
12.5197	49.139
12.6104	49.149
12.7018	49.160
12.7938	49.171
12.8865	49.181
12.9799	49.191
13.0740	49.199
13.1687	49.190
13.2641	49.107
13.3603	48.994
13.4571	48.876
13.5546	48.757
13.6528	48.637
13.7517	48.518
13.8514	48.398
13.9518	48.279
14.0529	48.159
14.1547	48.040
14.2573	47.920
14.3606	47.801
14.4646	47.681
14.5695	47.561
14.6750	47.436
14.7814	47.302
14.8885	47.166
14.9964	47.030
15.1051	46.893
15.2145	46.757
15.3248	46.621
15.4358	46.484
15.5477	46.348
15.6603	46.212
15.7738	46.076
15.8881	45.940
16.0032	45.808
16.1192	45.699
16.2360	45.671
16.3537	45.662
16.4722	45.656
16.5915	45.651
16.7118	45.645
16.8329	45.640
16.9548	45.635
17.0777	45.629
17.2015	45.624
17.3261	45.618
17.4517	45.611
17.5781	45.593
17.7055	45.532
17.8338	45.459
17.9630	45.385
18.0932	45.311
18.2243	45.237
18.3564	45.162
18.4894	45.088
18.6234	45.014
18.7583	44.940
18.8943	44.871
19.0312	44.831
19.1691	44.915
19.3080	45.040
19.4479	45.171
19.5888	45.303
19.7308	45.436
19.8738	45.568
20.0178	45.700
20.1628	45.833
20.3089	45.966
20.4561	46.101
20.6043	46.246
20.7536	46.398
20.9040	46.551
21.0555	46.705
21.2081	46.858
21.3618	47.012
21.5166	47.166
21.6725	47.318
21.8295	47.466
21.9877	47.588
22.1470	47.632
22.3075	47.658
22.4692	47.682
22.6320	47.705
22.7960	47.728
22.9612	47.752
23.1276	47.774
23.2952	47.796
23.4640	47.808
23.6340	47.798
23.8053	47.782
23.9778	47.766
24.1515	47.750
24.3265	47.734
24.5028	47.718
24.6804	47.705
24.8592	47.707
25.0394	47.773
25.2208	47.874
25.4036	47.981
25.5877	48.088
25.7731	48.196
25.9598	48.304
26.1480	48.411
26.3374	48.509
26.5283	48.575
26.7205	48.627
26.9141	48.676
27.1092	48.725
27.3056	48.774
27.5035	48.820
27.7028	48.847
27.9035	48.785
28.1057	48.595
28.3094	48.374
28.5145	48.148
28.7212	47.922
28.9293	47.697
29.1389	47.484
29.3501	47.326
29.5628	47.274
29.7770	47.248
29.9928	47.225
30.2101	47.204
30.4290	47.184
30.6495	47.177
30.8716	47.226
31.0953	47.333
31.3207	47.451
31.5476	47.572
31.7762	47.692
32.0065	47.806
32.2384	47.882
32.4720	47.831
32.7073	47.750
32.9444	47.664
33.1831	47.577
33.4235	47.489
33.6657	47.394
33.9097	47.266
34.1554	47.127
34.4029	46.986
34.6522	46.844
34.9033	46.698
35.1562	46.533
35.4110	46.277
35.6676	45.999
35.9261	45.719
36.1864	45.449
36.4486	45.260
36.7128	45.453
36.9788	46.183
37.2467	47.025
37.5167	47.880
37.7885	48.732
38.0623	49.557
38.3382	50.290
38.6160	50.996
38.8958	51.697
39.1777	52.388
39.4616	53.026
39.7475	53.466
40.0355	53.786
40.3257	54.083
40.6179	54.374
40.9122	54.646
41.2087	54.846
41.5073	54.996
41.8081	55.136
42.1110	55.269
42.4162	55.373
42.7235	55.353
43.0331	55.275
43.3450	55.182
43.6591	55.074
43.9754	54.881
44.2941	54.429
44.6151	53.911
44.9384	53.386
45.2640	52.901
45.5920	52.613
45.9224	52.503
46.2552	52.435
46.5904	52.372
46.9280	52.310
47.2680	52.248
47.6105	52.184
47.9556	52.108
48.3031	51.953
48.6531	51.440
49.0056	50.795
49.3608	50.128
49.7184	49.497
50.0787	49.058
50.4416	48.726
50.8071	48.435
51.1753	48.266
51.5461	48.591
51.9197	49.177
52.2959	49.796
52.6749	50.334
53.0566	50.538
53.4410	50.611
53.8283	50.648
54.2183	50.613
54.6112	50.334
55.0070	49.991
55.4056	49.600
55.8071	49.019
56.2115	48.152
56.6188	47.207
57.0291	46.252
57.4423	45.314
57.8586	44.391
58.2779	43.497
58.7002	42.752
59.1255	42.309
59.5540	41.942
59.9855	41.561
60.4202	41.047
60.8580	40.477
61.2990	39.929
61.7432	39.552
62.1907	39.356
62.6413	39.211
63.0952	39.116
63.5525	39.105
64.0130	39.109
64.4768	39.086
64.9441	38.956
65.4147	38.799
65.8887	38.630
66.3662	38.430
66.8471	38.227
67.3315	38.066
67.8194	38.097
68.3108	38.205
68.8058	38.395
69.3044	38.854
69.8067	39.382
70.3125	39.839
70.8220	39.972
71.3352	40.022
71.8521	40.015
72.3728	39.888
72.8973	39.768
73.4255	39.815
73.9576	40.107
74.4935	40.444
75.0333	40.744
75.5770	41.005
76.1247	41.217
76.6763	41.257
77.2320	41.280
77.7916	41.479
78.3553	41.982
78.9231	42.475
79.4950	42.666
80.0711	42.646
80.6513	42.453
81.2357	41.920
81.8244	41.464
82.4173	41.750
83.0146	42.524
83.6161	43.260
84.2220	43.728
84.8323	44.065
85.4471	44.086
86.0663	43.975
86.6899	43.901
87.3181	43.892
87.9509	43.828
88.5882	43.550
89.2301	43.320
89.8767	43.528
90.5280	43.972
91.1840	44.582
91.8448	45.233
92.5103	45.563
93.1807	45.433
93.8559	45.480
94.5360	46.198
95.2211	47.061
95.9111	47.936
96.6061	48.810
97.3062	49.686
98.0113	50.677
98.7215	52.031
99.4369	53.302
100.1575	53.755
100.8832	53.764
101.6143	53.489
102.3506	53.146
103.0923	53.073
103.8393	53.202
104.5918	53.552
105.3497	54.045
106.1131	54.753
106.8821	55.526
107.6566	56.260
108.4367	56.856
109.2225	57.025
110.0139	57.060
110.8112	57.025
111.6141	57.210
112.4229	57.730
113.2376	58.274
114.0582	58.740
114.8847	58.987
115.7172	59.132
116.5557	59.275
117.4003	59.361
118.2511	59.380
119.1080	59.645
119.9711	60.225
120.8404	61.124
121.7161	61.999
122.5981	62.545
123.4865	62.842
124.3813	62.988
125.2826	63.298
126.1905	63.598
127.1049	63.772
128.0260	64.089
128.9537	64.440
129.8881	64.498
130.8294	64.642
131.7774	64.936
132.7323	65.214
133.6942	65.251
134.6630	65.106
135.6388	65.510
136.6217	66.097
137.6117	66.682
138.6089	67.205
139.6133	67.357
140.6250	67.069
141.6440	66.625
142.6704	66.439
143.7043	66.598
144.7456	66.995
145.7945	67.069
146.8510	67.087
147.9151	67.323
148.9870	67.725
150.0666	67.957
151.1541	68.114
152.2494	68.394
153.3526	68.558
154.4639	68.520
155.5832	68.333
156.7106	68.399
157.8462	69.780
158.9900	70.719
160.1422	71.040
161.3026	71.076
162.4715	71.266
163.6488	71.282
164.8347	71.512
166.0291	72.044
167.2323	72.721
168.4441	73.249
169.6647	73.279
170.8942	73.191
172.1325	72.784
173.3799	72.400
174.6363	72.588
175.9017	73.160
177.1764	72.925
178.4603	73.012
179.7535	73.171
181.0561	72.822
182.3681	72.475
183.6896	72.553
185.0207	72.667
186.3614	72.695
187.7119	73.372
189.0721	73.797
190.4422	73.162
191.8222	72.827
193.2122	72.881
194.6123	72.441
196.0226	72.806
197.4430	72.987
198.8738	72.827
200.3149	72.680
201.7665	72.206
203.2286	72.029
204.7012	72.112
206.1846	72.212
207.6787	72.268
209.1836	72.237
210.6994	72.141
212.2262	72.063
213.7641	72.034
215.3131	72.132
216.8734	72.322
218.4450	72.497
220.0279	72.590
221.6223	72.410
223.2283	72.109
224.8459	72.226
226.4752	72.659
228.1163	72.968
229.7694	73.074
231.4344	72.829
233.1114	72.370
234.8007	72.048
236.5021	71.841
238.2159	71.534
239.9421	71.122
241.6808	70.643
243.4322	70.164
245.1962	69.866
246.9730	69.665
248.7626	69.304
250.5653	68.877
252.3810	68.758
254.2098	68.854
256.0519	68.919
257.9074	68.941
259.7763	68.977
261.6587	69.109
263.5548	69.594
265.4647	70.221
267.3883	70.558
269.3259	70.723
271.2776	70.959
273.2434	71.265
275.2234	71.608
277.2178	71.851
279.2266	71.551
281.2500	70.996
283.2881	70.761
285.3409	70.743
287.4086	70.699
289.4913	70.620
291.5890	70.540
293.7020	70.433
295.8303	70.179
297.9740	69.869
300.1332	69.681
302.3081	69.594
304.4988	69.637
306.7053	69.734
308.9278	69.797
311.1664	69.899
313.4213	70.259
315.6925	70.658
317.9801	70.669
320.2843	70.500
322.6052	70.398
324.9429	70.270
327.2976	69.787
329.6693	69.191
332.0583	68.918
334.4645	68.848
336.8882	68.917
339.3294	69.011
341.7883	68.990
344.2651	68.852
346.7597	68.427
349.2725	68.047
351.8035	68.419
354.3528	68.907
356.9206	68.437
359.5070	67.584
362.1121	66.922
364.7361	66.498
367.3792	66.623
370.0413	66.967
372.7228	67.306
375.4237	67.565
378.1442	67.527
380.8844	67.399
383.6444	67.373
386.4245	67.337
389.2247	67.052
392.0451	66.729
394.8861	66.682
397.7476	66.785
400.6298	67.064
403.5329	67.319
406.4571	67.235
409.4025	67.091
412.3692	67.206
415.3574	67.356
418.3672	67.240
421.3989	67.029
424.4525	66.811
427.5283	66.636
430.6263	66.647
433.7468	66.764
436.8899	67.064
440.0558	67.326
443.2446	67.193
446.4565	66.960
449.6918	66.828
452.9504	66.767
456.2327	66.862
459.5387	67.002
462.8687	67.141
466.2229	67.268
469.6013	67.355
473.0042	67.416
476.4318	67.406
479.8842	67.277
483.3617	66.682
486.8643	66.025
490.3923	65.707
493.9459	65.467
497.5253	65.125
501.1305	64.864
504.7619	65.075
508.4196	65.267
512.1039	64.854
515.8148	64.381
519.5526	64.329
523.3175	64.465
527.1096	64.899
530.9293	65.285
534.7766	65.238
538.6518	65.131
542.5551	65.173
546.4867	65.201
550.4468	65.028
554.4355	64.911
558.4532	65.175
562.5000	65.475
566.5761	65.593
570.6818	65.728
574.8171	66.055
578.9825	66.338
583.1781	66.315
587.4040	66.170
591.6606	65.838
595.9480	65.509
600.2665	65.346
604.6163	65.232
608.9976	65.139
613.4106	64.985
617.8556	64.624
622.3329	64.312
626.8425	64.313
631.3849	64.303
635.9602	64.020
640.5686	63.713
645.2104	63.525
649.8859	63.297
654.5952	62.852
659.3387	62.374
664.1165	61.985
668.9290	61.797
673.7763	62.085
678.6588	62.301
683.5766	62.033
688.5301	61.780
693.5195	61.844
698.5450	61.780
703.6070	61.174
708.7056	60.639
713.8412	60.668
719.0140	60.883
724.2242	61.191
729.4722	61.304
734.7583	60.892
740.0827	60.480
745.4456	60.401
750.8474	60.596
756.2884	61.201
761.7687	61.712
767.2888	61.829
772.8489	61.891
778.4493	62.006
784.0903	62.064
789.7721	61.966
795.4951	61.864
801.2596	61.817
807.0659	61.691
812.9142	61.358
818.8049	60.961
824.7383	60.556
830.7147	60.367
836.7344	60.626
842.7977	60.947
848.9050	61.184
855.0565	61.310
861.2526	61.236
867.4936	61.019
873.7798	60.608
880.1116	60.251
886.4892	60.123
892.9131	60.239
899.3835	60.706
905.9008	61.204
912.4653	61.642
919.0774	62.116
925.7375	62.656
932.4457	63.100
939.2026	63.315
946.0085	63.258
952.8636	62.789
959.7685	62.220
966.7234	61.649
973.7286	61.159
980.7847	60.838
987.8918	60.712
995.0505	60.834
1002.2611	60.916
1009.5239	60.840
1016.8393	60.686
1024.2077	60.456
1031.6295	60.189
1039.1052	59.884
1046.6349	59.571
1054.2193	59.284
1061.8586	59.150
1069.5533	59.256
1077.3037	59.478
1085.1103	59.784
1092.9734	60.032
1100.8936	60.148
1108.8711	60.110
1116.9064	59.889
1125.0000	59.677
1133.1522	59.577
1141.3635	59.741
1149.6343	60.237
1157.9650	60.798
1166.3561	61.337
1174.8080	61.732
1183.3211	61.936
1191.8960	62.051
1200.5330	62.078
1209.2325	61.986
1217.9951	61.732
1226.8212	61.297
1235.7113	60.723
1244.6657	60.458
1253.6851	60.664
1262.7698	61.104
1271.9204	61.635
1281.1372	61.819
1290.4209	61.599
1299.7718	61.528
1309.1905	61.764
1318.6774	62.187
1328.2331	62.776
1337.8580	63.494
1347.5527	64.316
1357.3176	65.130
1367.1533	65.895
1377.0602	66.546
1387.0390	67.003
1397.0900	67.025
1407.2139	66.649
1417.4112	66.470
1427.6823	66.639
1438.0279	67.048
1448.4484	67.554
1458.9445	67.701
1469.5166	67.405
1480.1653	66.751
1490.8912	65.735
1501.6948	64.210
1512.5767	62.205
1523.5375	60.166
1534.5777	58.380
1545.6979	57.573
1556.8986	57.784
1568.1805	58.301
1579.5442	58.861
1590.9903	59.185
1602.5192	59.301
1614.1317	59.462
1625.8284	59.689
1637.6098	59.883
1649.4766	60.019
1661.4294	60.072
1673.4688	60.172
1685.5955	60.777
1697.8100	61.739
1710.1130	62.487
1722.5052	62.991
1734.9872	63.358
1747.5596	63.649
1760.2231	63.955
1772.9785	64.327
1785.8262	64.907
1798.7670	65.653
1811.8016	66.461
1824.9307	67.287
1838.1549	68.065
1851.4749	68.727
1864.8915	69.039
1878.4052	69.159
1892.0169	69.531
1905.7273	70.209
1919.5370	71.271
1933.4467	72.353
1947.4573	72.569
1961.5693	72.195
1975.7837	71.928
1990.1010	71.857
2004.5221	71.990
2019.0477	72.264
2033.6786	72.644
2048.4154	72.968
2063.2591	72.779
2078.2103	72.324
2093.2699	72.265
2108.4386	72.523
2123.7172	72.855
2139.1065	73.200
2154.6074	73.547
2170.2206	73.850
2185.9469	73.959
2201.7871	73.955
2217.7422	73.972
2233.8129	73.983
2250.0000	73.856
2266.3044	73.699
2282.7270	73.800
2299.2686	74.073
2315.9300	74.406
2332.7122	74.761
2349.6160	75.118
2366.6423	75.361
2383.7920	75.079
2401.0659	74.563
2418.4650	74.326
2435.9902	74.271
2453.6424	74.197
2471.4225	74.069
2489.3314	73.812
2507.3702	73.562
2525.5396	73.645
2543.8407	73.856
2562.2744	73.850
2580.8417	73.704
2599.5436	73.470
2618.3809	73.211
2637.3548	72.996
2656.4662	72.831
2675.7160	72.782
2695.1053	72.732
2714.6352	72.431
2734.3066	72.082
2754.1205	72.078
2774.0780	72.216
2794.1801	72.232
2814.4279	72.171
2834.8224	72.048
2855.3647	71.811
2876.0558	71.125
2896.8969	70.289
2917.8890	69.736
2939.0332	69.429
2960.3307	69.566
2981.7824	69.755
3003.3897	69.378
3025.1535	68.783
3047.0750	68.304
3069.1553	67.896
3091.3957	67.514
3113.7972	67.125
3136.3611	66.671
3159.0885	66.251
3181.9805	66.112
3205.0385	66.053
3228.2635	65.856
3251.6568	65.654
3275.2197	65.680
3298.9533	65.757
3322.8588	65.672
3346.9376	65.454
3371.1909	64.890
3395.6200	64.298
3420.2260	64.150
3445.0104	64.031
3469.9744	63.259
3495.1192	62.348
3520.4463	61.945
3545.9569	61.825
3571.6524	62.090
3597.5340	62.544
3623.6032	63.284
3649.8614	63.996
3676.3098	64.292
3702.9498	64.375
3729.7829	64.029
3756.8105	63.567
3784.0339	63.158
3811.4545	62.867
3839.0739	63.009
3866.8934	63.302
3894.9145	63.706
3923.1387	64.000
3951.5674	63.719
3980.2020	63.381
4009.0442	63.469
4038.0954	63.615
4067.3571	63.504
4096.8309	63.369
4126.5182	63.420
4156.4206	63.503
4186.5398	63.522
4216.8772	63.566
4247.4344	63.774
4278.2131	63.980
4309.2148	64.008
4340.4411	63.920
4371.8937	63.509
4403.5743	63.107
4435.4844	63.064
4467.6257	63.058
4500.0000	62.840
4532.6089	62.565
4565.4540	62.287
4598.5372	62.187
4631.8601	62.692
4665.4244	63.157
4699.2320	63.029
4733.2846	63.067
4767.5839	64.026
4802.1318	64.891
4836.9300	64.840
4871.9804	64.760
4907.2848	65.213
4942.8450	65.759
4978.6629	66.191
5014.7403	66.349
5051.0792	65.669
5087.6814	64.876
5124.5489	64.407
5161.6834	64.119
5199.0871	64.111
5236.7619	64.100
5274.7096	63.879
5312.9323	63.620
5351.4320	63.398
5390.2107	63.167
5429.2704	62.904
5468.6131	62.838
5508.2409	63.305
5548.1559	63.693
5588.3602	63.542
5628.8557	63.257
5669.6447	62.924
5710.7293	62.531
5752.1116	61.998
5793.7938	61.514
5835.7780	61.282
5878.0664	61.281
5920.6613	61.672
5963.5649	61.941
6006.7793	61.711
6050.3069	61.487
6094.1500	61.545
6138.3107	61.589
6182.7914	61.448
6227.5945	61.306
6272.7222	61.294
6318.1769	61.499
6363.9610	62.098
6410.0769	62.684
6456.5270	63.073
6503.3136	63.449
6550.4393	63.865
6597.9065	64.193
6645.7177	64.317
6693.8753	64.416
6742.3818	64.558
6791.2399	64.750
6840.4520	65.031
6890.0208	65.363
6939.9487	65.753
6990.2384	66.121
7040.8926	66.424
7091.9138	66.730
7143.3047	67.032
7195.0681	67.126
7247.2065	66.831
7299.7227	66.598
7352.6195	66.664
7405.8997	66.869
7459.5659	67.199
7513.6209	67.525
7568.0677	67.788
7622.9091	67.984
7678.1478	68.092
7733.7868	68.234
7789.8290	68.463
7846.2774	68.662
7903.1347	68.772
7960.4041	68.798
8018.0885	68.702
8076.1908	68.509
8134.7142	68.211
8193.6617	68.005
8253.0364	67.990
8312.8413	67.990
8373.0796	67.944
8433.7544	67.858
8494.8688	67.712
8556.4261	67.490
8618.4295	67.170
8680.8822	66.862
8743.7875	66.624
8807.1486	66.492
8870.9688	66.507
8935.2515	66.606
9000.0000	66.772
9065.2177	66.874
9130.9080	66.873
9197.0743	66.900
9263.7201	66.991
9330.8489	67.066
9398.4640	67.148
9466.5692	67.493
9535.1678	68.175
9604.2636	68.861
9673.8601	69.469
9743.9608	70.057
9814.5696	70.589
9885.6900	70.878
9957.3258	70.875
10029.4807	70.881
10102.1584	70.952
10175.3628	70.915
10249.0977	70.704
10323.3669	70.357
10398.1743	69.885
10473.5237	69.427
10549.4192	68.996
10625.8646	68.421
10702.8640	67.676
10780.4214	67.029
10858.5408	66.548
10937.2262	66.061
11016.4819	65.507
11096.3119	64.859
11176.7203	64.171
11257.7114	63.785
11339.2894	63.797
11421.4586	64.042
11504.2232	64.442
11587.5876	64.833
11671.5560	65.238
11756.1329	65.890
11841.3227	66.787
11927.1298	67.700
12013.5587	68.594
12100.6139	69.498
12188.2999	70.376
12276.6214	71.089
12365.5828	71.689
12455.1889	72.464
12545.4444	73.361
12636.3538	74.005
12727.9221	74.331
12820.1538	74.302
12913.0540	73.976
13006.6273	73.571
13100.8786	73.182
13195.8130	72.994
13291.4353	72.928
13387.7505	72.551
13484.7637	71.858
13582.4798	71.123
13680.9041	70.449
13780.0416	69.990
13879.8974	69.669
13980.4769	69.111
14081.7852	68.333
14183.8276	67.646
14286.6095	67.050
14390.1361	66.285
14494.4130	65.378
14599.4455	64.602
14705.2391	63.990
14811.7993	63.505
14919.1317	63.131
15027.2419	62.931
15136.1355	62.846
15245.8182	62.726
15356.2956	62.560
15467.5737	62.380
15579.6581	62.266
15692.5547	62.495
15806.2694	63.028
15920.8082	63.825
16036.1769	64.733
16152.3817	65.500
16269.4285	66.115
16387.3235	66.528
16506.0728	66.776
16625.6826	66.824
16746.1591	66.754
16867.5087	66.682
16989.7376	66.599
17112.8523	66.397
17236.8591	66.081
17361.7644	65.588
17487.5749	64.993
17614.2971	64.429
17741.9376	63.931
17870.5030	63.605
18000.0000	63.400
18130.4354	63.276
18261.8160	63.132
18394.1487	62.698
18527.4403	62.052
18661.6977	61.234
18796.9281	60.344
18933.1384	59.540
19070.3357	58.821
19208.5272	58.210
19347.7201	57.661
19487.9217	57.138
19629.1392	56.641
19771.3800	56.239
19914.6516	55.900
20058.9614	55.607
20204.3169	55.313
20350.7257	54.919
20498.1954	54.482
20646.7338	54.109
20796.3485	53.766
20947.0475	53.383
21098.8384	52.949
21251.7293	52.384
21405.7281	51.729
21560.8428	50.938
21717.0816	49.985
21874.4525	48.438
22032.9638	46.350
22192.6237	42.331
22353.4406	37.127
22515.4229	31.707
22678.5789	26.638
22842.9172	23.760
23008.4464	22.843
23175.1751	22.641
23343.1120	22.654
23512.2658	22.895
23682.6454	23.324
23854.2596	24.135
24027.1174	24.961
24201.2278	25.266
24376.5998	25.235
24553.2427	24.588
24731.1657	23.743
24910.3779	23.181
25090.8887	22.799
25272.7077	22.604
25455.8441	22.497
25640.3077	22.475
25826.1079	22.482
26013.2545	22.483
26201.7573	22.481
26391.6260	22.486
26582.8706	22.491
26775.5011	22.484
26969.5274	22.468
27164.9597	22.428
27361.8082	22.382
27560.0831	22.354
27759.7949	22.346
27960.9538	22.390
28163.5704	22.436
28367.6552	22.416
28573.2189	22.386
28780.2723	22.405
28988.8260	22.430
29198.8910	22.403
29410.4782	22.368
29623.5986	22.369
29838.2634	22.382
30054.4838	22.400
30272.2709	22.407
30491.6363	22.358
30712.5913	22.311
30935.1474	22.344
31159.3162	22.389
31385.1094	22.383
31612.5389	22.365
31841.6164	22.366
32072.3539	22.367
32304.7634	22.350
32538.8570	22.327
32774.6470	22.300
33012.1456	22.286
33251.3652	22.337
33492.3183	22.387
33735.0174	22.366
33979.4753	22.330
34225.7045	22.307
34473.7181	22.296
34723.5289	22.319
34975.1499	22.338
35228.5942	22.308
35483.8752	22.273
35741.0059	22.264
36000.0000	22.258
36260.8708	22.244
36523.6321	22.237
36788.2974	22.263
37054.8805	22.281
37323.3955	22.238
37593.8562	22.193
37866.2767	22.192
38140.6714	22.199
38417.0544	22.199
38695.4402	22.198
38975.8433	22.204
39258.2784	22.207
39542.7600	22.198
39829.3032	22.185
40117.9227	22.170
40408.6337	22.154
40701.4514	22.139
40996.3909	22.120
41293.4676	22.095
41592.6971	22.079
41894.0949	22.099
42197.6768	22.111
42503.4586	22.076
42811.4561	22.046
43121.6856	22.066
43434.1631	22.083
43748.9050	22.060
44065.9276	22.044
44385.2474	22.070
44706.8812	22.087
45030.8457	22.049
45357.1578	22.017
45685.8345	22.032
46016.8928	22.036
46350.3502	21.985
46686.2240	21.948
47024.5316	21.973
