# m-R_01 (rta) — REW moving-mic RTA (spatial average over the listening area), as REW serves it with display smoothing off: unit SPL, smoothing field None (a 1/48-oct RTA's native resolution; 'None' and '1/48' are the same curve), ppo 96
# REW date 2026-Jun-15 14:55:43, uuid 9239241f-a356-487c-9f88-da4b43b3924d, notes: "65536-point 1/48 octave RTA using Hann window, no smoothing and 150 averages\n\nInput RMS 91.27 dB\n90.0 dB C, 88.2 dB A\n91.2 dB 22 - 22k UNW\n39.7 dB >22k\n"
# freq_Hz	SPL_dB
4.3945	50.994
4.4264	50.986
4.4585	50.978
4.4908	50.970
4.5233	50.963
4.5561	50.955
4.5891	50.947
4.6223	50.939
4.6558	50.931
4.6896	50.923
4.7236	50.916
4.7578	50.908
4.7923	50.900
4.8270	50.892
4.8620	50.884
4.8972	50.876
4.9327	50.869
4.9684	50.861
5.0044	50.853
5.0407	50.845
5.0772	50.837
5.1140	50.829
5.1511	50.822
5.1884	50.814
5.2260	50.806
5.2639	50.798
5.3020	50.790
5.3404	50.782
5.3791	50.775
5.4181	50.767
5.4574	50.759
5.4969	50.751
5.5368	50.743
5.5769	50.735
5.6173	50.728
5.6580	50.720
5.6990	50.712
5.7403	50.704
5.7819	50.696
5.8238	50.688
5.8660	50.681
5.9085	50.678
5.9513	50.675
5.9944	50.672
6.0379	50.669
6.0816	50.666
6.1257	50.663
6.1701	50.660
6.2148	50.657
6.2598	50.654
6.3052	50.651
6.3509	50.648
6.3969	50.645
6.4433	50.642
6.4900	50.639
6.5370	50.636
6.5844	50.633
6.6321	50.630
6.6801	50.627
6.7285	50.624
6.7773	50.620
6.8264	50.617
6.8759	50.614
6.9257	50.611
6.9759	50.608
7.0264	50.605
7.0774	50.602
7.1286	50.599
7.1803	50.596
7.2323	50.593
7.2847	50.590
7.3375	50.572
7.3907	50.511
7.4442	50.449
7.4982	50.388
7.5525	50.326
7.6073	50.265
7.6624	50.204
7.7179	50.142
7.7738	50.081
7.8302	50.019
7.8869	49.958
7.9441	49.896
8.0016	49.835
8.0596	49.773
8.1180	49.712
8.1768	49.651
8.2361	49.589
8.2958	49.528
8.3559	49.466
8.4164	49.405
8.4774	49.343
8.5389	49.282
8.6007	49.220
8.6631	49.159
8.7258	49.098
8.7891	49.036
8.8528	48.989
8.9169	48.943
8.9815	48.896
9.0466	48.849
9.1122	48.803
9.1782	48.756
9.2447	48.709
9.3117	48.663
9.3792	48.616
9.4471	48.569
9.5156	48.522
9.5845	48.476
9.6540	48.429
9.7240	48.382
9.7944	48.336
9.8654	48.289
9.9369	48.242
10.0089	48.196
10.0814	48.149
10.1545	48.102
10.2281	48.055
10.3022	48.020
10.3768	47.991
10.4520	47.962
10.5278	47.933
10.6040	47.904
10.6809	47.875
10.7583	47.846
10.8362	47.817
10.9148	47.788
10.9939	47.759
11.0735	47.730
11.1538	47.701
11.2346	47.672
11.3160	47.643
11.3980	47.614
11.4806	47.585
11.5638	47.556
11.6476	47.527
11.7320	47.512
11.8170	47.569
11.9026	47.626
11.9889	47.683
12.0758	47.740
12.1633	47.797
12.2514	47.855
12.3402	47.912
12.4296	47.969
12.5197	48.026
12.6104	48.083
12.7018	48.140
12.7938	48.197
12.8865	48.255
12.9799	48.312
13.0740	48.369
13.1687	48.426
13.2641	48.430
13.3603	48.424
13.4571	48.418
13.5546	48.413
13.6528	48.407
13.7517	48.401
13.8514	48.395
13.9518	48.389
14.0529	48.383
14.1547	48.378
14.2573	48.372
14.3606	48.366
14.4646	48.360
14.5695	48.354
14.6750	48.318
14.7814	48.190
14.8885	48.062
14.9964	47.934
15.1051	47.806
15.2145	47.678
15.3248	47.550
15.4358	47.422
15.5477	47.294
15.6603	47.166
15.7738	47.038
15.8881	46.910
16.0032	46.782
16.1192	46.648
16.2360	46.410
16.3537	46.172
16.4722	45.934
16.5915	45.696
16.7118	45.458
16.8329	45.220
16.9548	44.982
17.0777	44.744
17.2015	44.506
17.3261	44.268
17.4517	44.030
17.5781	43.792
17.7055	43.738
17.8338	43.685
17.9630	43.631
18.0932	43.577
18.2243	43.523
18.3564	43.470
18.4894	43.416
18.6234	43.362
18.7583	43.308
18.8943	43.254
19.0312	43.201
19.1691	43.296
19.3080	43.405
19.4479	43.514
19.5888	43.623
19.7308	43.733
19.8738	43.842
20.0178	43.951
20.1628	44.060
20.3089	44.169
20.4561	44.278
20.6043	44.408
20.7536	44.549
20.9040	44.690
21.0555	44.831
21.2081	44.972
21.3618	45.113
21.5166	45.254
21.6725	45.395
21.8295	45.536
21.9877	45.661
22.1470	45.632
22.3075	45.603
22.4692	45.575
22.6320	45.546
22.7960	45.518
22.9612	45.489
23.1276	45.460
23.2952	45.432
23.4640	45.416
23.6340	45.469
23.8053	45.522
23.9778	45.575
24.1515	45.627
24.3265	45.680
24.5028	45.733
24.6804	45.786
24.8592	45.839
25.0394	46.126
25.2208	46.488
25.4036	46.850
25.5877	47.212
25.7731	47.574
25.9598	47.935
26.1480	48.297
26.3374	48.659
26.5283	48.840
26.7205	48.988
26.9141	49.136
27.1092	49.283
27.3056	49.431
27.5035	49.579
27.7028	49.727
27.9035	49.767
28.1057	49.613
28.3094	49.459
28.5145	49.305
28.7212	49.151
28.9293	48.996
29.1389	48.842
29.3501	48.684
29.5628	48.512
29.7770	48.341
29.9928	48.170
30.2101	47.998
30.4290	47.827
30.6495	47.656
30.8716	47.525
31.0953	47.437
31.3207	47.349
31.5476	47.261
31.7762	47.173
32.0065	47.085
32.2384	47.006
32.4720	47.105
32.7073	47.204
32.9444	47.303
33.1831	47.402
33.4235	47.501
33.6657	47.599
33.9097	47.328
34.1554	47.013
34.4029	46.699
34.6522	46.384
34.9033	46.069
35.1562	45.754
35.4110	45.673
35.6676	45.593
35.9261	45.512
36.1864	45.431
36.4486	45.350
36.7128	45.337
36.9788	45.452
37.2467	45.567
37.5167	45.681
37.7885	45.796
38.0623	45.911
38.3382	46.496
38.6160	47.125
38.8958	47.754
39.1777	48.383
39.4616	49.012
39.7475	49.730
40.0355	50.488
40.3257	51.246
40.6179	52.004
40.9122	52.761
41.2087	52.933
41.5073	52.790
41.8081	52.646
42.1110	52.503
42.4162	52.359
42.7235	52.359
43.0331	52.396
43.3450	52.434
43.6591	52.471
43.9754	52.480
44.2941	52.212
44.6151	51.944
44.9384	51.677
45.2640	51.409
45.5920	51.307
45.9224	51.338
46.2552	51.370
46.5904	51.401
46.9280	51.526
47.2680	52.153
47.6105	52.779
47.9556	53.406
48.3031	54.033
48.6531	53.738
49.0056	53.333
49.3608	52.929
49.7184	52.525
50.0787	52.285
50.4416	52.097
50.8071	51.909
51.1753	51.720
51.5461	52.018
51.9197	52.482
52.2959	52.946
52.6749	53.409
53.0566	53.082
53.4410	52.608
53.8283	52.133
54.2183	51.672
54.6112	51.454
55.0070	51.236
55.4056	51.018
55.8071	50.643
56.2115	49.985
56.6188	49.326
57.0291	48.667
57.4423	47.706
57.8586	46.647
58.2779	45.589
58.7002	44.832
59.1255	44.977
59.5540	45.121
59.9855	45.266
60.4202	45.192
60.8580	45.073
61.2990	44.955
61.7432	44.781
62.1907	44.551
62.6413	44.320
63.0952	44.089
63.5525	43.852
64.0130	43.616
64.4768	43.372
64.9441	42.978
65.4147	42.584
65.8887	42.190
66.3662	42.222
66.8471	42.282
67.3315	42.342
67.8194	42.170
68.3108	41.970
68.8058	41.770
69.3044	41.828
69.8067	41.911
70.3125	41.994
70.8220	42.380
71.3352	42.766
71.8521	43.139
72.3728	43.433
72.8973	43.727
73.4255	44.154
73.9576	44.830
74.4935	45.507
75.0333	45.539
75.5770	45.148
76.1247	44.757
76.6763	44.097
77.2320	43.412
77.7916	42.968
78.3553	43.156
78.9231	43.344
79.4950	42.924
80.0711	42.228
80.6513	41.531
81.2357	40.831
81.8244	40.132
82.4173	39.455
83.0146	38.790
83.6161	38.307
84.2220	38.552
84.8323	38.797
85.4471	39.267
86.0663	39.797
86.6899	40.164
87.3181	40.310
87.9509	40.519
88.5882	41.337
89.2301	42.156
89.8767	42.188
90.5280	42.030
91.1840	41.578
91.8448	40.890
92.5103	40.751
93.1807	41.692
93.8559	42.501
94.5360	42.593
95.2211	42.681
95.9111	42.232
96.6061	41.783
97.3062	42.124
98.0113	42.558
98.7215	45.064
99.4369	48.050
100.1575	48.639
100.8832	48.471
101.6143	47.843
102.3506	47.053
103.0923	46.646
103.8393	46.371
104.5918	46.737
105.3497	47.284
106.1131	47.538
106.8821	47.737
107.6566	48.059
108.4367	48.395
109.2225	48.832
110.0139	49.304
110.8112	49.925
111.6141	50.474
112.4229	50.893
113.2376	51.157
114.0582	51.291
114.8847	51.970
115.7172	52.823
116.5557	53.700
117.4003	54.327
118.2511	54.209
119.1080	54.524
119.9711	55.222
120.8404	55.873
121.7161	56.522
122.5981	57.220
123.4865	57.737
124.3813	58.069
125.2826	58.271
126.1905	58.484
127.1049	58.806
128.0260	59.129
128.9537	59.458
129.8881	59.912
130.8294	60.489
131.7774	61.196
132.7323	61.184
133.6942	61.333
134.6630	61.784
135.6388	62.525
136.6217	63.223
137.6117	63.802
138.6089	63.669
139.6133	63.662
140.6250	63.886
141.6440	63.844
142.6704	64.457
143.7043	65.503
144.7456	66.116
145.7945	66.124
146.8510	65.829
147.9151	65.363
148.9870	65.175
150.0666	65.959
151.1541	67.124
152.2494	67.545
153.3526	67.383
154.4639	67.129
155.5832	66.879
156.7106	66.711
157.8462	67.173
158.9900	67.439
160.1422	67.729
161.3026	68.089
162.4715	67.848
163.6488	68.093
164.8347	68.805
166.0291	69.112
167.2323	68.775
168.4441	69.337
169.6647	69.490
170.8942	68.857
172.1325	68.224
173.3799	67.930
174.6363	67.938
175.9017	68.038
177.1764	68.177
178.4603	67.913
179.7535	67.431
181.0561	67.796
182.3681	68.530
183.6896	69.100
185.0207	69.473
186.3614	69.654
187.7119	69.673
189.0721	70.222
190.4422	70.047
191.8222	71.370
193.2122	72.354
194.6123	71.870
196.0226	71.683
197.4430	72.235
198.8738	71.876
200.3149	71.452
201.7665	72.302
203.2286	72.746
204.7012	72.899
206.1846	72.587
207.6787	71.907
209.1836	71.712
210.6994	71.888
212.2262	72.041
213.7641	72.178
215.3131	72.327
216.8734	72.485
218.4450	72.817
220.0279	73.271
221.6223	73.109
223.2283	72.527
224.8459	72.150
226.4752	71.909
228.1163	71.187
229.7694	70.156
231.4344	69.567
233.1114	69.254
234.8007	69.031
236.5021	68.864
238.2159	68.628
239.9421	68.353
241.6808	67.873
243.4322	67.275
245.1962	66.638
246.9730	65.979
248.7626	66.448
250.5653	67.526
252.3810	67.503
254.2098	66.901
256.0519	66.380
257.9074	65.899
259.7763	65.623
261.6587	65.449
263.5548	65.682
265.4647	66.111
267.3883	66.027
269.3259	65.705
271.2776	65.603
273.2434	65.601
275.2234	65.543
277.2178	65.460
279.2266	65.971
281.2500	66.730
283.2881	66.777
285.3409	66.533
287.4086	66.347
289.4913	66.184
291.5890	65.800
293.7020	65.332
295.8303	65.098
297.9740	64.949
300.1332	64.964
302.3081	65.036
304.4988	65.355
306.7053	65.759
308.9278	65.478
311.1664	64.972
313.4213	64.642
315.6925	64.368
317.9801	64.318
320.2843	64.336
322.6052	64.230
324.9429	64.088
327.2976	63.968
329.6693	63.854
332.0583	63.830
334.4645	63.830
336.8882	63.775
339.3294	63.705
341.7883	63.707
344.2651	63.727
346.7597	64.353
349.2725	65.125
351.8035	64.944
354.3528	64.543
356.9206	64.381
359.5070	64.271
362.1121	64.843
364.7361	65.558
367.3792	65.841
370.0413	66.038
372.7228	66.196
375.4237	66.347
378.1442	65.731
380.8844	64.977
383.6444	65.370
386.4245	65.959
389.2247	65.901
392.0451	65.739
394.8861	65.631
397.7476	65.531
400.6298	65.534
403.5329	65.552
406.4571	65.292
409.4025	64.995
412.3692	64.701
415.3574	64.407
418.3672	65.120
421.3989	65.951
424.4525	65.702
427.5283	65.337
430.6263	65.532
433.7468	65.784
436.8899	65.791
440.0558	65.776
443.2446	66.294
446.4565	66.856
449.6918	66.581
452.9504	66.243
456.2327	65.712
459.5387	65.168
462.8687	65.571
466.2229	66.031
469.6013	66.106
473.0042	66.161
476.4318	65.720
479.8842	65.258
483.3617	64.289
486.8643	63.301
490.3923	63.469
493.9459	63.671
497.5253	63.622
501.1305	63.568
504.7619	63.492
508.4196	63.416
512.1039	63.129
515.8148	62.841
519.5526	62.573
523.3175	62.305
527.1096	62.041
530.9293	61.785
534.7766	62.102
538.6518	62.400
542.5551	61.658
546.4867	60.918
550.4468	60.274
554.4355	59.633
558.4532	59.105
562.5000	58.607
566.5761	58.837
570.6818	59.087
574.8171	59.771
578.9825	60.418
583.1781	60.418
587.4040	60.411
591.6606	60.304
595.9480	60.166
600.2665	59.586
604.6163	58.963
608.9976	57.802
613.4106	56.647
617.8556	55.564
622.3329	54.531
626.8425	54.010
631.3849	53.560
635.9602	53.786
640.5686	54.050
645.2104	54.645
649.8859	55.163
654.5952	55.034
659.3387	54.822
664.1165	53.967
668.9290	53.131
673.7763	52.440
678.6588	51.899
683.5766	52.383
688.5301	52.896
693.5195	53.595
698.5450	54.406
703.6070	55.894
708.7056	57.216
713.8412	57.592
719.0140	57.962
724.2242	58.299
729.4722	58.560
734.7583	58.421
740.0827	58.332
745.4456	58.487
750.8474	58.820
756.2884	59.991
761.7687	61.180
767.2888	62.455
772.8489	63.569
778.4493	63.997
784.0903	64.308
789.7721	64.142
795.4951	63.851
801.2596	63.076
807.0659	62.411
812.9142	62.159
818.8049	61.894
824.7383	61.581
830.7147	61.361
836.7344	61.470
842.7977	61.497
848.9050	61.254
855.0565	60.915
861.2526	60.270
867.4936	59.527
873.7798	58.478
880.1116	57.622
886.4892	57.341
892.9131	57.307
899.3835	57.987
905.9008	58.502
912.4653	58.558
919.0774	58.591
925.7375	58.557
932.4457	58.724
939.2026	59.412
946.0085	59.931
952.8636	60.025
959.7685	59.854
966.7234	59.045
973.7286	58.181
980.7847	57.188
987.8918	56.198
995.0505	55.213
1002.2611	54.487
1009.5239	54.328
1016.8393	54.247
1024.2077	54.335
1031.6295	54.513
1039.1052	54.880
1046.6349	55.269
1054.2193	55.701
1061.8586	55.964
1069.5533	55.899
1077.3037	55.867
1085.1103	55.896
1092.9734	55.606
1100.8936	54.733
1108.8711	53.762
1116.9064	52.618
1125.0000	52.190
1133.1522	52.996
1141.3635	53.738
1149.6343	54.373
1157.9650	54.934
1166.3561	55.377
1174.8080	56.242
1183.3211	57.776
1191.8960	59.050
1200.5330	59.929
1209.2325	60.613
1217.9951	61.009
1226.8212	61.248
1235.7113	61.257
1244.6657	61.391
1253.6851	61.700
1262.7698	62.031
1271.9204	62.391
1281.1372	62.388
1290.4209	61.900
1299.7718	61.547
1309.1905	61.366
1318.6774	61.520
1328.2331	62.094
1337.8580	62.523
1347.5527	62.773
1357.3176	63.190
1367.1533	63.804
1377.0602	64.605
1387.0390	65.622
1397.0900	66.147
1407.2139	66.117
1417.4112	65.976
1427.6823	65.712
1438.0279	65.046
1448.4484	63.952
1458.9445	62.907
1469.5166	61.913
1480.1653	61.206
1490.8912	60.788
1501.6948	60.982
1512.5767	61.778
1523.5375	62.241
1534.5777	62.386
1545.6979	62.244
1556.8986	61.836
1568.1805	61.246
1579.5442	60.493
1590.9903	59.467
1602.5192	58.201
1614.1317	57.363
1625.8284	56.892
1637.6098	57.825
1649.4766	59.929
1661.4294	61.438
1673.4688	62.465
1685.5955	62.525
1697.8100	61.824
1710.1130	61.231
1722.5052	60.721
1734.9872	60.207
1747.5596	59.689
1760.2231	58.811
1772.9785	57.671
1785.8262	57.132
1798.7670	57.015
1811.8016	57.216
1824.9307	57.635
1838.1549	58.171
1851.4749	58.787
1864.8915	59.236
1878.4052	59.576
1892.0169	59.750
1905.7273	59.820
1919.5370	60.487
1933.4467	61.518
1947.4573	62.310
1961.5693	62.959
1975.7837	63.652
1990.1010	64.371
2004.5221	64.761
2019.0477	64.967
2033.6786	64.812
2048.4154	64.460
2063.2591	64.192
2078.2103	63.968
2093.2699	63.386
2108.4386	62.620
2123.7172	61.953
2139.1065	61.336
2154.6074	61.377
2170.2206	61.735
2185.9469	62.481
2201.7871	63.406
2217.7422	64.374
2233.8129	65.361
2250.0000	65.367
2266.3044	64.944
2282.7270	64.811
2299.2686	64.802
2315.9300	65.089
2332.7122	65.497
2349.6160	66.084
2366.6423	66.740
2383.7920	67.697
2401.0659	68.768
2418.4650	69.075
2435.9902	69.099
2453.6424	68.080
2471.4225	66.689
2489.3314	64.867
2507.3702	62.896
2525.5396	62.478
2543.8407	62.576
2562.2744	62.646
2580.8417	62.707
2599.5436	62.629
2618.3809	62.509
2637.3548	62.269
2656.4662	61.994
2675.7160	62.606
2695.1053	63.472
2714.6352	64.429
2734.3066	65.411
2754.1205	65.708
2774.0780	65.825
2794.1801	65.590
2814.4279	65.267
2834.8224	64.874
2855.3647	64.464
2876.0558	64.466
2896.8969	64.563
2917.8890	64.308
2939.0332	63.977
2960.3307	64.578
2981.7824	65.375
3003.3897	65.167
3025.1535	64.757
3047.0750	64.593
3069.1553	64.476
3091.3957	63.896
3113.7972	63.232
3136.3611	64.049
3159.0885	65.121
3181.9805	65.463
3205.0385	65.687
3228.2635	65.203
3251.6568	64.611
3275.2197	65.358
3298.9533	66.297
3322.8588	66.184
3346.9376	65.929
3371.1909	65.423
3395.6200	64.885
3420.2260	64.825
3445.0104	64.822
3469.9744	66.150
3495.1192	67.623
3520.4463	66.893
3545.9569	65.940
3571.6524	64.840
3597.5340	63.725
3623.6032	64.241
3649.8614	64.894
3676.3098	64.677
3702.9498	64.394
3729.7829	64.603
3756.8105	64.846
3784.0339	64.906
3811.4545	64.954
3839.0739	64.559
3866.8934	64.139
3894.9145	64.258
3923.1387	64.401
3951.5674	64.187
3980.2020	63.960
4009.0442	63.416
4038.0954	62.861
4067.3571	62.021
4096.8309	61.173
4126.5182	60.703
4156.4206	60.238
4186.5398	61.917
4216.8772	63.616
4247.4344	64.623
4278.2131	65.625
4309.2148	65.916
4340.4411	66.196
4371.8937	65.559
4403.5743	64.914
4435.4844	63.806
4467.6257	62.716
4500.0000	62.354
4532.6089	61.993
4565.4540	61.679
4598.5372	61.351
4631.8601	60.674
4665.4244	60.054
4699.2320	60.650
4733.2846	61.226
4767.5839	61.446
4802.1318	61.700
4836.9300	62.500
4871.9804	63.211
4907.2848	62.667
4942.8450	62.121
4978.6629	61.536
5014.7403	61.042
5051.0792	61.612
5087.6814	62.129
5124.5489	62.088
5161.6834	62.033
5199.0871	61.846
5236.7619	61.698
5274.7096	61.906
5312.9323	62.090
5351.4320	62.075
5390.2107	62.106
5429.2704	62.496
5468.6131	62.849
5508.2409	62.929
5548.1559	62.973
5588.3602	62.777
5628.8557	62.593
5669.6447	62.487
5710.7293	62.390
5752.1116	62.343
5793.7938	62.275
5835.7780	62.079
5878.0664	61.954
5920.6613	62.215
5963.5649	62.349
6006.7793	61.819
6050.3069	61.275
6094.1500	60.656
6138.3107	60.129
6182.7914	60.028
6227.5945	59.964
6272.7222	60.067
6318.1769	60.164
6363.9610	60.241
6410.0769	60.455
6456.5270	61.233
6503.3136	61.923
6550.4393	62.262
6597.9065	62.575
6645.7177	62.793
6693.8753	63.122
6742.3818	63.856
6791.2399	64.413
6840.4520	64.353
6890.0208	64.410
6939.9487	64.859
6990.2384	65.217
7040.8926	65.283
7091.9138	65.475
7143.3047	66.056
7195.0681	66.645
7247.2065	67.257
7299.7227	67.763
7352.6195	67.965
7405.8997	68.199
7459.5659	68.522
7513.6209	68.698
7568.0677	68.479
7622.9091	68.362
7678.1478	68.514
7733.7868	68.574
7789.8290	68.403
7846.2774	68.167
7903.1347	67.770
7960.4041	67.398
8018.0885	67.087
8076.1908	66.818
8134.7142	66.646
8193.6617	66.483
8253.0364	66.339
8312.8413	66.253
8373.0796	66.294
8433.7544	66.319
8494.8688	66.313
8556.4261	66.283
8618.4295	66.203
8680.8822	66.153
8743.7875	66.162
8807.1486	66.115
8870.9688	65.962
8935.2515	66.002
9000.0000	66.398
9065.2177	66.645
9130.9080	66.628
9197.0743	66.760
9263.7201	67.149
9330.8489	67.588
9398.4640	68.111
9466.5692	68.639
9535.1678	69.177
9604.2636	69.653
9673.8601	70.033
9743.9608	70.456
9814.5696	70.944
9885.6900	71.315
9957.3258	71.511
10029.4807	71.624
10102.1584	71.617
10175.3628	71.338
10249.0977	70.676
10323.3669	70.012
10398.1743	69.347
10473.5237	68.800
10549.4192	68.410
10625.8646	67.991
10702.8640	67.534
10780.4214	67.056
10858.5408	66.551
10937.2262	66.284
11016.4819	66.308
11096.3119	66.075
11176.7203	65.534
11257.7114	64.977
11339.2894	64.402
11421.4586	64.140
11504.2232	64.233
11587.5876	64.429
11671.5560	64.738
11756.1329	65.089
11841.3227	65.484
11927.1298	66.051
12013.5587	66.797
12100.6139	67.522
12188.2999	68.224
12276.6214	68.916
12365.5828	69.598
12455.1889	70.089
12545.4444	70.395
12636.3538	70.669
12727.9221	70.912
12820.1538	71.098
12913.0540	71.232
13006.6273	71.221
13100.8786	71.082
13195.8130	70.778
13291.4353	70.335
13387.7505	69.993
13484.7637	69.735
13582.4798	69.272
13680.9041	68.642
13780.0416	68.067
13879.8974	67.537
13980.4769	66.886
14081.7852	66.142
14183.8276	65.432
14286.6095	64.747
14390.1361	64.150
14494.4130	63.617
14599.4455	63.192
14705.2391	62.843
14811.7993	62.449
14919.1317	62.024
15027.2419	62.040
15136.1355	62.352
15245.8182	62.458
15356.2956	62.430
15467.5737	62.400
15579.6581	62.368
15692.5547	62.572
15806.2694	62.920
15920.8082	63.252
16036.1769	63.574
16152.3817	64.006
16269.4285	64.502
16387.3235	64.965
16506.0728	65.411
16625.6826	65.749
16746.1591	66.029
16867.5087	66.585
16989.7376	67.286
17112.8523	67.976
17236.8591	68.660
17361.7644	69.150
17487.5749	69.544
17614.2971	69.750
17741.9376	69.865
17870.5030	69.452
18000.0000	68.793
18130.4354	68.029
18261.8160	67.217
18394.1487	66.321
18527.4403	65.387
18661.6977	64.467
18796.9281	63.553
18933.1384	62.852
19070.3357	62.239
19208.5272	61.229
19347.7201	60.061
19487.9217	59.177
19629.1392	58.403
19771.3800	58.172
19914.6516	58.142
20058.9614	57.966
20204.3169	57.736
20350.7257	57.464
20498.1954	57.177
20646.7338	56.653
20796.3485	56.050
20947.0475	55.509
21098.8384	54.988
21251.7293	54.149
21405.7281	53.211
21560.8428	52.120
21717.0816	50.985
21874.4525	49.317
22032.9638	47.497
22192.6237	42.087
22353.4406	35.688
22515.4229	30.105
22678.5789	24.737
22842.9172	23.320
23008.4464	22.903
23175.1751	22.718
23343.1120	22.589
23512.2658	22.695
23682.6454	22.856
23854.2596	22.930
24027.1174	22.985
24201.2278	22.939
24376.5998	22.871
24553.2427	22.753
24731.1657	22.626
24910.3779	22.602
25090.8887	22.599
25272.7077	22.606
25455.8441	22.616
25640.3077	22.583
25826.1079	22.543
26013.2545	22.524
26201.7573	22.509
26391.6260	22.517
26582.8706	22.528
26775.5011	22.466
26969.5274	22.393
27164.9597	22.395
27361.8082	22.408
27560.0831	22.439
27759.7949	22.473
27960.9538	22.514
28163.5704	22.555
28367.6552	22.502
28573.2189	22.439
28780.2723	22.458
28988.8260	22.485
29198.8910	22.476
29410.4782	22.464
29623.5986	22.384
29838.2634	22.298
30054.4838	22.334
30272.2709	22.380
30491.6363	22.419
30712.5913	22.458
30935.1474	22.423
31159.3162	22.384
31385.1094	22.409
31612.5389	22.438
31841.6164	22.397
32072.3539	22.353
32304.7634	22.354
32538.8570	22.357
32774.6470	22.358
33012.1456	22.358
33251.3652	22.344
33492.3183	22.330
33735.0174	22.291
33979.4753	22.251
34225.7045	22.265
34473.7181	22.280
34723.5289	22.255
34975.1499	22.230
35228.5942	22.291
35483.8752	22.352
35741.0059	22.339
36000.0000	22.325
36260.8708	22.288
36523.6321	22.251
36788.2974	22.220
37054.8805	22.191
37323.3955	22.206
37593.8562	22.222
37866.2767	22.259
38140.6714	22.293
38417.0544	22.251
38695.4402	22.210
38975.8433	22.206
39258.2784	22.204
39542.7600	22.230
39829.3032	22.250
40117.9227	22.162
40408.6337	22.086
40701.4514	22.157
40996.3909	22.222
41293.4676	22.220
41592.6971	22.216
41894.0949	22.196
42197.6768	22.175
42503.4586	22.147
42811.4561	22.115
43121.6856	22.043
43434.1631	21.987
43748.9050	22.063
44065.9276	22.130
44385.2474	22.131
44706.8812	22.129
45030.8457	22.098
45357.1578	22.066
45685.8345	22.030
46016.8928	21.994
46350.3502	21.961
46686.2240	21.930
47024.5316	21.913
