# tw-L_01 (rta) — REW moving-mic RTA (spatial average over the listening area), as REW serves it with display smoothing off: unit SPL, smoothing field None (a 1/48-oct RTA's native resolution; 'None' and '1/48' are the same curve), ppo 96
# REW date 2026-Jun-15 14:56:08, uuid 38612a34-f26e-40af-9a87-aee1934236b6, notes: "65536-point 1/48 octave RTA using Hann window, no smoothing and 150 averages\n\nInput RMS 90.75 dB\n89.1 dB C, 90.6 dB A\n90.7 dB 22 - 22k UNW\n40.0 dB >22k\n"
# freq_Hz	SPL_dB
4.3945	50.760
4.4264	50.751
4.4585	50.741
4.4908	50.731
4.5233	50.721
4.5561	50.711
4.5891	50.701
4.6223	50.691
4.6558	50.681
4.6896	50.671
4.7236	50.661
4.7578	50.652
4.7923	50.642
4.8270	50.632
4.8620	50.622
4.8972	50.612
4.9327	50.602
4.9684	50.592
5.0044	50.582
5.0407	50.572
5.0772	50.563
5.1140	50.553
5.1511	50.543
5.1884	50.533
5.2260	50.523
5.2639	50.513
5.3020	50.503
5.3404	50.493
5.3791	50.483
5.4181	50.473
5.4574	50.464
5.4969	50.454
5.5368	50.444
5.5769	50.434
5.6173	50.424
5.6580	50.414
5.6990	50.404
5.7403	50.394
5.7819	50.384
5.8238	50.375
5.8660	50.357
5.9085	50.298
5.9513	50.239
5.9944	50.180
6.0379	50.121
6.0816	50.063
6.1257	50.004
6.1701	49.945
6.2148	49.886
6.2598	49.827
6.3052	49.768
6.3509	49.709
6.3969	49.650
6.4433	49.592
6.4900	49.533
6.5370	49.474
6.5844	49.415
6.6321	49.356
6.6801	49.297
6.7285	49.238
6.7773	49.179
6.8264	49.121
6.8759	49.062
6.9257	49.003
6.9759	48.944
7.0264	48.885
7.0774	48.826
7.1286	48.767
7.1803	48.708
7.2323	48.650
7.2847	48.591
7.3375	48.542
7.3907	48.526
7.4442	48.509
7.4982	48.492
7.5525	48.475
7.6073	48.458
7.6624	48.442
7.7179	48.425
7.7738	48.408
7.8302	48.391
7.8869	48.375
7.9441	48.358
8.0016	48.341
8.0596	48.324
8.1180	48.307
8.1768	48.291
8.2361	48.274
8.2958	48.257
8.3559	48.240
8.4164	48.223
8.4774	48.207
8.5389	48.190
8.6007	48.173
8.6631	48.156
8.7258	48.140
8.7891	48.123
8.8528	48.079
8.9169	48.034
8.9815	47.990
9.0466	47.946
9.1122	47.902
9.1782	47.858
9.2447	47.813
9.3117	47.769
9.3792	47.725
9.4471	47.681
9.5156	47.637
9.5845	47.593
9.6540	47.548
9.7240	47.504
9.7944	47.460
9.8654	47.416
9.9369	47.372
10.0089	47.327
10.0814	47.283
10.1545	47.239
10.2281	47.195
10.3022	47.155
10.3768	47.117
10.4520	47.079
10.5278	47.041
10.6040	47.003
10.6809	46.965
10.7583	46.926
10.8362	46.888
10.9148	46.850
10.9939	46.812
11.0735	46.774
11.1538	46.736
11.2346	46.698
11.3160	46.660
11.3980	46.622
11.4806	46.584
11.5638	46.546
11.6476	46.508
11.7320	46.468
11.8170	46.415
11.9026	46.363
11.9889	46.310
12.0758	46.258
12.1633	46.205
12.2514	46.153
12.3402	46.100
12.4296	46.048
12.5197	45.995
12.6104	45.943
12.7018	45.890
12.7938	45.838
12.8865	45.785
12.9799	45.733
13.0740	45.680
13.1687	45.628
13.2641	45.591
13.3603	45.557
13.4571	45.523
13.5546	45.489
13.6528	45.455
13.7517	45.421
13.8514	45.387
13.9518	45.353
14.0529	45.319
14.1547	45.285
14.2573	45.251
14.3606	45.217
14.4646	45.184
14.5695	45.150
14.6750	45.121
14.7814	45.107
14.8885	45.093
14.9964	45.079
15.1051	45.065
15.2145	45.052
15.3248	45.038
15.4358	45.024
15.5477	45.010
15.6603	44.996
15.7738	44.982
15.8881	44.969
16.0032	44.955
16.1192	44.937
16.2360	44.852
16.3537	44.767
16.4722	44.682
16.5915	44.596
16.7118	44.511
16.8329	44.426
16.9548	44.341
17.0777	44.256
17.2015	44.171
17.3261	44.085
17.4517	44.000
17.5781	43.915
17.7055	43.822
17.8338	43.729
17.9630	43.635
18.0932	43.542
18.2243	43.449
18.3564	43.356
18.4894	43.262
18.6234	43.169
18.7583	43.076
18.8943	42.983
19.0312	42.889
19.1691	42.884
19.3080	42.888
19.4479	42.891
19.5888	42.895
19.7308	42.898
19.8738	42.901
20.0178	42.905
20.1628	42.908
20.3089	42.911
20.4561	42.915
20.6043	42.989
20.7536	43.102
20.9040	43.215
21.0555	43.327
21.2081	43.440
21.3618	43.552
21.5166	43.665
21.6725	43.778
21.8295	43.890
21.9877	44.017
22.1470	44.277
22.3075	44.536
22.4692	44.796
22.6320	45.056
22.7960	45.315
22.9612	45.575
23.1276	45.835
23.2952	46.094
23.4640	46.342
23.6340	46.528
23.8053	46.714
23.9778	46.900
24.1515	47.086
24.3265	47.272
24.5028	47.458
24.6804	47.643
24.8592	47.829
25.0394	47.968
25.2208	48.091
25.4036	48.214
25.5877	48.337
25.7731	48.461
25.9598	48.584
26.1480	48.707
26.3374	48.830
26.5283	48.662
26.7205	48.440
26.9141	48.217
27.1092	47.995
27.3056	47.772
27.5035	47.550
27.7028	47.328
27.9035	47.150
28.1057	47.053
28.3094	46.957
28.5145	46.860
28.7212	46.764
28.9293	46.668
29.1389	46.571
29.3501	46.504
29.5628	46.524
29.7770	46.544
29.9928	46.564
30.2101	46.584
30.4290	46.605
30.6495	46.625
30.8716	46.548
31.0953	46.373
31.3207	46.197
31.5476	46.022
31.7762	45.846
32.0065	45.671
32.2384	45.492
32.4720	45.249
32.7073	45.007
32.9444	44.765
33.1831	44.522
33.4235	44.280
33.6657	44.037
33.9097	44.014
34.1554	44.017
34.4029	44.020
34.6522	44.023
34.9033	44.026
35.1562	44.029
35.4110	44.108
35.6676	44.188
35.9261	44.268
36.1864	44.347
36.4486	44.427
36.7128	44.521
36.9788	44.643
37.2467	44.765
37.5167	44.887
37.7885	45.008
38.0623	45.130
38.3382	45.474
38.6160	45.838
38.8958	46.202
39.1777	46.566
39.4616	46.930
39.7475	47.147
40.0355	47.296
40.3257	47.445
40.6179	47.594
40.9122	47.743
41.2087	47.891
41.5073	48.039
41.8081	48.187
42.1110	48.334
42.4162	48.482
42.7235	48.850
43.0331	49.277
43.3450	49.704
43.6591	50.131
43.9754	50.522
44.2941	50.580
44.6151	50.638
44.9384	50.696
45.2640	50.754
45.5920	50.785
45.9224	50.795
46.2552	50.804
46.5904	50.814
46.9280	50.813
47.2680	50.757
47.6105	50.701
47.9556	50.644
48.3031	50.588
48.6531	50.195
49.0056	49.763
49.3608	49.330
49.7184	48.898
50.0787	48.612
50.4416	48.373
50.8071	48.133
51.1753	47.894
51.5461	48.235
51.9197	48.774
52.2959	49.314
52.6749	49.853
53.0566	50.205
53.4410	50.522
53.8283	50.839
54.2183	51.110
54.6112	50.490
55.0070	49.870
55.4056	49.250
55.8071	48.441
56.2115	47.288
56.6188	46.134
57.0291	44.981
57.4423	44.457
57.8586	44.134
58.2779	43.811
58.7002	43.611
59.1255	43.777
59.5540	43.943
59.9855	44.109
60.4202	43.692
60.8580	43.157
61.2990	42.621
61.7432	42.145
62.1907	41.729
62.6413	41.313
63.0952	40.970
63.5525	40.865
64.0130	40.760
64.4768	40.621
64.9441	39.832
65.4147	39.044
65.8887	38.255
66.3662	38.014
66.8471	37.808
67.3315	37.602
67.8194	37.788
68.3108	38.021
68.8058	38.254
69.3044	38.813
69.8067	39.402
70.3125	39.991
70.8220	39.987
71.3352	39.982
71.8521	40.036
72.3728	40.437
72.8973	40.837
73.4255	41.316
73.9576	41.940
74.4935	42.565
75.0333	42.798
75.5770	42.774
76.1247	42.751
76.6763	41.760
77.2320	40.678
77.7916	39.723
78.3553	39.102
78.9231	38.480
79.4950	38.275
80.0711	38.259
80.6513	38.206
81.2357	37.933
81.8244	37.661
82.4173	37.398
83.0146	37.142
83.6161	36.901
84.2220	36.723
84.8323	36.544
85.4471	35.996
86.0663	35.350
86.6899	35.161
87.3181	35.597
87.9509	36.009
88.5882	36.186
89.2301	36.363
89.8767	37.028
90.5280	37.810
91.1840	38.597
91.8448	39.387
92.5103	39.857
93.1807	39.699
93.8559	39.530
94.5360	39.308
95.2211	39.085
95.9111	38.760
96.6061	38.435
97.3062	39.787
98.0113	41.337
98.7215	44.433
99.4369	47.886
100.1575	47.888
100.8832	46.800
101.6143	44.167
102.3506	40.985
103.0923	40.226
103.8393	40.296
104.5918	39.908
105.3497	39.392
106.1131	38.717
106.8821	38.011
107.6566	38.514
108.4367	39.043
109.2225	38.402
110.0139	37.927
110.8112	38.158
111.6141	38.177
112.4229	37.810
113.2376	37.168
114.0582	36.295
114.8847	35.751
115.7172	35.313
116.5557	35.830
117.4003	36.415
118.2511	37.182
119.1080	37.845
119.9711	38.416
120.8404	38.557
121.7161	38.603
122.5981	38.604
123.4865	38.588
124.3813	38.555
125.2826	37.911
126.1905	37.055
127.1049	35.844
128.0260	35.351
128.9537	35.331
129.8881	36.406
130.8294	36.999
131.7774	37.083
132.7323	35.922
133.6942	35.122
134.6630	34.965
135.6388	34.982
136.6217	34.990
137.6117	34.952
138.6089	34.843
139.6133	34.927
140.6250	35.257
141.6440	36.079
142.6704	35.993
143.7043	35.355
144.7456	35.584
145.7945	35.838
146.8510	36.182
147.9151	36.682
148.9870	36.714
150.0666	36.485
151.1541	36.236
152.2494	36.406
153.3526	36.588
154.4639	36.768
155.5832	36.762
156.7106	36.277
157.8462	36.045
158.9900	36.094
160.1422	36.655
161.3026	37.709
162.4715	38.399
163.6488	37.519
164.8347	36.657
166.0291	36.252
167.2323	36.175
168.4441	35.486
169.6647	35.820
170.8942	35.492
172.1325	34.945
173.3799	34.453
174.6363	33.885
175.9017	32.878
177.1764	32.924
178.4603	32.575
179.7535	32.737
181.0561	33.163
182.3681	33.003
183.6896	33.295
185.0207	34.428
186.3614	34.487
187.7119	33.709
189.0721	33.371
190.4422	32.969
191.8222	33.035
193.2122	32.022
194.6123	32.096
196.0226	31.611
197.4430	31.357
198.8738	32.350
200.3149	32.666
201.7665	31.892
203.2286	31.278
204.7012	30.814
206.1846	30.731
207.6787	30.946
209.1836	30.949
210.6994	30.790
212.2262	30.297
213.7641	29.558
215.3131	29.246
216.8734	29.243
218.4450	29.273
220.0279	29.325
221.6223	29.361
223.2283	29.387
224.8459	29.643
226.4752	30.050
228.1163	30.197
229.7694	30.174
231.4344	30.277
233.1114	30.459
234.8007	30.546
236.5021	30.576
238.2159	30.452
239.9421	30.239
241.6808	30.132
243.4322	30.087
245.1962	30.128
246.9730	30.218
248.7626	29.927
250.5653	29.430
252.3810	29.462
254.2098	29.773
256.0519	29.486
257.9074	28.894
259.7763	28.235
261.6587	27.544
263.5548	27.546
265.4647	27.880
267.3883	28.292
269.3259	28.742
271.2776	28.806
273.2434	28.697
275.2234	28.981
277.2178	29.437
279.2266	29.585
281.2500	29.604
283.2881	29.349
285.3409	28.983
287.4086	28.812
289.4913	28.718
291.5890	28.377
293.7020	27.941
295.8303	28.734
297.9740	29.979
300.1332	29.597
302.3081	28.638
304.4988	27.771
306.7053	26.935
308.9278	26.902
311.1664	27.134
313.4213	27.033
315.6925	26.826
317.9801	26.980
320.2843	27.244
322.6052	27.315
324.9429	27.329
327.2976	27.485
329.6693	27.682
332.0583	27.590
334.4645	27.418
336.8882	27.249
339.3294	27.082
341.7883	27.242
344.2651	27.484
346.7597	27.443
349.2725	27.333
351.8035	27.306
354.3528	27.297
356.9206	27.407
359.5070	27.543
362.1121	27.603
364.7361	27.648
367.3792	27.414
370.0413	27.123
372.7228	27.084
375.4237	27.092
378.1442	26.743
380.8844	26.330
383.6444	26.104
386.4245	25.909
389.2247	26.477
392.0451	27.168
394.8861	27.594
397.7476	27.980
400.6298	28.087
403.5329	28.153
406.4571	27.972
409.4025	27.758
412.3692	28.256
415.3574	28.844
418.3672	28.933
421.3989	28.964
424.4525	29.166
427.5283	29.386
430.6263	29.815
433.7468	30.264
436.8899	30.834
440.0558	31.414
443.2446	31.524
446.4565	31.594
449.6918	31.604
452.9504	31.609
456.2327	32.322
459.5387	33.084
462.8687	33.168
466.2229	33.211
469.6013	32.973
473.0042	32.721
476.4318	33.228
479.8842	33.769
483.3617	33.628
486.8643	33.461
490.3923	33.652
493.9459	33.853
497.5253	34.023
501.1305	34.193
504.7619	34.501
508.4196	34.811
512.1039	34.249
515.8148	33.679
519.5526	33.749
523.3175	33.821
527.1096	34.099
530.9293	34.373
534.7766	34.377
538.6518	34.383
542.5551	34.486
546.4867	34.584
550.4468	34.463
554.4355	34.354
558.4532	34.624
562.5000	34.897
566.5761	35.238
570.6818	35.568
574.8171	35.691
578.9825	35.797
583.1781	35.598
587.4040	35.390
591.6606	35.058
595.9480	34.714
600.2665	34.220
604.6163	33.830
608.9976	34.778
613.4106	35.698
617.8556	36.306
622.3329	36.910
626.8425	37.469
631.3849	38.013
635.9602	38.412
640.5686	38.758
645.2104	38.628
649.8859	38.632
654.5952	39.742
659.3387	40.744
664.1165	40.901
668.9290	41.195
673.7763	42.483
678.6588	43.694
683.5766	44.375
688.5301	45.078
693.5195	45.931
698.5450	46.667
703.6070	46.702
708.7056	46.865
713.8412	47.760
719.0140	48.560
724.2242	48.842
729.4722	49.076
734.7583	49.067
740.0827	49.278
745.4456	50.574
750.8474	51.815
756.2884	52.799
761.7687	53.659
767.2888	53.963
772.8489	54.260
778.4493	54.526
784.0903	54.728
789.7721	54.664
795.4951	54.598
801.2596	54.522
807.0659	54.423
812.9142	54.238
818.8049	54.079
824.7383	54.013
830.7147	54.078
836.7344	54.601
842.7977	55.300
848.9050	56.582
855.0565	57.703
861.2526	58.302
867.4936	58.724
873.7798	58.593
880.1116	58.425
886.4892	58.143
892.9131	58.114
899.3835	58.813
905.9008	59.546
912.4653	60.371
919.0774	61.170
925.7375	61.899
932.4457	62.564
939.2026	63.062
946.0085	63.401
952.8636	63.344
959.7685	63.395
966.7234	63.710
973.7286	63.884
980.7847	63.725
987.8918	63.532
995.0505	63.261
1002.2611	62.918
1009.5239	62.417
1016.8393	61.841
1024.2077	61.102
1031.6295	60.678
1039.1052	60.904
1046.6349	60.406
1054.2193	58.457
1061.8586	57.476
1069.5533	58.371
1077.3037	59.203
1085.1103	59.915
1092.9734	60.791
1100.8936	61.965
1108.8711	62.750
1116.9064	62.843
1125.0000	62.673
1133.1522	62.048
1141.3635	61.448
1149.6343	60.891
1157.9650	60.346
1166.3561	59.822
1174.8080	59.922
1183.3211	61.007
1191.8960	62.298
1200.5330	63.903
1209.2325	65.019
1217.9951	65.404
1226.8212	65.738
1235.7113	65.998
1244.6657	66.230
1253.6851	66.421
1262.7698	66.723
1271.9204	67.178
1281.1372	67.440
1290.4209	67.447
1299.7718	67.883
1309.1905	68.876
1318.6774	69.455
1328.2331	69.516
1337.8580	69.575
1347.5527	69.634
1357.3176	69.424
1367.1533	68.896
1377.0602	68.332
1387.0390	67.725
1397.0900	67.609
1407.2139	68.046
1417.4112	68.212
1427.6823	68.079
1438.0279	67.718
1448.4484	67.114
1458.9445	67.385
1469.5166	68.566
1480.1653	68.595
1490.8912	67.461
1501.6948	66.662
1512.5767	66.192
1523.5375	65.782
1534.5777	65.429
1545.6979	65.463
1556.8986	65.856
1568.1805	66.035
1579.5442	66.019
1590.9903	65.510
1602.5192	64.567
1614.1317	63.750
1625.8284	63.040
1637.6098	63.724
1649.4766	65.569
1661.4294	66.590
1673.4688	66.944
1685.5955	66.712
1697.8100	66.018
1710.1130	65.410
1722.5052	64.867
1734.9872	64.917
1747.5596	65.408
1760.2231	65.578
1772.9785	65.515
1785.8262	65.078
1798.7670	64.377
1811.8016	63.936
1824.9307	63.674
1838.1549	64.027
1851.4749	64.790
1864.8915	65.334
1878.4052	65.736
1892.0169	65.865
1905.7273	65.821
1919.5370	65.445
1933.4467	64.867
1947.4573	64.750
1961.5693	64.906
1975.7837	65.906
1990.1010	67.394
2004.5221	68.536
2019.0477	69.485
2033.6786	69.614
2048.4154	69.299
2063.2591	69.357
2078.2103	69.612
2093.2699	70.091
2108.4386	70.686
2123.7172	70.974
2139.1065	71.109
2154.6074	70.680
2170.2206	69.979
2185.9469	68.960
2201.7871	67.792
2217.7422	66.991
2233.8129	66.355
2250.0000	66.032
2266.3044	65.847
2282.7270	66.673
2299.2686	67.927
2315.9300	68.031
2332.7122	67.665
2349.6160	67.272
2366.6423	66.868
2383.7920	66.006
2401.0659	64.969
2418.4650	65.516
2435.9902	66.649
2453.6424	66.945
2471.4225	66.942
2489.3314	66.668
2507.3702	66.300
2525.5396	67.185
2543.8407	68.485
2562.2744	68.283
2580.8417	67.599
2599.5436	66.726
2618.3809	65.795
2637.3548	65.425
2656.4662	65.222
2675.7160	65.298
2695.1053	65.453
2714.6352	65.140
2734.3066	64.699
2754.1205	65.167
2774.0780	65.875
2794.1801	66.266
2814.4279	66.578
2834.8224	66.663
2855.3647	66.694
2876.0558	67.023
2896.8969	67.421
2917.8890	67.274
2939.0332	67.007
2960.3307	66.828
2981.7824	66.669
3003.3897	66.615
3025.1535	66.583
3047.0750	65.863
3069.1553	65.012
3091.3957	65.233
3113.7972	65.649
3136.3611	66.631
3159.0885	67.710
3181.9805	67.641
3205.0385	67.386
3228.2635	66.453
3251.6568	65.417
3275.2197	65.296
3298.9533	65.307
3322.8588	65.861
3346.9376	66.487
3371.1909	66.802
3395.6200	67.076
3420.2260	67.537
3445.0104	68.019
3469.9744	67.933
3495.1192	67.784
3520.4463	68.113
3545.9569	68.491
3571.6524	68.885
3597.5340	69.282
3623.6032	68.707
3649.8614	68.050
3676.3098	67.656
3702.9498	67.282
3729.7829	67.207
3756.8105	67.153
3784.0339	66.462
3811.4545	65.731
3839.0739	66.872
3866.8934	68.113
3894.9145	68.779
3923.1387	69.418
3951.5674	69.010
3980.2020	68.561
4009.0442	68.964
4038.0954	69.394
4067.3571	70.413
4096.8309	71.446
4126.5182	71.795
4156.4206	72.133
4186.5398	71.451
4216.8772	70.760
4247.4344	70.438
4278.2131	70.115
4309.2148	69.226
4340.4411	68.348
4371.8937	68.434
4403.5743	68.519
4435.4844	68.603
4467.6257	68.683
4500.0000	68.603
4532.6089	68.534
4565.4540	68.776
4598.5372	69.013
4631.8601	69.084
4665.4244	69.150
4699.2320	69.109
4733.2846	69.061
4767.5839	68.893
4802.1318	68.756
4836.9300	69.104
4871.9804	69.412
4907.2848	69.140
4942.8450	68.857
4978.6629	68.439
5014.7403	68.018
5051.0792	67.568
5087.6814	67.237
5124.5489	68.181
5161.6834	69.038
5199.0871	69.058
5236.7619	68.976
5274.7096	67.971
5312.9323	67.061
5351.4320	66.950
5390.2107	66.890
5429.2704	67.225
5468.6131	67.563
5508.2409	67.932
5548.1559	68.194
5588.3602	67.724
5628.8557	67.315
5669.6447	67.295
5710.7293	67.349
5752.1116	67.849
5793.7938	68.417
5835.7780	69.389
5878.0664	70.169
5920.6613	69.904
5963.5649	69.683
6006.7793	69.697
6050.3069	69.550
6094.1500	68.609
6138.3107	67.721
6182.7914	67.086
6227.5945	66.779
6272.7222	67.955
6318.1769	68.996
6363.9610	69.456
6410.0769	69.866
6456.5270	70.074
6503.3136	70.133
6550.4393	69.607
6597.9065	69.154
6645.7177	68.977
6693.8753	68.850
6742.3818	68.901
6791.2399	68.912
6840.4520	68.785
6890.0208	68.712
6939.9487	68.816
6990.2384	69.014
7040.8926	69.517
7091.9138	69.993
7143.3047	70.384
7195.0681	70.735
7247.2065	70.966
7299.7227	71.101
7352.6195	70.965
7405.8997	70.964
7459.5659	71.341
7513.6209	71.434
7568.0677	70.766
7622.9091	70.204
7678.1478	69.922
7733.7868	69.872
7789.8290	70.406
7846.2774	70.621
7903.1347	70.060
7960.4041	69.509
8018.0885	68.982
8076.1908	68.483
8134.7142	68.046
8193.6617	67.816
8253.0364	68.043
8312.8413	68.156
8373.0796	68.024
8433.7544	68.044
8494.8688	68.378
8556.4261	68.562
8618.4295	68.444
8680.8822	68.518
8743.7875	68.965
8807.1486	68.983
8870.9688	68.192
8935.2515	67.641
9000.0000	67.527
9065.2177	67.408
9130.9080	67.279
9197.0743	67.189
9263.7201	67.164
9330.8489	67.082
9398.4640	66.904
9466.5692	66.690
9535.1678	66.416
9604.2636	66.282
9673.8601	66.370
9743.9608	66.646
9814.5696	67.213
9885.6900	67.541
9957.3258	67.514
10029.4807	67.413
10102.1584	67.207
10175.3628	67.170
10249.0977	67.372
10323.3669	67.553
10398.1743	67.703
10473.5237	67.654
10549.4192	67.338
10625.8646	67.109
10702.8640	66.995
10780.4214	66.731
10858.5408	66.279
10937.2262	66.126
11016.4819	66.340
11096.3119	66.534
11176.7203	66.702
11257.7114	66.879
11339.2894	67.066
11421.4586	67.148
11504.2232	67.112
11587.5876	66.990
11671.5560	66.771
11756.1329	66.779
11841.3227	67.028
11927.1298	66.995
12013.5587	66.669
12100.6139	66.445
12188.2999	66.323
12276.6214	66.119
12365.5828	65.836
12455.1889	65.719
12545.4444	65.763
12636.3538	65.837
12727.9221	65.938
12820.1538	66.206
12913.0540	66.627
13006.6273	66.791
13100.8786	66.728
13195.8130	66.708
13291.4353	66.724
13387.7505	66.740
13484.7637	66.755
13582.4798	66.993
13680.9041	67.411
13780.0416	67.663
13879.8974	67.782
13980.4769	67.857
14081.7852	67.896
14183.8276	67.988
14286.6095	68.118
14390.1361	68.105
14494.4130	67.987
14599.4455	67.979
14705.2391	68.048
14811.7993	67.961
14919.1317	67.767
15027.2419	67.413
15136.1355	66.951
15245.8182	66.869
15356.2956	67.034
15467.5737	66.886
15579.6581	66.539
15692.5547	66.050
15806.2694	65.473
15920.8082	65.014
16036.1769	64.626
16152.3817	64.262
16269.4285	63.914
16387.3235	63.417
16506.0728	62.838
16625.6826	62.534
16746.1591	62.380
16867.5087	62.303
16989.7376	62.266
17112.8523	62.099
17236.8591	61.864
17361.7644	61.679
17487.5749	61.518
17614.2971	61.205
17741.9376	60.819
17870.5030	60.722
18000.0000	60.759
18130.4354	60.497
18261.8160	60.098
18394.1487	59.897
18527.4403	59.781
18661.6977	59.558
18796.9281	59.287
18933.1384	59.251
19070.3357	59.311
19208.5272	59.281
19347.7201	59.216
19487.9217	59.350
19629.1392	59.562
19771.3800	59.492
19914.6516	59.317
20058.9614	58.952
20204.3169	58.518
20350.7257	57.745
20498.1954	56.856
20646.7338	56.257
20796.3485	55.754
20947.0475	55.495
21098.8384	55.315
21251.7293	55.006
21405.7281	54.657
21560.8428	54.423
21717.0816	54.224
21874.4525	53.069
22032.9638	51.640
22192.6237	46.505
22353.4406	40.349
22515.4229	33.438
22678.5789	26.327
22842.9172	23.956
23008.4464	22.788
23175.1751	22.608
23343.1120	22.668
23512.2658	22.868
23682.6454	23.100
23854.2596	23.051
24027.1174	22.940
24201.2278	22.836
24376.5998	22.734
24553.2427	22.673
24731.1657	22.621
24910.3779	22.568
25090.8887	22.514
25272.7077	22.475
25455.8441	22.440
25640.3077	22.408
25826.1079	22.378
26013.2545	22.393
26201.7573	22.416
26391.6260	22.407
26582.8706	22.393
26775.5011	22.414
26969.5274	22.441
27164.9597	22.463
27361.8082	22.485
27560.0831	22.464
27759.7949	22.437
27960.9538	22.424
28163.5704	22.413
28367.6552	22.407
28573.2189	22.401
28780.2723	22.386
28988.8260	22.371
29198.8910	22.333
29410.4782	22.293
29623.5986	22.359
29838.2634	22.435
30054.4838	22.377
30272.2709	22.309
30491.6363	22.346
30712.5913	22.391
30935.1474	22.340
31159.3162	22.283
31385.1094	22.330
31612.5389	22.383
31841.6164	22.315
32072.3539	22.242
32304.7634	22.271
32538.8570	22.303
32774.6470	22.278
33012.1456	22.250
33251.3652	22.284
33492.3183	22.319
33735.0174	22.320
33979.4753	22.320
34225.7045	22.300
34473.7181	22.280
34723.5289	22.314
34975.1499	22.349
35228.5942	22.304
35483.8752	22.260
35741.0059	22.209
36000.0000	22.159
36260.8708	22.186
36523.6321	22.213
36788.2974	22.242
37054.8805	22.270
37323.3955	22.241
37593.8562	22.213
37866.2767	22.203
38140.6714	22.193
38417.0544	22.182
38695.4402	22.169
38975.8433	22.131
39258.2784	22.099
39542.7600	22.159
39829.3032	22.214
40117.9227	22.198
40408.6337	22.181
40701.4514	22.148
40996.3909	22.120
41293.4676	22.151
41592.6971	22.180
41894.0949	22.186
42197.6768	22.185
42503.4586	22.119
42811.4561	22.061
43121.6856	22.076
43434.1631	22.093
43748.9050	22.137
44065.9276	22.163
44385.2474	22.055
44706.8812	21.963
45030.8457	21.983
45357.1578	22.003
45685.8345	22.016
46016.8928	22.020
46350.3502	21.959
46686.2240	21.910
47024.5316	21.929
