# tw-R_01 (rta) — REW moving-mic RTA (spatial average over the listening area), as REW serves it with display smoothing off: unit SPL, smoothing field None (a 1/48-oct RTA's native resolution; 'None' and '1/48' are the same curve), ppo 96
# REW date 2026-Jun-15 14:56:35, uuid d68823c8-ad0f-45d6-b6ff-6bcfb7fb77da, notes: "65536-point 1/48 octave RTA using Hann window, no smoothing and 150 averages\n\nInput RMS 89.67 dB\n87.6 dB C, 89.0 dB A\n89.6 dB 22 - 22k UNW\n40.1 dB >22k\n"
# freq_Hz	SPL_dB
4.3945	50.872
4.4264	50.873
4.4585	50.875
4.4908	50.876
4.5233	50.878
4.5561	50.879
4.5891	50.881
4.6223	50.882
4.6558	50.884
4.6896	50.885
4.7236	50.887
4.7578	50.888
4.7923	50.889
4.8270	50.891
4.8620	50.892
4.8972	50.894
4.9327	50.895
4.9684	50.897
5.0044	50.898
5.0407	50.900
5.0772	50.901
5.1140	50.903
5.1511	50.904
5.1884	50.905
5.2260	50.907
5.2639	50.908
5.3020	50.910
5.3404	50.911
5.3791	50.913
5.4181	50.914
5.4574	50.916
5.4969	50.917
5.5368	50.919
5.5769	50.920
5.6173	50.921
5.6580	50.923
5.6990	50.924
5.7403	50.926
5.7819	50.927
5.8238	50.929
5.8660	50.929
5.9085	50.924
5.9513	50.919
5.9944	50.914
6.0379	50.909
6.0816	50.904
6.1257	50.899
6.1701	50.894
6.2148	50.889
6.2598	50.884
6.3052	50.879
6.3509	50.874
6.3969	50.869
6.4433	50.864
6.4900	50.859
6.5370	50.854
6.5844	50.850
6.6321	50.845
6.6801	50.840
6.7285	50.835
6.7773	50.830
6.8264	50.825
6.8759	50.820
6.9257	50.815
6.9759	50.810
7.0264	50.805
7.0774	50.800
7.1286	50.795
7.1803	50.790
7.2323	50.785
7.2847	50.780
7.3375	50.764
7.3907	50.717
7.4442	50.669
7.4982	50.622
7.5525	50.574
7.6073	50.527
7.6624	50.479
7.7179	50.432
7.7738	50.384
7.8302	50.337
7.8869	50.289
7.9441	50.242
8.0016	50.195
8.0596	50.147
8.1180	50.100
8.1768	50.052
8.2361	50.005
8.2958	49.957
8.3559	49.910
8.4164	49.862
8.4774	49.815
8.5389	49.767
8.6007	49.720
8.6631	49.672
8.7258	49.625
8.7891	49.577
8.8528	49.493
8.9169	49.410
8.9815	49.326
9.0466	49.242
9.1122	49.158
9.1782	49.074
9.2447	48.990
9.3117	48.906
9.3792	48.822
9.4471	48.738
9.5156	48.654
9.5845	48.570
9.6540	48.486
9.7240	48.402
9.7944	48.318
9.8654	48.234
9.9369	48.150
10.0089	48.066
10.0814	47.982
10.1545	47.898
10.2281	47.814
10.3022	47.719
10.3768	47.619
10.4520	47.520
10.5278	47.420
10.6040	47.320
10.6809	47.220
10.7583	47.120
10.8362	47.020
10.9148	46.921
10.9939	46.821
11.0735	46.721
11.1538	46.621
11.2346	46.521
11.3160	46.421
11.3980	46.322
11.4806	46.222
11.5638	46.122
11.6476	46.022
11.7320	45.940
11.8170	45.957
11.9026	45.974
11.9889	45.991
12.0758	46.007
12.1633	46.024
12.2514	46.041
12.3402	46.058
12.4296	46.074
12.5197	46.091
12.6104	46.108
12.7018	46.124
12.7938	46.141
12.8865	46.158
12.9799	46.175
13.0740	46.191
13.1687	46.208
13.2641	46.167
13.3603	46.116
13.4571	46.064
13.5546	46.013
13.6528	45.962
13.7517	45.910
13.8514	45.859
13.9518	45.807
14.0529	45.756
14.1547	45.704
14.2573	45.653
14.3606	45.602
14.4646	45.550
14.5695	45.499
14.6750	45.444
14.7814	45.378
14.8885	45.313
14.9964	45.248
15.1051	45.182
15.2145	45.117
15.3248	45.051
15.4358	44.986
15.5477	44.921
15.6603	44.855
15.7738	44.790
15.8881	44.724
16.0032	44.659
16.1192	44.592
16.2360	44.485
16.3537	44.379
16.4722	44.273
16.5915	44.167
16.7118	44.061
16.8329	43.955
16.9548	43.849
17.0777	43.743
17.2015	43.637
17.3261	43.530
17.4517	43.424
17.5781	43.318
17.7055	43.463
17.8338	43.607
17.9630	43.752
18.0932	43.897
18.2243	44.041
18.3564	44.186
18.4894	44.330
18.6234	44.475
18.7583	44.620
18.8943	44.764
19.0312	44.909
19.1691	45.086
19.3080	45.266
19.4479	45.445
19.5888	45.625
19.7308	45.805
19.8738	45.985
20.0178	46.165
20.1628	46.345
20.3089	46.525
20.4561	46.704
20.6043	46.787
20.7536	46.817
20.9040	46.846
21.0555	46.876
21.2081	46.906
21.3618	46.936
21.5166	46.966
21.6725	46.996
21.8295	47.026
21.9877	47.039
22.1470	46.891
22.3075	46.744
22.4692	46.596
22.6320	46.449
22.7960	46.301
22.9612	46.154
23.1276	46.007
23.2952	45.859
23.4640	45.719
23.6340	45.620
23.8053	45.521
23.9778	45.422
24.1515	45.323
24.3265	45.224
24.5028	45.125
24.6804	45.026
24.8592	44.927
25.0394	45.145
25.2208	45.462
25.4036	45.779
25.5877	46.097
25.7731	46.414
25.9598	46.732
26.1480	47.049
26.3374	47.366
26.5283	47.314
26.7205	47.193
26.9141	47.072
27.1092	46.951
27.3056	46.830
27.5035	46.709
27.7028	46.588
27.9035	46.507
28.1057	46.500
28.3094	46.493
28.5145	46.486
28.7212	46.479
28.9293	46.471
29.1389	46.464
29.3501	46.412
29.5628	46.226
29.7770	46.040
29.9928	45.854
30.2101	45.668
30.4290	45.482
30.6495	45.295
30.8716	45.060
31.0953	44.773
31.3207	44.487
31.5476	44.200
31.7762	43.914
32.0065	43.628
32.2384	43.353
32.4720	43.294
32.7073	43.236
32.9444	43.178
33.1831	43.119
33.4235	43.061
33.6657	43.002
33.9097	42.904
34.1554	42.801
34.4029	42.699
34.6522	42.596
34.9033	42.493
35.1562	42.390
35.4110	42.387
35.6676	42.384
35.9261	42.381
36.1864	42.378
36.4486	42.375
36.7128	42.521
36.9788	42.948
37.2467	43.376
37.5167	43.803
37.7885	44.231
38.0623	44.658
38.3382	45.206
38.6160	45.766
38.8958	46.326
39.1777	46.886
39.4616	47.445
39.7475	47.757
40.0355	47.957
40.3257	48.156
40.6179	48.355
40.9122	48.554
41.2087	48.740
41.5073	48.919
41.8081	49.099
42.1110	49.278
42.4162	49.457
42.7235	50.163
43.0331	51.009
43.3450	51.855
43.6591	52.700
43.9754	53.535
44.2941	54.264
44.6151	54.992
44.9384	55.721
45.2640	56.449
45.5920	56.416
45.9224	55.768
46.2552	55.120
46.5904	54.472
46.9280	53.828
47.2680	53.200
47.6105	52.573
47.9556	51.946
48.3031	51.318
48.6531	50.746
49.0056	50.180
49.3608	49.614
49.7184	49.049
50.0787	48.460
50.4416	47.864
50.8071	47.268
51.1753	46.672
51.5461	46.764
51.9197	47.092
52.2959	47.420
52.6749	47.748
53.0566	47.975
53.4410	48.184
53.8283	48.392
54.2183	48.573
54.6112	48.210
55.0070	47.847
55.4056	47.484
55.8071	47.013
56.2115	46.345
56.6188	45.677
57.0291	45.009
57.4423	44.381
57.8586	43.765
58.2779	43.149
58.7002	42.587
59.1255	42.184
59.5540	41.781
59.9855	41.378
60.4202	41.296
60.8580	41.279
61.2990	41.262
61.7432	40.996
62.1907	40.476
62.6413	39.956
63.0952	39.478
63.5525	39.136
64.0130	38.795
64.4768	38.466
64.9441	38.383
65.4147	38.301
65.8887	38.218
66.3662	38.625
66.8471	39.063
67.3315	39.502
67.8194	39.200
68.3108	38.811
68.8058	38.422
69.3044	37.643
69.8067	36.828
70.3125	36.013
70.8220	36.612
71.3352	37.212
71.8521	37.746
72.3728	37.891
72.8973	38.037
73.4255	38.039
73.9576	37.769
74.4935	37.500
75.0333	37.210
75.5770	36.907
76.1247	36.604
76.6763	36.323
77.2320	36.044
77.7916	35.799
78.3553	35.642
78.9231	35.484
79.4950	35.549
80.0711	35.714
80.6513	35.899
81.2357	36.199
81.8244	36.500
82.4173	36.205
83.0146	35.591
83.6161	35.099
84.2220	35.096
84.8323	35.092
85.4471	35.061
86.0663	35.023
86.6899	34.948
87.3181	34.823
87.9509	34.755
88.5882	35.242
89.2301	35.728
89.8767	36.447
90.5280	37.222
91.1840	37.419
91.8448	37.150
92.5103	36.905
93.1807	36.705
93.8559	36.561
94.5360	36.712
95.2211	36.862
95.9111	36.986
96.6061	37.109
97.3062	38.603
98.0113	40.259
98.7215	43.771
99.4369	47.712
100.1575	47.860
100.8832	46.810
101.6143	43.754
102.3506	39.986
103.0923	39.270
103.8393	39.598
104.5918	39.428
105.3497	39.118
106.1131	39.489
106.8821	39.986
107.6566	39.487
108.4367	38.888
109.2225	37.713
110.0139	36.807
110.8112	37.047
111.6141	37.263
112.4229	37.438
113.2376	37.206
114.0582	36.634
114.8847	37.085
115.7172	37.863
116.5557	38.423
117.4003	38.586
118.2511	37.568
119.1080	37.765
119.9711	39.035
120.8404	39.109
121.7161	38.822
122.5981	37.872
123.4865	37.088
124.3813	36.474
125.2826	36.111
126.1905	36.039
127.1049	36.779
128.0260	37.297
128.9537	37.642
129.8881	37.151
130.8294	36.364
131.7774	35.263
132.7323	35.132
133.6942	35.470
134.6630	36.395
135.6388	35.797
136.6217	35.038
137.6117	34.310
138.6089	34.599
139.6133	34.552
140.6250	33.979
141.6440	33.750
142.6704	33.978
143.7043	34.440
144.7456	34.211
145.7945	34.358
146.8510	34.896
147.9151	35.921
148.9870	35.519
150.0666	35.041
151.1541	34.495
152.2494	33.798
153.3526	33.612
154.4639	33.410
155.5832	33.445
156.7106	34.222
157.8462	34.362
158.9900	33.629
160.1422	33.205
161.3026	33.723
162.4715	33.879
163.6488	33.765
164.8347	33.258
166.0291	33.244
167.2323	34.238
168.4441	35.453
169.6647	34.661
170.8942	34.126
172.1325	33.613
173.3799	33.109
174.6363	32.652
175.9017	32.187
177.1764	32.063
178.4603	32.431
179.7535	33.273
181.0561	34.506
182.3681	35.123
183.6896	35.090
185.0207	34.667
186.3614	33.689
187.7119	33.078
189.0721	32.700
190.4422	32.889
191.8222	32.483
193.2122	32.291
194.6123	32.785
196.0226	32.474
197.4430	31.568
198.8738	32.796
200.3149	33.889
201.7665	32.666
203.2286	32.482
204.7012	32.919
206.1846	33.085
207.6787	33.040
209.1836	32.931
210.6994	32.772
212.2262	32.367
213.7641	31.780
215.3131	31.681
216.8734	31.935
218.4450	32.007
220.0279	31.950
221.6223	32.206
223.2283	32.675
224.8459	32.973
226.4752	33.158
228.1163	33.311
229.7694	33.443
231.4344	33.018
233.1114	32.243
234.8007	31.946
236.5021	31.941
238.2159	32.181
239.9421	32.566
241.6808	32.370
243.4322	31.840
245.1962	31.292
246.9730	30.732
248.7626	30.497
250.5653	30.436
252.3810	30.566
254.2098	30.795
256.0519	30.515
257.9074	29.977
259.7763	30.177
261.6587	30.740
263.5548	30.803
265.4647	30.626
267.3883	30.500
269.3259	30.397
271.2776	30.694
273.2434	31.170
275.2234	31.334
277.2178	31.361
279.2266	31.067
281.2500	30.638
283.2881	30.355
285.3409	30.132
287.4086	30.036
289.4913	29.992
291.5890	30.323
293.7020	30.798
295.8303	31.227
297.9740	31.639
300.1332	31.397
302.3081	30.921
304.4988	29.916
306.7053	28.731
308.9278	28.817
311.1664	29.323
313.4213	29.347
315.6925	29.218
317.9801	29.141
320.2843	29.081
322.6052	28.769
324.9429	28.384
327.2976	28.423
329.6693	28.582
332.0583	28.213
334.4645	27.700
336.8882	27.720
339.3294	27.880
341.7883	27.679
344.2651	27.388
346.7597	27.657
349.2725	28.060
351.8035	28.275
354.3528	28.445
356.9206	28.123
359.5070	27.693
362.1121	27.687
364.7361	27.770
367.3792	27.714
370.0413	27.629
372.7228	27.538
375.4237	27.445
378.1442	27.228
380.8844	26.989
383.6444	27.084
386.4245	27.235
389.2247	27.510
392.0451	27.805
394.8861	28.858
397.7476	30.026
400.6298	29.600
403.5329	28.945
406.4571	28.651
409.4025	28.405
412.3692	28.940
415.3574	29.573
418.3672	29.401
421.3989	29.136
424.4525	29.110
427.5283	29.111
430.6263	29.458
433.7468	29.839
436.8899	30.249
440.0558	30.662
443.2446	31.169
446.4565	31.684
449.6918	30.979
452.9504	30.182
456.2327	30.639
459.5387	31.180
462.8687	31.597
466.2229	32.006
469.6013	31.598
473.0042	31.148
476.4318	31.656
479.8842	32.207
483.3617	32.858
486.8643	33.512
490.3923	33.537
493.9459	33.544
497.5253	33.533
501.1305	33.522
504.7619	33.515
508.4196	33.508
512.1039	34.187
515.8148	34.872
519.5526	34.707
523.3175	34.544
527.1096	35.270
530.9293	35.988
534.7766	36.035
538.6518	36.093
542.5551	36.715
546.4867	37.318
550.4468	37.182
554.4355	37.056
558.4532	37.222
562.5000	37.397
566.5761	37.797
570.6818	38.200
574.8171	38.682
578.9825	39.195
583.1781	40.280
587.4040	41.319
591.6606	41.656
595.9480	41.954
600.2665	41.725
604.6163	41.462
608.9976	40.763
613.4106	40.122
617.8556	40.138
622.3329	40.138
626.8425	39.971
631.3849	39.880
635.9602	40.518
640.5686	41.186
645.2104	42.131
649.8859	42.959
654.5952	42.819
659.3387	42.672
664.1165	42.480
668.9290	42.290
673.7763	42.111
678.6588	42.064
683.5766	42.914
688.5301	43.707
693.5195	44.135
698.5450	44.713
703.6070	46.199
708.7056	47.522
713.8412	47.907
719.0140	48.327
724.2242	48.931
729.4722	49.466
734.7583	49.642
740.0827	49.747
745.4456	49.505
750.8474	49.446
756.2884	50.250
761.7687	51.160
767.2888	52.553
772.8489	53.807
778.4493	54.474
784.0903	54.885
789.7721	54.252
795.4951	53.789
801.2596	53.989
807.0659	54.069
812.9142	53.700
818.8049	53.605
824.7383	54.496
830.7147	55.417
836.7344	56.443
842.7977	57.375
848.9050	57.993
855.0565	58.330
861.2526	57.764
867.4936	57.290
873.7798	57.095
880.1116	57.029
886.4892	57.349
892.9131	57.906
899.3835	59.148
905.9008	60.109
912.4653	60.291
919.0774	60.575
925.7375	61.133
932.4457	61.724
939.2026	62.400
946.0085	63.089
952.8636	63.806
959.7685	64.280
966.7234	64.164
973.7286	64.025
980.7847	63.834
987.8918	63.494
995.0505	62.817
1002.2611	62.373
1009.5239	62.440
1016.8393	62.716
1024.2077	63.435
1031.6295	63.924
1039.1052	63.940
1046.6349	63.944
1054.2193	63.925
1061.8586	63.959
1069.5533	64.096
1077.3037	63.907
1085.1103	63.105
1092.9734	62.368
1100.8936	61.749
1108.8711	61.145
1116.9064	60.568
1125.0000	60.142
1133.1522	59.976
1141.3635	59.672
1149.6343	59.138
1157.9650	59.151
1166.3561	60.055
1174.8080	60.660
1183.3211	60.794
1191.8960	61.312
1200.5330	62.420
1209.2325	63.341
1217.9951	63.983
1226.8212	64.454
1235.7113	64.679
1244.6657	64.845
1253.6851	64.928
1262.7698	65.201
1271.9204	65.734
1281.1372	66.172
1290.4209	66.485
1299.7718	66.655
1309.1905	66.638
1318.6774	66.559
1328.2331	66.400
1337.8580	66.118
1347.5527	65.685
1357.3176	65.229
1367.1533	64.745
1377.0602	64.534
1387.0390	64.639
1397.0900	64.879
1407.2139	65.272
1417.4112	65.689
1427.6823	66.133
1438.0279	66.748
1448.4484	67.547
1458.9445	67.825
1469.5166	67.565
1480.1653	67.599
1490.8912	67.930
1501.6948	68.073
1512.5767	68.033
1523.5375	68.155
1534.5777	68.432
1545.6979	68.421
1556.8986	68.142
1568.1805	68.154
1579.5442	68.428
1590.9903	68.465
1602.5192	68.293
1614.1317	68.423
1625.8284	68.811
1637.6098	69.181
1649.4766	69.536
1661.4294	69.222
1673.4688	68.365
1685.5955	67.694
1697.8100	67.169
1710.1130	66.839
1722.5052	66.659
1734.9872	66.247
1747.5596	65.662
1760.2231	65.390
1772.9785	65.345
1785.8262	65.589
1798.7670	66.036
1811.8016	66.134
1824.9307	65.993
1838.1549	66.031
1851.4749	66.187
1864.8915	65.991
1878.4052	65.567
1892.0169	65.373
1905.7273	65.322
1919.5370	65.187
1933.4467	65.001
1947.4573	65.283
1961.5693	65.844
1975.7837	66.163
1990.1010	66.342
2004.5221	66.231
2019.0477	65.958
2033.6786	65.387
2048.4154	64.654
2063.2591	63.615
2078.2103	62.414
2093.2699	61.414
2108.4386	60.519
2123.7172	61.086
2139.1065	62.379
2154.6074	63.464
2170.2206	64.451
2185.9469	64.764
2201.7871	64.763
2217.7422	64.734
2233.8129	64.692
2250.0000	65.198
2266.3044	65.943
2282.7270	66.270
2299.2686	66.420
2315.9300	67.157
2332.7122	68.134
2349.6160	68.847
2366.6423	69.454
2383.7920	70.218
2401.0659	71.042
2418.4650	70.643
2435.9902	69.794
2453.6424	68.555
2471.4225	67.178
2489.3314	66.248
2507.3702	65.474
2525.5396	65.118
2543.8407	64.902
2562.2744	64.743
2580.8417	64.601
2599.5436	65.093
2618.3809	65.780
2637.3548	66.258
2656.4662	66.674
2675.7160	66.161
2695.1053	65.383
2714.6352	64.777
2734.3066	64.217
2754.1205	63.579
2774.0780	62.921
2794.1801	63.603
2814.4279	64.623
2834.8224	65.022
2855.3647	65.271
2876.0558	65.843
2896.8969	66.488
2917.8890	66.401
2939.0332	66.153
2960.3307	65.623
2981.7824	65.033
3003.3897	64.379
3025.1535	63.712
3047.0750	63.816
3069.1553	64.066
3091.3957	64.704
3113.7972	65.412
3136.3611	66.228
3159.0885	67.062
3181.9805	66.614
3205.0385	65.957
3228.2635	66.320
3251.6568	66.838
3275.2197	66.644
3298.9533	66.347
3322.8588	65.851
3346.9376	65.328
3371.1909	64.451
3395.6200	63.528
3420.2260	63.294
3445.0104	63.140
3469.9744	63.012
3495.1192	62.888
3520.4463	63.715
3545.9569	64.637
3571.6524	63.908
3597.5340	63.026
3623.6032	62.683
3649.8614	62.385
3676.3098	62.421
3702.9498	62.482
3729.7829	62.189
3756.8105	61.871
3784.0339	62.292
3811.4545	62.757
3839.0739	63.082
3866.8934	63.399
3894.9145	63.147
3923.1387	62.868
3951.5674	63.081
3980.2020	63.313
4009.0442	62.667
4038.0954	61.994
4067.3571	63.691
4096.8309	65.444
4126.5182	64.857
4156.4206	64.230
4186.5398	63.296
4216.8772	62.359
4247.4344	63.251
4278.2131	64.142
4309.2148	63.798
4340.4411	63.471
4371.8937	64.647
4403.5743	65.794
4435.4844	65.348
4467.6257	64.895
4500.0000	64.146
4532.6089	63.424
4565.4540	63.533
4598.5372	63.667
4631.8601	64.421
4665.4244	65.143
4699.2320	65.175
4733.2846	65.211
4767.5839	65.306
4802.1318	65.394
4836.9300	65.378
4871.9804	65.329
4907.2848	64.803
4942.8450	64.311
4978.6629	64.264
5014.7403	64.206
5051.0792	64.016
5087.6814	63.845
5124.5489	63.880
5161.6834	63.926
5199.0871	64.088
5236.7619	64.333
5274.7096	65.313
5312.9323	66.212
5351.4320	66.429
5390.2107	66.548
5429.2704	65.902
5468.6131	65.355
5508.2409	65.542
5548.1559	65.622
5588.3602	64.963
5628.8557	64.388
5669.6447	64.353
5710.7293	64.358
5752.1116	64.605
5793.7938	64.752
5835.7780	64.330
5878.0664	63.986
5920.6613	64.067
5963.5649	64.117
6006.7793	64.001
6050.3069	63.824
6094.1500	63.345
6138.3107	63.027
6182.7914	63.464
6227.5945	63.959
6272.7222	64.720
6318.1769	65.420
6363.9610	65.861
6410.0769	66.103
6456.5270	65.529
6503.3136	65.096
6550.4393	65.224
6597.9065	65.452
6645.7177	66.056
6693.8753	66.615
6742.3818	67.007
6791.2399	67.178
6840.4520	66.579
6890.0208	66.135
6939.9487	66.213
6990.2384	66.307
7040.8926	66.453
7091.9138	66.633
7143.3047	66.923
7195.0681	67.230
7247.2065	67.590
7299.7227	67.925
7352.6195	68.187
7405.8997	68.312
7459.5659	68.053
7513.6209	67.913
7568.0677	68.094
7622.9091	68.298
7678.1478	68.565
7733.7868	68.736
7789.8290	68.667
7846.2774	68.598
7903.1347	68.526
7960.4041	68.458
8018.0885	68.403
8076.1908	68.389
8134.7142	68.470
8193.6617	68.629
8253.0364	68.957
8312.8413	69.120
8373.0796	68.929
8433.7544	68.941
8494.8688	69.371
8556.4261	69.582
8618.4295	69.353
8680.8822	69.271
8743.7875	69.475
8807.1486	69.578
8870.9688	69.492
8935.2515	69.309
9000.0000	68.950
9065.2177	68.681
9130.9080	68.571
9197.0743	68.344
9263.7201	67.917
9330.8489	67.644
9398.4640	67.632
9466.5692	67.681
9535.1678	67.832
9604.2636	67.886
9673.8601	67.785
9743.9608	67.636
9814.5696	67.411
9885.6900	67.280
9957.3258	67.289
10029.4807	67.290
10102.1584	67.282
10175.3628	67.214
10249.0977	67.061
10323.3669	66.641
10398.1743	65.851
10473.5237	65.549
10549.4192	65.897
10625.8646	66.181
10702.8640	66.382
10780.4214	66.577
10858.5408	66.764
10937.2262	66.873
11016.4819	66.887
11096.3119	66.835
11176.7203	66.703
11257.7114	66.683
11339.2894	66.790
11421.4586	67.111
11504.2232	67.674
11587.5876	67.874
11671.5560	67.677
11756.1329	67.477
11841.3227	67.272
11927.1298	66.977
12013.5587	66.588
12100.6139	66.483
12188.2999	66.665
12276.6214	66.744
12365.5828	66.721
12455.1889	66.636
12545.4444	66.492
12636.3538	66.473
12727.9221	66.572
12820.1538	66.820
12913.0540	67.203
13006.6273	67.531
13100.8786	67.808
13195.8130	68.024
13291.4353	68.187
13387.7505	68.270
13484.7637	68.286
13582.4798	68.453
13680.9041	68.743
13780.0416	68.956
13879.8974	69.110
13980.4769	69.206
14081.7852	69.258
14183.8276	69.382
14286.6095	69.562
14390.1361	69.688
14494.4130	69.773
14599.4455	69.598
14705.2391	69.239
14811.7993	68.931
14919.1317	68.660
15027.2419	68.608
15136.1355	68.702
15245.8182	68.491
15356.2956	68.081
15467.5737	67.739
15579.6581	67.441
15692.5547	67.218
15806.2694	67.041
15920.8082	66.871
16036.1769	66.705
16152.3817	66.418
16269.4285	66.061
16387.3235	65.900
16506.0728	65.850
16625.6826	65.736
16746.1591	65.586
16867.5087	65.240
16989.7376	64.790
17112.8523	64.665
17236.8591	64.706
17361.7644	64.494
17487.5749	64.156
17614.2971	63.859
17741.9376	63.582
17870.5030	63.652
18000.0000	63.884
18130.4354	63.733
18261.8160	63.408
18394.1487	63.228
18527.4403	63.112
18661.6977	63.134
18796.9281	63.213
18933.1384	63.099
19070.3357	62.906
19208.5272	62.680
19347.7201	62.442
19487.9217	62.350
19629.1392	62.314
19771.3800	61.979
19914.6516	61.533
20058.9614	61.052
20204.3169	60.560
20350.7257	59.768
20498.1954	58.873
20646.7338	58.021
20796.3485	57.184
20947.0475	56.588
21098.8384	56.069
21251.7293	55.822
21405.7281	55.659
21560.8428	55.288
21717.0816	54.854
21874.4525	53.762
22032.9638	52.481
22192.6237	47.499
22353.4406	41.498
22515.4229	34.524
22678.5789	27.294
22842.9172	24.580
23008.4464	23.010
23175.1751	22.621
23343.1120	22.519
23512.2658	22.764
23682.6454	23.090
23854.2596	23.137
24027.1174	23.121
24201.2278	22.945
24376.5998	22.735
24553.2427	22.655
24731.1657	22.603
24910.3779	22.590
25090.8887	22.585
25272.7077	22.528
25455.8441	22.460
25640.3077	22.422
25826.1079	22.388
26013.2545	22.400
26201.7573	22.418
26391.6260	22.461
26582.8706	22.507
26775.5011	22.455
26969.5274	22.389
27164.9597	22.435
27361.8082	22.497
27560.0831	22.443
27759.7949	22.375
27960.9538	22.358
28163.5704	22.347
28367.6552	22.295
28573.2189	22.238
28780.2723	22.305
28988.8260	22.384
29198.8910	22.402
29410.4782	22.414
29623.5986	22.367
29838.2634	22.315
30054.4838	22.342
30272.2709	22.374
30491.6363	22.359
30712.5913	22.342
30935.1474	22.314
31159.3162	22.285
31385.1094	22.331
31612.5389	22.380
31841.6164	22.397
32072.3539	22.412
32304.7634	22.376
32538.8570	22.337
32774.6470	22.289
33012.1456	22.240
33251.3652	22.238
33492.3183	22.237
33735.0174	22.278
33979.4753	22.319
34225.7045	22.310
34473.7181	22.301
34723.5289	22.289
34975.1499	22.277
35228.5942	22.262
35483.8752	22.248
35741.0059	22.258
36000.0000	22.267
36260.8708	22.280
36523.6321	22.292
36788.2974	22.237
37054.8805	22.184
37323.3955	22.166
37593.8562	22.150
37866.2767	22.175
38140.6714	22.199
38417.0544	22.207
38695.4402	22.214
38975.8433	22.187
39258.2784	22.162
39542.7600	22.161
39829.3032	22.161
40117.9227	22.162
40408.6337	22.161
40701.4514	22.143
40996.3909	22.123
41293.4676	22.079
41592.6971	22.038
41894.0949	22.029
42197.6768	22.025
42503.4586	22.072
42811.4561	22.112
43121.6856	22.078
43434.1631	22.050
43748.9050	22.082
44065.9276	22.105
44385.2474	22.054
44706.8812	22.007
45030.8457	21.984
45357.1578	21.958
45685.8345	21.913
46016.8928	21.883
46350.3502	21.953
46686.2240	22.009
47024.5316	21.983
