# w-L_01 (rta) — REW moving-mic RTA (spatial average over the listening area), as REW serves it with display smoothing off: unit SPL, smoothing field 1/48 (a 1/48-oct RTA's native resolution; 'None' and '1/48' are the same curve), ppo 96
# REW date 2026-Jun-15 14:54:07, uuid ef3deb1a-b70f-40df-b910-8eaf3580cff8, notes: "65536-point 1/48 octave RTA using Hann window, no smoothing and 150 averages\n\nInput RMS 93.00 dB\n92.2 dB C, 85.6 dB A\n92.6 dB 22 - 22k UNW\n41.9 dB >22k\n"
# freq_Hz	SPL_dB
4.3945	54.931
4.4264	54.964
4.4585	55.003
4.4908	55.043
4.5233	55.083
4.5561	55.124
4.5891	55.164
4.6223	55.204
4.6558	55.245
4.6896	55.285
4.7236	55.325
4.7578	55.365
4.7923	55.406
4.8270	55.446
4.8620	55.486
4.8972	55.527
4.9327	55.567
4.9684	55.607
5.0044	55.648
5.0407	55.688
5.0772	55.728
5.1140	55.768
5.1511	55.809
5.1884	55.849
5.2260	55.889
5.2639	55.930
5.3020	55.970
5.3404	56.010
5.3791	56.051
5.4181	56.091
5.4574	56.131
5.4969	56.171
5.5368	56.212
5.5769	56.252
5.6173	56.292
5.6580	56.333
5.6990	56.373
5.7403	56.413
5.7819	56.454
5.8238	56.496
5.8660	56.546
5.9085	56.615
5.9513	56.688
5.9944	56.762
6.0379	56.836
6.0816	56.910
6.1257	56.984
6.1701	57.058
6.2148	57.132
6.2598	57.206
6.3052	57.280
6.3509	57.354
6.3969	57.428
6.4433	57.502
6.4900	57.577
6.5370	57.651
6.5844	57.725
6.6321	57.799
6.6801	57.873
6.7285	57.947
6.7773	58.021
6.8264	58.095
6.8759	58.169
6.9257	58.243
6.9759	58.317
7.0264	58.391
7.0774	58.465
7.1286	58.539
7.1803	58.613
7.2323	58.688
7.2847	58.762
7.3375	58.838
7.3907	58.916
7.4442	58.995
7.4982	59.075
7.5525	59.154
7.6073	59.233
7.6624	59.312
7.7179	59.391
7.7738	59.471
7.8302	59.550
7.8869	59.629
7.9441	59.708
8.0016	59.787
8.0596	59.867
8.1180	59.946
8.1768	60.025
8.2361	60.104
8.2958	60.183
8.3559	60.263
8.4164	60.342
8.4774	60.421
8.5389	60.500
8.6007	60.579
8.6631	60.658
8.7258	60.736
8.7891	60.806
8.8528	60.844
8.9169	60.875
8.9815	60.904
9.0466	60.933
9.1122	60.963
9.1782	60.992
9.2447	61.021
9.3117	61.050
9.3792	61.080
9.4471	61.109
9.5156	61.138
9.5845	61.167
9.6540	61.196
9.7240	61.226
9.7944	61.255
9.8654	61.284
9.9369	61.313
10.0089	61.343
10.0814	61.372
10.1545	61.401
10.2281	61.432
10.3022	61.471
10.3768	61.514
10.4520	61.558
10.5278	61.602
10.6040	61.646
10.6809	61.690
10.7583	61.734
10.8362	61.778
10.9148	61.822
10.9939	61.866
11.0735	61.911
11.1538	61.955
11.2346	61.999
11.3160	62.043
11.3980	62.087
11.4806	62.131
11.5638	62.176
11.6476	62.221
11.7320	62.270
11.8170	62.329
11.9026	62.390
11.9889	62.451
12.0758	62.513
12.1633	62.575
12.2514	62.636
12.3402	62.698
12.4296	62.760
12.5197	62.821
12.6104	62.883
12.7018	62.945
12.7938	63.006
12.8865	63.068
12.9799	63.129
13.0740	63.187
13.1687	63.224
13.2641	63.173
13.3603	63.086
13.4571	62.991
13.5546	62.896
13.6528	62.800
13.7517	62.705
13.8514	62.609
13.9518	62.514
14.0529	62.418
14.1547	62.323
14.2573	62.227
14.3606	62.132
14.4646	62.037
14.5695	61.946
14.6750	61.875
14.7814	61.842
14.8885	61.818
14.9964	61.795
15.1051	61.772
15.2145	61.749
15.3248	61.726
15.4358	61.704
15.5477	61.681
15.6603	61.658
15.7738	61.635
15.8881	61.613
16.0032	61.592
16.1192	61.579
16.2360	61.595
16.3537	61.619
16.4722	61.643
16.5915	61.667
16.7118	61.692
16.8329	61.716
16.9548	61.740
17.0777	61.765
17.2015	61.789
17.3261	61.814
17.4517	61.839
17.5781	61.866
17.7055	61.904
17.8338	61.945
17.9630	61.987
18.0932	62.028
18.2243	62.069
18.3564	62.111
18.4894	62.152
18.6234	62.193
18.7583	62.235
18.8943	62.281
19.0312	62.350
19.1691	62.513
19.3080	62.707
19.4479	62.905
19.5888	63.105
19.7308	63.305
19.8738	63.504
20.0178	63.704
20.1628	63.904
20.3089	64.102
20.4561	64.294
20.6043	64.459
20.7536	64.606
20.9040	64.749
21.0555	64.892
21.2081	65.034
21.3618	65.177
21.5166	65.319
21.6725	65.460
21.8295	65.596
21.9877	65.697
22.1470	65.699
22.3075	65.677
22.4692	65.651
22.6320	65.626
22.7960	65.600
22.9612	65.574
23.1276	65.547
23.2952	65.519
23.4640	65.479
23.6340	65.409
23.8053	65.332
23.9778	65.254
24.1515	65.176
24.3265	65.098
24.5028	65.020
24.6804	64.940
24.8592	64.845
25.0394	64.691
25.2208	64.505
25.4036	64.312
25.5877	64.119
25.7731	63.925
25.9598	63.730
26.1480	63.532
26.3374	63.305
26.5283	62.951
26.7205	62.543
26.9141	62.124
27.1092	61.702
27.3056	61.282
27.5035	60.864
27.7028	60.474
27.9035	60.217
28.1057	60.156
28.3094	60.142
28.5145	60.135
28.7212	60.129
28.9293	60.127
29.1389	60.149
29.3501	60.285
29.5628	60.629
29.7770	61.021
29.9928	61.419
30.2101	61.816
30.4290	62.209
30.6495	62.572
30.8716	62.810
31.0953	62.923
31.3207	63.008
31.5476	63.090
31.7762	63.170
32.0065	63.239
32.2384	63.249
32.4720	63.052
32.7073	62.805
32.9444	62.549
33.1831	62.293
33.4235	62.044
33.6657	61.852
33.9097	61.895
34.1554	62.023
34.4029	62.165
34.6522	62.311
34.9033	62.473
35.1562	62.732
35.4110	63.351
35.6676	64.049
35.9261	64.757
36.1864	65.465
36.4486	66.167
36.7128	66.841
36.9788	67.478
37.2467	68.107
37.5167	68.733
37.7885	69.338
38.0623	69.826
38.3382	69.855
38.6160	69.739
38.8958	69.598
39.1777	69.452
39.4616	69.309
39.7475	69.172
40.0355	69.041
40.3257	68.911
40.6179	68.785
40.9122	68.679
41.2087	68.665
41.5073	68.715
41.8081	68.779
42.1110	68.850
42.4162	68.955
42.7235	69.196
43.0331	69.502
43.3450	69.817
43.6591	70.117
43.9754	70.334
44.2941	70.307
44.6151	70.222
44.9384	70.124
45.2640	69.997
45.5920	69.742
45.9224	69.372
46.2552	68.974
46.5904	68.567
46.9280	68.138
47.2680	67.652
47.6105	67.151
47.9556	66.659
48.3031	66.248
48.6531	66.193
49.0056	66.268
49.3608	66.368
49.7184	66.478
50.0787	66.620
50.4416	66.778
50.8071	66.936
51.1753	67.073
51.5461	67.124
51.9197	67.129
52.2959	67.123
52.6749	67.101
53.0566	67.019
53.4410	66.914
53.8283	66.815
54.2183	66.784
54.6112	66.983
55.0070	67.235
55.4056	67.487
55.8071	67.707
56.2115	67.878
56.6188	68.039
57.0291	68.198
57.4423	68.352
57.8586	68.502
58.2779	68.636
58.7002	68.699
59.1255	68.626
59.5540	68.513
59.9855	68.338
60.4202	67.903
60.8580	67.363
61.2990	66.870
61.7432	66.717
62.1907	66.915
62.6413	67.170
63.0952	67.334
63.5525	67.298
64.0130	67.216
64.4768	67.134
64.9441	67.071
65.4147	67.004
65.8887	66.871
66.3662	66.448
66.8471	65.937
67.3315	65.456
67.8194	65.185
68.3108	65.002
68.8058	64.898
69.3044	65.062
69.8067	65.316
70.3125	65.608
70.8220	65.993
71.3352	66.391
71.8521	66.749
72.3728	67.000
72.8973	67.186
73.4255	67.178
73.9576	66.899
74.4935	66.655
75.0333	66.851
75.5770	67.392
76.1247	67.990
76.6763	68.559
77.2320	69.121
77.7916	69.704
78.3553	70.317
78.9231	70.897
79.4950	71.322
80.0711	71.629
80.6513	71.778
81.2357	71.570
81.8244	71.289
82.4173	71.057
83.0146	70.906
83.6161	70.979
84.2220	71.494
84.8323	72.040
85.4471	72.325
86.0663	72.462
86.6899	72.453
87.3181	72.302
87.9509	72.178
88.5882	72.231
89.2301	72.340
89.8767	72.500
90.5280	72.674
91.1840	72.819
91.8448	72.925
92.5103	72.970
93.1807	72.954
93.8559	73.066
94.5360	73.523
95.2211	74.043
95.9111	74.509
96.6061	74.808
97.3062	74.433
98.0113	73.904
98.7215	73.728
99.4369	73.719
100.1575	73.678
100.8832	73.600
101.6143	73.485
102.3506	73.350
103.0923	73.199
103.8393	73.072
104.5918	73.089
105.3497	73.188
106.1131	73.354
106.8821	73.540
107.6566	73.715
108.4367	73.765
109.2225	73.362
110.0139	72.897
110.8112	72.529
111.6141	72.111
112.4229	71.601
113.2376	71.206
114.0582	70.973
114.8847	70.918
115.7172	70.918
116.5557	70.799
117.4003	70.482
118.2511	69.845
119.1080	69.342
119.9711	69.202
120.8404	69.818
121.7161	70.610
122.5981	71.089
123.4865	71.076
124.3813	70.664
125.2826	70.475
126.1905	70.463
127.1049	70.544
128.0260	70.348
128.9537	69.948
129.8881	69.532
130.8294	68.824
131.7774	67.765
132.7323	66.525
133.6942	65.341
134.6630	64.323
135.6388	63.445
136.6217	62.499
137.6117	61.350
138.6089	59.859
139.6133	58.128
140.6250	56.313
141.6440	55.137
142.6704	54.501
143.7043	54.373
144.7456	54.834
145.7945	55.625
146.8510	56.511
147.9151	57.347
148.9870	58.044
150.0666	58.429
151.1541	58.486
152.2494	58.246
153.3526	57.758
154.4639	56.822
155.5832	55.749
156.7106	55.143
157.8462	55.141
158.9900	55.451
160.1422	56.325
161.3026	57.839
162.4715	59.518
163.6488	60.774
164.8347	61.784
166.0291	62.405
167.2323	62.735
168.4441	63.404
169.6647	64.631
170.8942	65.849
172.1325	66.932
173.3799	67.747
174.6363	68.119
175.9017	68.138
177.1764	68.615
178.4603	69.059
179.7535	69.213
181.0561	69.708
182.3681	70.486
183.6896	71.293
185.0207	71.730
186.3614	71.552
187.7119	71.470
189.0721	71.524
190.4422	71.553
191.8222	70.950
193.2122	69.979
194.6123	69.861
196.0226	70.076
197.4430	69.733
198.8738	69.532
200.3149	69.041
201.7665	68.823
203.2286	68.754
204.7012	68.634
206.1846	68.284
207.6787	67.748
209.1836	67.266
210.6994	66.939
212.2262	67.002
213.7641	67.366
215.3131	67.749
216.8734	68.144
218.4450	68.708
220.0279	69.352
221.6223	69.783
223.2283	70.037
224.8459	70.260
226.4752	70.427
228.1163	70.331
229.7694	70.095
231.4344	70.119
233.1114	70.349
234.8007	70.533
236.5021	70.676
238.2159	70.893
239.9421	71.103
241.6808	70.998
243.4322	70.689
245.1962	70.482
246.9730	70.422
248.7626	70.574
250.5653	70.788
252.3810	70.686
254.2098	70.366
256.0519	70.051
257.9074	69.750
259.7763	69.370
261.6587	69.010
263.5548	69.022
265.4647	69.290
267.3883	69.624
269.3259	69.871
271.2776	69.629
273.2434	69.145
275.2234	68.918
277.2178	68.872
279.2266	68.791
281.2500	68.649
283.2881	68.408
285.3409	68.127
287.4086	67.924
289.4913	67.812
291.5890	67.898
293.7020	68.033
295.8303	67.930
297.9740	67.774
300.1332	68.002
302.3081	68.450
304.4988	68.930
306.7053	69.338
308.9278	69.441
311.1664	69.443
313.4213	69.672
315.6925	70.006
317.9801	70.263
320.2843	70.463
322.6052	70.601
324.9429	70.683
327.2976	70.621
329.6693	70.497
332.0583	70.391
334.4645	70.363
336.8882	70.611
339.3294	70.860
341.7883	70.564
344.2651	70.088
346.7597	69.951
349.2725	69.922
351.8035	69.595
354.3528	69.111
356.9206	68.545
359.5070	67.970
362.1121	67.482
364.7361	67.096
367.3792	66.994
370.0413	66.962
372.7228	66.717
375.4237	66.357
378.1442	65.889
380.8844	65.428
383.6444	65.189
386.4245	65.001
389.2247	64.616
392.0451	64.100
394.8861	63.345
397.7476	62.671
400.6298	62.787
403.5329	62.956
406.4571	61.932
409.4025	60.574
412.3692	59.882
415.3574	59.435
418.3672	58.711
421.3989	57.955
424.4525	57.606
427.5283	57.291
430.6263	56.374
433.7468	55.314
436.8899	54.655
440.0558	54.024
443.2446	52.685
446.4565	51.118
449.6918	49.770
452.9504	48.559
456.2327	47.579
459.5387	46.946
462.8687	47.504
466.2229	48.476
469.6013	49.693
473.0042	50.890
476.4318	51.849
479.8842	52.726
483.3617	53.513
486.8643	54.328
490.3923	55.301
493.9459	56.241
497.5253	56.936
501.1305	57.589
504.7619	58.277
508.4196	58.915
512.1039	59.323
515.8148	59.641
519.5526	59.787
523.3175	59.836
527.1096	59.626
530.9293	59.349
534.7766	59.049
538.6518	58.866
542.5551	59.172
546.4867	59.643
550.4468	60.294
554.4355	60.975
558.4532	61.647
562.5000	62.404
566.5761	63.407
570.6818	64.264
574.8171	64.487
578.9825	64.566
583.1781	64.588
587.4040	64.517
591.6606	64.148
595.9480	63.707
600.2665	63.272
604.6163	62.948
608.9976	62.983
613.4106	63.029
617.8556	62.843
622.3329	62.694
626.8425	62.821
631.3849	62.915
635.9602	62.697
640.5686	62.346
645.2104	61.786
649.8859	61.060
654.5952	59.959
659.3387	58.877
664.1165	58.237
668.9290	58.019
673.7763	58.630
678.6588	59.482
683.5766	60.495
688.5301	61.591
693.5195	62.769
698.5450	63.675
703.6070	63.885
708.7056	64.050
713.8412	64.428
719.0140	64.723
724.2242	64.705
729.4722	64.708
734.7583	64.949
740.0827	65.352
745.4456	66.021
750.8474	66.847
756.2884	67.862
761.7687	68.717
767.2888	69.139
772.8489	69.386
778.4493	69.443
784.0903	69.575
789.7721	69.945
795.4951	70.282
801.2596	70.426
807.0659	70.433
812.9142	70.196
818.8049	69.648
824.7383	68.505
830.7147	67.237
836.7344	66.057
842.7977	65.026
848.9050	64.297
855.0565	63.850
861.2526	63.836
867.4936	63.962
873.7798	64.162
880.1116	64.313
886.4892	64.311
892.9131	64.082
899.3835	63.483
905.9008	62.936
912.4653	62.707
919.0774	62.810
925.7375	63.376
932.4457	64.042
939.2026	64.727
946.0085	65.426
952.8636	66.088
959.7685	66.414
966.7234	66.209
973.7286	66.113
980.7847	66.415
987.8918	66.891
995.0505	67.464
1002.2611	67.813
1009.5239	67.762
1016.8393	67.587
1024.2077	67.324
1031.6295	66.917
1039.1052	66.301
1046.6349	65.637
1054.2193	64.964
1061.8586	64.226
1069.5533	63.388
1077.3037	62.553
1085.1103	61.798
1092.9734	61.282
1100.8936	61.117
1108.8711	61.083
1116.9064	61.124
1125.0000	61.164
1133.1522	61.213
1141.3635	61.418
1149.6343	61.824
1157.9650	62.193
1166.3561	62.473
1174.8080	62.791
1183.3211	63.145
1191.8960	63.313
1200.5330	63.240
1209.2325	63.212
1217.9951	63.272
1226.8212	63.153
1235.7113	62.774
1244.6657	62.347
1253.6851	61.955
1262.7698	61.718
1271.9204	61.745
1281.1372	62.202
1290.4209	63.086
1299.7718	63.975
1309.1905	64.813
1318.6774	65.760
1328.2331	66.741
1337.8580	67.306
1347.5527	67.418
1357.3176	67.569
1367.1533	67.856
1377.0602	68.151
1387.0390	68.381
1397.0900	68.372
1407.2139	68.057
1417.4112	67.381
1427.6823	66.337
1438.0279	65.066
1448.4484	63.712
1458.9445	62.878
1469.5166	62.678
1480.1653	62.652
1490.8912	62.697
1501.6948	62.904
1512.5767	63.213
1523.5375	63.312
1534.5777	63.175
1545.6979	62.959
1556.8986	62.733
1568.1805	62.620
1579.5442	62.639
1590.9903	62.767
1602.5192	62.894
1614.1317	62.622
1625.8284	62.007
1637.6098	61.542
1649.4766	61.282
1661.4294	61.031
1673.4688	60.755
1685.5955	60.502
1697.8100	60.263
1710.1130	59.965
1722.5052	59.592
1734.9872	59.102
1747.5596	58.433
1760.2231	57.224
1772.9785	55.664
1785.8262	54.754
1798.7670	54.715
1811.8016	55.617
1824.9307	56.973
1838.1549	57.906
1851.4749	58.424
1864.8915	58.636
1878.4052	58.613
1892.0169	58.299
1905.7273	57.785
1919.5370	57.229
1933.4467	56.766
1947.4573	56.791
1961.5693	57.111
1975.7837	57.197
1990.1010	57.041
2004.5221	56.668
2019.0477	56.171
2033.6786	55.674
2048.4154	55.187
2063.2591	54.667
2078.2103	54.244
2093.2699	54.425
2108.4386	55.057
2123.7172	55.929
2139.1065	56.856
2154.6074	57.568
2170.2206	57.999
2185.9469	57.740
2201.7871	57.032
2217.7422	56.111
2233.8129	55.138
2250.0000	54.396
2266.3044	53.952
2282.7270	54.176
2299.2686	54.860
2315.9300	55.894
2332.7122	56.984
2349.6160	57.702
2366.6423	58.133
2383.7920	58.180
2401.0659	58.011
2418.4650	57.710
2435.9902	57.271
2453.6424	56.403
2471.4225	55.363
2489.3314	54.684
2507.3702	54.244
2525.5396	53.823
2543.8407	53.403
2562.2744	53.052
2580.8417	52.894
2599.5436	53.412
2618.3809	54.135
2637.3548	54.394
2656.4662	54.395
2675.7160	54.294
2695.1053	54.387
2714.6352	55.377
2734.3066	56.638
2754.1205	57.478
2774.0780	57.986
2794.1801	57.882
2814.4279	57.587
2834.8224	57.610
2855.3647	57.880
2876.0558	58.490
2896.8969	59.067
2917.8890	58.947
2939.0332	58.424
2960.3307	57.315
2981.7824	56.054
3003.3897	55.351
3025.1535	54.966
3047.0750	54.764
3069.1553	54.647
3091.3957	54.635
3113.7972	54.509
3136.3611	53.623
3159.0885	52.415
3181.9805	51.154
3205.0385	50.004
3228.2635	49.453
3251.6568	49.151
3275.2197	48.845
3298.9533	48.520
3322.8588	48.179
3346.9376	47.849
3371.1909	47.603
3395.6200	47.572
3420.2260	48.273
3445.0104	49.108
3469.9744	49.551
3495.1192	49.659
3520.4463	48.761
3545.9569	47.745
3571.6524	47.786
3597.5340	48.066
3623.6032	47.719
3649.8614	47.178
3676.3098	46.707
3702.9498	46.547
3729.7829	47.475
3756.8105	48.502
3784.0339	48.782
3811.4545	48.784
3839.0739	48.415
3866.8934	47.862
3894.9145	46.904
3923.1387	46.022
3951.5674	46.075
3980.2020	46.207
4009.0442	45.417
4038.0954	44.512
4067.3571	44.335
4096.8309	44.460
4126.5182	44.913
4156.4206	45.246
4186.5398	44.738
4216.8772	43.966
4247.4344	42.900
4278.2131	41.710
4309.2148	40.284
4340.4411	38.931
4371.8937	38.310
4403.5743	37.856
4435.4844	37.174
4467.6257	36.436
4500.0000	35.761
4532.6089	35.317
4565.4540	35.691
4598.5372	36.297
4631.8601	37.011
4665.4244	37.505
4699.2320	37.152
4733.2846	36.779
4767.5839	37.009
4802.1318	37.282
4836.9300	37.197
4871.9804	36.971
4907.2848	36.546
4942.8450	36.207
4978.6629	36.326
5014.7403	36.583
5051.0792	36.928
5087.6814	37.240
5124.5489	37.402
5161.6834	37.581
5199.0871	37.887
5236.7619	38.033
5274.7096	37.606
5312.9323	37.136
5351.4320	36.937
5390.2107	36.687
5429.2704	36.087
5468.6131	35.603
5508.2409	35.674
5548.1559	35.546
5588.3602	34.426
5628.8557	33.238
5669.6447	32.651
5710.7293	32.320
5752.1116	32.225
5793.7938	32.239
5835.7780	32.371
5878.0664	32.311
5920.6613	31.678
5963.5649	30.970
6006.7793	30.447
6050.3069	30.060
6094.1500	29.873
6138.3107	29.630
6182.7914	29.120
6227.5945	28.494
6272.7222	27.758
6318.1769	27.138
6363.9610	26.855
6410.0769	26.535
6456.5270	25.947
6503.3136	25.448
6550.4393	25.309
6597.9065	25.230
6645.7177	25.099
6693.8753	24.989
6742.3818	24.967
6791.2399	25.026
6840.4520	25.200
6890.0208	25.323
6939.9487	25.293
6990.2384	25.256
7040.8926	25.262
7091.9138	25.204
7143.3047	25.012
7195.0681	24.884
7247.2065	24.942
7299.7227	25.027
7352.6195	25.084
7405.8997	25.119
7459.5659	25.129
7513.6209	25.166
7568.0677	25.256
7622.9091	25.316
7678.1478	25.307
7733.7868	25.309
7789.8290	25.354
7846.2774	25.393
7903.1347	25.400
7960.4041	25.388
8018.0885	25.354
8076.1908	25.319
8134.7142	25.297
8193.6617	25.314
8253.0364	25.388
8312.8413	25.450
8373.0796	25.461
8433.7544	25.389
8494.8688	25.215
8556.4261	25.091
8618.4295	25.085
8680.8822	25.117
8743.7875	25.167
8807.1486	25.216
8870.9688	25.254
8935.2515	25.262
9000.0000	25.229
9065.2177	25.202
9130.9080	25.197
9197.0743	25.209
9263.7201	25.236
9330.8489	25.250
9398.4640	25.259
9466.5692	25.344
9535.1678	25.539
9604.2636	25.765
9673.8601	25.983
9743.9608	26.097
9814.5696	26.065
9885.6900	25.948
9957.3258	25.764
10029.4807	25.604
10102.1584	25.503
10175.3628	25.471
10249.0977	25.504
10323.3669	25.508
10398.1743	25.465
10473.5237	25.455
10549.4192	25.492
10625.8646	25.518
10702.8640	25.519
10780.4214	25.518
10858.5408	25.523
10937.2262	25.539
11016.4819	25.563
11096.3119	25.581
11176.7203	25.589
11257.7114	25.581
11339.2894	25.562
11421.4586	25.557
11504.2232	25.571
11587.5876	25.590
11671.5560	25.610
11756.1329	25.625
11841.3227	25.641
11927.1298	25.677
12013.5587	25.736
12100.6139	25.794
12188.2999	25.844
12276.6214	25.872
12365.5828	25.881
12455.1889	25.903
12545.4444	25.944
12636.3538	25.999
12727.9221	26.051
12820.1538	26.039
12913.0540	25.976
13006.6273	25.957
13100.8786	25.993
13195.8130	26.064
13291.4353	26.145
13387.7505	26.169
13484.7637	26.140
13582.4798	26.106
13680.9041	26.078
13780.0416	26.065
13879.8974	26.068
13980.4769	26.097
14081.7852	26.142
14183.8276	26.169
14286.6095	26.178
14390.1361	26.180
14494.4130	26.173
14599.4455	26.131
14705.2391	26.067
14811.7993	26.028
14919.1317	26.031
15027.2419	26.128
15136.1355	26.257
15245.8182	26.229
15356.2956	26.094
15467.5737	26.058
15579.6581	26.111
15692.5547	26.169
15806.2694	26.220
15920.8082	26.287
16036.1769	26.353
16152.3817	26.363
16269.4285	26.336
16387.3235	26.323
16506.0728	26.322
16625.6826	26.308
16746.1591	26.296
16867.5087	26.340
16989.7376	26.412
17112.8523	26.440
17236.8591	26.444
17361.7644	26.487
17487.5749	26.546
17614.2971	26.550
17741.9376	26.537
17870.5030	26.618
18000.0000	26.773
18130.4354	26.989
18261.8160	27.207
18394.1487	27.299
18527.4403	27.290
18661.6977	27.166
18796.9281	27.026
18933.1384	27.110
19070.3357	27.497
19208.5272	28.534
19347.7201	29.598
19487.9217	29.411
19629.1392	28.554
19771.3800	27.803
19914.6516	27.228
20058.9614	26.855
20204.3169	26.536
20350.7257	25.991
20498.1954	25.320
20646.7338	24.677
20796.3485	24.097
20947.0475	23.698
21098.8384	23.415
21251.7293	23.245
21405.7281	23.136
21560.8428	23.080
21717.0816	23.052
21874.4525	23.052
22032.9638	23.052
22192.6237	23.004
22353.4406	22.951
22515.4229	22.982
22678.5789	23.036
22842.9172	23.020
23008.4464	23.034
23175.1751	23.360
23343.1120	24.232
23512.2658	26.433
23682.6454	29.175
23854.2596	32.055
24027.1174	34.333
24201.2278	34.324
24376.5998	33.256
24553.2427	30.826
24731.1657	27.866
24910.3779	25.744
25090.8887	24.352
25272.7077	23.716
25455.8441	23.395
25640.3077	23.191
25826.1079	23.043
26013.2545	23.005
26201.7573	22.977
26391.6260	22.808
26582.8706	22.611
26775.5011	22.536
26969.5274	22.508
27164.9597	22.484
27361.8082	22.468
27560.0831	22.488
27759.7949	22.509
27960.9538	22.473
28163.5704	22.422
28367.6552	22.390
28573.2189	22.381
28780.2723	22.449
28988.8260	22.515
29198.8910	22.466
29410.4782	22.393
29623.5986	22.378
29838.2634	22.392
30054.4838	22.450
30272.2709	22.494
30491.6363	22.427
30712.5913	22.348
30935.1474	22.359
31159.3162	22.382
31385.1094	22.347
31612.5389	22.306
31841.6164	22.316
32072.3539	22.335
32304.7634	22.331
32538.8570	22.320
32774.6470	22.307
33012.1456	22.305
33251.3652	22.347
33492.3183	22.393
33735.0174	22.407
33979.4753	22.410
34225.7045	22.410
34473.7181	22.398
34723.5289	22.343
34975.1499	22.294
35228.5942	22.312
35483.8752	22.333
35741.0059	22.301
36000.0000	22.278
36260.8708	22.341
36523.6321	22.405
36788.2974	22.396
37054.8805	22.363
37323.3955	22.301
37593.8562	22.246
37866.2767	22.239
38140.6714	22.241
38417.0544	22.230
38695.4402	22.219
38975.8433	22.222
39258.2784	22.221
39542.7600	22.199
39829.3032	22.190
40117.9227	22.237
40408.6337	22.281
40701.4514	22.269
40996.3909	22.241
41293.4676	22.203
41592.6971	22.170
41894.0949	22.164
42197.6768	22.156
42503.4586	22.128
42811.4561	22.107
43121.6856	22.124
43434.1631	22.138
43748.9050	22.115
44065.9276	22.087
44385.2474	22.072
44706.8812	22.059
45030.8457	22.047
45357.1578	22.039
45685.8345	22.045
46016.8928	22.041
46350.3502	22.005
46686.2240	21.980
47024.5316	21.997
