# m-L_01 (rta) ver-vol — REW moving-mic RTA (spatial average over the listening area), as REW serves it with display smoothing off: unit SPL, smoothing field None (a 1/48-oct RTA's native resolution; 'None' and '1/48' are the same curve), ppo 96
# REW date 2026-Aug-24 10:21:14, uuid 2d9142a1-81b5-4b83-85e0-c6a905354370, notes: "65536-point 1/48 octave RTA using Hann window, no smoothing and 150 averages\n\nInput RMS 71.74 dB\n71.5 dB C, 71.8 dB A\n71.7 dB 22 - 22k UNW\n25.0 dB >22k\n"
# freq_Hz	SPL_dB
4.3945	33.425
4.4264	33.422
4.4585	33.420
4.4908	33.418
4.5233	33.416
4.5561	33.413
4.5891	33.411
4.6223	33.409
4.6558	33.407
4.6896	33.404
4.7236	33.402
4.7578	33.400
4.7923	33.397
4.8270	33.395
4.8620	33.393
4.8972	33.391
4.9327	33.388
4.9684	33.386
5.0044	33.384
5.0407	33.382
5.0772	33.379
5.1140	33.377
5.1511	33.375
5.1884	33.373
5.2260	33.370
5.2639	33.368
5.3020	33.366
5.3404	33.364
5.3791	33.361
5.4181	33.359
5.4574	33.357
5.4969	33.354
5.5368	33.352
5.5769	33.350
5.6173	33.348
5.6580	33.345
5.6990	33.343
5.7403	33.341
5.7819	33.339
5.8238	33.336
5.8660	33.332
5.9085	33.320
5.9513	33.307
5.9944	33.295
6.0379	33.282
6.0816	33.270
6.1257	33.257
6.1701	33.245
6.2148	33.232
6.2598	33.219
6.3052	33.207
6.3509	33.194
6.3969	33.182
6.4433	33.169
6.4900	33.157
6.5370	33.144
6.5844	33.131
6.6321	33.119
6.6801	33.106
6.7285	33.094
6.7773	33.081
6.8264	33.069
6.8759	33.056
6.9257	33.043
6.9759	33.031
7.0264	33.018
7.0774	33.006
7.1286	32.993
7.1803	32.981
7.2323	32.968
7.2847	32.955
7.3375	32.952
7.3907	32.975
7.4442	32.999
7.4982	33.022
7.5525	33.045
7.6073	33.069
7.6624	33.092
7.7179	33.115
7.7738	33.139
7.8302	33.162
7.8869	33.185
7.9441	33.209
8.0016	33.232
8.0596	33.256
8.1180	33.279
8.1768	33.302
8.2361	33.326
8.2958	33.349
8.3559	33.372
8.4164	33.396
8.4774	33.419
8.5389	33.442
8.6007	33.466
8.6631	33.489
8.7258	33.512
8.7891	33.536
8.8528	33.477
8.9169	33.418
8.9815	33.360
9.0466	33.301
9.1122	33.242
9.1782	33.183
9.2447	33.125
9.3117	33.066
9.3792	33.007
9.4471	32.948
9.5156	32.890
9.5845	32.831
9.6540	32.772
9.7240	32.714
9.7944	32.655
9.8654	32.596
9.9369	32.537
10.0089	32.479
10.0814	32.420
10.1545	32.361
10.2281	32.302
10.3022	32.238
10.3768	32.170
10.4520	32.102
10.5278	32.035
10.6040	31.967
10.6809	31.899
10.7583	31.832
10.8362	31.764
10.9148	31.696
10.9939	31.628
11.0735	31.561
11.1538	31.493
11.2346	31.425
11.3160	31.358
11.3980	31.290
11.4806	31.222
11.5638	31.154
11.6476	31.087
11.7320	31.018
11.8170	30.942
11.9026	30.866
11.9889	30.790
12.0758	30.714
12.1633	30.639
12.2514	30.563
12.3402	30.487
12.4296	30.411
12.5197	30.335
12.6104	30.260
12.7018	30.184
12.7938	30.108
12.8865	30.032
12.9799	29.956
13.0740	29.881
13.1687	29.805
13.2641	29.821
13.3603	29.853
13.4571	29.886
13.5546	29.919
13.6528	29.952
13.7517	29.985
13.8514	30.018
13.9518	30.051
14.0529	30.084
14.1547	30.116
14.2573	30.149
14.3606	30.182
14.4646	30.215
14.5695	30.248
14.6750	30.291
14.7814	30.365
14.8885	30.439
14.9964	30.513
15.1051	30.587
15.2145	30.661
15.3248	30.735
15.4358	30.809
15.5477	30.883
15.6603	30.957
15.7738	31.031
15.8881	31.105
16.0032	31.179
16.1192	31.246
16.2360	31.177
16.3537	31.108
16.4722	31.040
16.5915	30.971
16.7118	30.903
16.8329	30.834
16.9548	30.765
17.0777	30.697
17.2015	30.628
17.3261	30.560
17.4517	30.491
17.5781	30.422
17.7055	30.318
17.8338	30.214
17.9630	30.110
18.0932	30.006
18.2243	29.902
18.3564	29.797
18.4894	29.693
18.6234	29.589
18.7583	29.485
18.8943	29.381
19.0312	29.277
19.1691	29.210
19.3080	29.147
19.4479	29.084
19.5888	29.020
19.7308	28.957
19.8738	28.894
20.0178	28.831
20.1628	28.768
20.3089	28.705
20.4561	28.641
20.6043	28.675
20.7536	28.761
20.9040	28.847
21.0555	28.933
21.2081	29.019
21.3618	29.105
21.5166	29.191
21.6725	29.276
21.8295	29.362
21.9877	29.436
22.1470	29.388
22.3075	29.341
22.4692	29.294
22.6320	29.247
22.7960	29.200
22.9612	29.152
23.1276	29.105
23.2952	29.058
23.4640	28.988
23.6340	28.794
23.8053	28.601
23.9778	28.407
24.1515	28.213
24.3265	28.020
24.5028	27.826
24.6804	27.632
24.8592	27.438
25.0394	27.475
25.2208	27.584
25.4036	27.693
25.5877	27.803
25.7731	27.912
25.9598	28.021
26.1480	28.130
26.3374	28.240
26.5283	28.289
26.7205	28.328
26.9141	28.367
27.1092	28.406
27.3056	28.444
27.5035	28.483
27.7028	28.522
27.9035	28.487
28.1057	28.318
28.3094	28.149
28.5145	27.981
28.7212	27.812
28.9293	27.643
29.1389	27.474
29.3501	27.334
29.5628	27.277
29.7770	27.220
29.9928	27.164
30.2101	27.107
30.4290	27.051
30.6495	26.994
30.8716	26.866
31.0953	26.665
31.3207	26.464
31.5476	26.263
31.7762	26.061
32.0065	25.860
32.2384	25.663
32.4720	25.529
32.7073	25.396
32.9444	25.262
33.1831	25.129
33.4235	24.995
33.6657	24.862
33.9097	24.836
34.1554	24.824
34.4029	24.811
34.6522	24.799
34.9033	24.786
35.1562	24.774
35.4110	25.332
35.6676	25.890
35.9261	26.447
36.1864	27.005
36.4486	27.563
36.7128	28.089
36.9788	28.556
37.2467	29.022
37.5167	29.489
37.7885	29.955
38.0623	30.422
38.3382	30.279
38.6160	30.079
38.8958	29.880
39.1777	29.680
39.4616	29.480
39.7475	29.253
40.0355	29.014
40.3257	28.775
40.6179	28.536
40.9122	28.297
41.2087	28.141
41.5073	28.029
41.8081	27.918
42.1110	27.807
42.4162	27.695
42.7235	27.935
43.0331	28.267
43.3450	28.599
43.6591	28.931
43.9754	29.261
44.2941	29.567
44.6151	29.873
44.9384	30.178
45.2640	30.484
45.5920	30.327
45.9224	29.797
46.2552	29.267
46.5904	28.738
46.9280	28.297
47.2680	28.339
47.6105	28.381
47.9556	28.423
48.3031	28.465
48.6531	29.246
49.0056	30.114
49.3608	30.982
49.7184	31.851
50.0787	32.263
50.4416	32.532
50.8071	32.801
51.1753	33.069
51.5461	32.372
51.9197	31.345
52.2959	30.317
52.6749	29.290
53.0566	29.217
53.4410	29.321
53.8283	29.424
54.2183	29.520
54.6112	29.462
55.0070	29.403
55.4056	29.345
55.8071	29.255
56.2115	29.108
56.6188	28.962
57.0291	28.815
57.4423	28.655
57.8586	28.491
58.2779	28.327
58.7002	28.093
59.1255	27.650
59.5540	27.207
59.9855	26.764
60.4202	26.024
60.8580	25.225
61.2990	24.425
61.7432	23.609
62.1907	22.777
62.6413	21.944
63.0952	21.097
63.5525	20.203
64.0130	19.309
64.4768	18.455
64.9441	18.339
65.4147	18.223
65.8887	18.107
66.3662	18.110
66.8471	18.120
67.3315	18.130
67.8194	18.610
68.3108	19.145
68.8058	19.681
69.3044	19.561
69.8067	19.381
70.3125	19.201
70.8220	19.690
71.3352	20.180
71.8521	20.710
72.3728	21.478
72.8973	22.245
73.4255	22.780
73.9576	22.874
74.4935	22.968
75.0333	23.123
75.5770	23.317
76.1247	23.511
76.6763	22.933
77.2320	22.282
77.7916	21.662
78.3553	21.123
78.9231	20.584
79.4950	19.803
80.0711	18.911
80.6513	18.184
81.2357	18.421
81.8244	18.659
82.4173	19.053
83.0146	19.531
83.6161	19.819
84.2220	19.344
84.8323	18.869
85.4471	18.183
86.0663	17.440
86.6899	16.899
87.3181	16.631
87.9509	16.427
88.5882	16.828
89.2301	17.228
89.8767	17.421
90.5280	17.564
91.1840	17.670
91.8448	17.746
92.5103	17.982
93.1807	18.531
93.8559	19.216
94.5360	20.626
95.2211	22.027
95.9111	22.451
96.6061	22.874
97.3062	22.921
98.0113	22.923
98.7215	22.503
99.4369	21.984
100.1575	22.731
100.8832	23.879
101.6143	23.917
102.3506	23.562
103.0923	22.630
103.8393	21.500
104.5918	21.037
105.3497	20.762
106.1131	20.411
106.8821	20.046
107.6566	19.907
108.4367	19.804
109.2225	20.097
110.0139	20.578
110.8112	21.862
111.6141	22.931
112.4229	23.611
113.2376	23.877
114.0582	23.798
114.8847	23.124
115.7172	22.260
116.5557	22.945
117.4003	23.535
118.2511	23.808
119.1080	23.935
119.9711	23.931
120.8404	23.078
121.7161	22.133
122.5981	21.632
123.4865	21.040
124.3813	20.354
125.2826	20.025
126.1905	19.877
127.1049	20.122
128.0260	19.816
128.9537	19.250
129.8881	19.785
130.8294	19.838
131.7774	19.381
132.7323	17.892
133.6942	17.442
134.6630	18.597
135.6388	19.831
136.6217	20.523
137.6117	20.380
138.6089	19.796
139.6133	18.568
140.6250	16.605
141.6440	16.432
142.6704	17.114
143.7043	18.260
144.7456	18.256
145.7945	18.177
146.8510	18.748
147.9151	20.597
148.9870	20.684
150.0666	20.801
151.1541	20.924
152.2494	20.893
153.3526	20.324
154.4639	20.356
155.5832	20.630
156.7106	20.350
157.8462	19.913
158.9900	20.344
160.1422	20.598
161.3026	20.060
162.4715	19.698
163.6488	19.499
164.8347	20.109
166.0291	21.111
167.2323	21.806
168.4441	21.447
169.6647	20.680
170.8942	21.788
172.1325	22.322
173.3799	21.559
174.6363	20.362
175.9017	20.410
177.1764	22.104
178.4603	23.665
179.7535	23.162
181.0561	21.610
182.3681	21.092
183.6896	21.644
185.0207	21.504
186.3614	20.563
187.7119	21.433
189.0721	21.735
190.4422	20.635
191.8222	20.900
193.2122	20.619
194.6123	20.595
196.0226	21.473
197.4430	21.386
198.8738	21.251
200.3149	21.944
201.7665	23.035
203.2286	23.597
204.7012	23.954
206.1846	24.072
207.6787	24.002
209.1836	24.110
210.6994	24.354
212.2262	24.924
213.7641	25.736
215.3131	26.131
216.8734	26.225
218.4450	26.632
220.0279	27.259
221.6223	27.802
223.2283	28.290
224.8459	28.943
226.4752	29.708
228.1163	30.438
229.7694	31.145
231.4344	31.288
233.1114	31.077
234.8007	31.250
236.5021	31.656
238.2159	31.710
239.9421	31.556
241.6808	31.432
243.4322	31.326
245.1962	31.855
246.9730	32.739
248.7626	33.061
250.5653	33.078
252.3810	33.404
254.2098	33.891
256.0519	34.191
257.9074	34.395
259.7763	34.502
261.6587	34.561
263.5548	35.223
265.4647	36.173
267.3883	36.473
269.3259	36.472
271.2776	36.709
273.2434	37.054
275.2234	37.309
277.2178	37.526
279.2266	37.320
281.2500	36.936
283.2881	37.069
285.3409	37.412
287.4086	37.426
289.4913	37.311
291.5890	37.684
293.7020	38.244
295.8303	38.291
297.9740	38.149
300.1332	38.351
302.3081	38.676
304.4988	38.778
306.7053	38.804
308.9278	39.262
311.1664	39.863
313.4213	40.516
315.6925	41.186
317.9801	41.519
320.2843	41.750
322.6052	41.896
324.9429	42.018
327.2976	41.572
329.6693	40.965
332.0583	40.984
334.4645	41.175
336.8882	41.761
339.3294	42.451
341.7883	42.399
344.2651	42.161
346.7597	41.773
349.2725	41.348
351.8035	41.914
354.3528	42.707
356.9206	42.410
359.5070	41.874
362.1121	41.540
364.7361	41.249
367.3792	41.134
370.0413	41.054
372.7228	41.477
375.4237	41.995
378.1442	42.136
380.8844	42.209
383.6444	42.174
386.4245	42.121
389.2247	42.090
392.0451	42.064
394.8861	42.186
397.7476	42.330
400.6298	42.929
403.5329	43.594
406.4571	43.468
409.4025	43.236
412.3692	43.635
415.3574	44.114
418.3672	44.005
421.3989	43.828
424.4525	43.850
427.5283	43.894
430.6263	44.190
433.7468	44.510
436.8899	45.197
440.0558	45.917
443.2446	45.872
446.4565	45.762
449.6918	45.817
452.9504	45.884
456.2327	46.279
459.5387	46.697
462.8687	46.768
466.2229	46.818
469.6013	47.181
473.0042	47.560
476.4318	47.766
479.8842	47.965
483.3617	47.601
486.8643	47.216
490.3923	47.193
493.9459	47.180
497.5253	47.057
501.1305	46.932
504.7619	47.443
508.4196	47.964
512.1039	47.656
515.8148	47.340
519.5526	47.301
523.3175	47.266
527.1096	47.733
530.9293	48.193
534.7766	48.021
538.6518	47.851
542.5551	47.785
546.4867	47.721
550.4468	47.735
554.4355	47.751
558.4532	47.846
562.5000	47.966
566.5761	48.729
570.6818	49.476
574.8171	49.890
578.9825	50.306
583.1781	50.753
587.4040	51.173
591.6606	51.163
595.9480	51.219
600.2665	52.197
604.6163	53.080
608.9976	52.755
613.4106	52.432
617.8556	52.143
622.3329	51.850
626.8425	51.520
631.3849	51.161
635.9602	50.520
640.5686	49.909
645.2104	49.568
649.8859	49.202
654.5952	48.638
659.3387	48.102
664.1165	47.790
668.9290	47.586
673.7763	48.168
678.6588	48.694
683.5766	48.836
688.5301	48.995
693.5195	49.263
698.5450	49.404
703.6070	48.780
708.7056	48.276
713.8412	48.459
719.0140	48.646
724.2242	48.853
729.4722	48.964
734.7583	48.573
740.0827	48.304
745.4456	48.636
750.8474	49.017
756.2884	49.622
761.7687	50.292
767.2888	51.257
772.8489	52.212
778.4493	53.119
784.0903	53.846
789.7721	53.838
795.4951	53.778
801.2596	53.516
807.0659	53.235
812.9142	52.885
818.8049	52.549
824.7383	52.266
830.7147	52.003
836.7344	51.809
842.7977	51.716
848.9050	51.960
855.0565	52.008
861.2526	51.430
867.4936	50.829
873.7798	50.159
880.1116	49.650
886.4892	49.618
892.9131	49.477
899.3835	49.019
905.9008	48.723
912.4653	48.876
919.0774	48.902
925.7375	48.588
932.4457	48.440
939.2026	48.719
946.0085	48.687
952.8636	47.871
959.7685	47.229
966.7234	47.007
973.7286	46.927
980.7847	47.182
987.8918	47.416
995.0505	47.600
1002.2611	47.576
1009.5239	47.093
1016.8393	46.851
1024.2077	47.123
1031.6295	47.343
1039.1052	47.456
1046.6349	47.494
1054.2193	47.382
1061.8586	47.155
1069.5533	46.705
1077.3037	46.085
1085.1103	45.148
1092.9734	44.679
1100.8936	45.062
1108.8711	45.593
1116.9064	46.389
1125.0000	47.063
1133.1522	47.530
1141.3635	47.970
1149.6343	48.367
1157.9650	48.834
1166.3561	49.415
1174.8080	50.069
1183.3211	50.835
1191.8960	51.124
1200.5330	50.682
1209.2325	50.207
1217.9951	49.682
1226.8212	49.508
1235.7113	49.844
1244.6657	50.101
1253.6851	50.245
1262.7698	50.198
1271.9204	49.891
1281.1372	49.603
1290.4209	49.344
1299.7718	49.236
1309.1905	49.326
1318.6774	49.538
1328.2331	49.904
1337.8580	50.323
1347.5527	50.809
1357.3176	51.426
1367.1533	52.199
1377.0602	52.928
1387.0390	53.603
1397.0900	53.797
1407.2139	53.448
1417.4112	52.811
1427.6823	51.857
1438.0279	51.304
1448.4484	51.179
1458.9445	51.232
1469.5166	51.469
1480.1653	51.331
1490.8912	50.814
1501.6948	49.765
1512.5767	48.191
1523.5375	46.977
1534.5777	46.108
1545.6979	45.136
1556.8986	44.068
1568.1805	43.746
1579.5442	44.100
1590.9903	44.506
1602.5192	44.956
1614.1317	45.117
1625.8284	45.028
1637.6098	44.830
1649.4766	44.541
1661.4294	44.730
1673.4688	45.308
1685.5955	45.668
1697.8100	45.858
1710.1130	45.693
1722.5052	45.256
1734.9872	44.915
1747.5596	44.647
1760.2231	45.041
1772.9785	45.915
1785.8262	47.052
1798.7670	48.376
1811.8016	49.272
1824.9307	49.876
1838.1549	49.835
1851.4749	49.366
1864.8915	48.541
1878.4052	47.485
1892.0169	47.711
1905.7273	48.742
1919.5370	50.031
1933.4467	51.477
1947.4573	51.864
1961.5693	51.623
1975.7837	51.402
1990.1010	51.193
2004.5221	50.986
2019.0477	50.782
2033.6786	51.120
2048.4154	51.751
2063.2591	51.711
2078.2103	51.316
2093.2699	51.236
2108.4386	51.316
2123.7172	50.964
2139.1065	50.398
2154.6074	50.479
2170.2206	50.871
2185.9469	51.056
2201.7871	51.145
2217.7422	51.432
2233.8129	51.807
2250.0000	51.156
2266.3044	50.057
2282.7270	50.111
2299.2686	50.653
2315.9300	50.686
2332.7122	50.510
2349.6160	50.939
2366.6423	51.608
2383.7920	51.602
2401.0659	51.337
2418.4650	50.955
2435.9902	50.529
2453.6424	50.484
2471.4225	50.575
2489.3314	50.567
2507.3702	50.526
2525.5396	50.858
2543.8407	51.315
2562.2744	51.592
2580.8417	51.811
2599.5436	51.673
2618.3809	51.425
2637.3548	51.370
2656.4662	51.372
2675.7160	51.042
2695.1053	50.618
2714.6352	49.910
2734.3066	49.125
2754.1205	49.491
2774.0780	50.160
2794.1801	50.576
2814.4279	50.929
2834.8224	51.238
2855.3647	51.536
2876.0558	51.590
2896.8969	51.588
2917.8890	51.457
2939.0332	51.298
2960.3307	51.504
2981.7824	51.786
3003.3897	52.012
3025.1535	52.226
3047.0750	51.565
3069.1553	50.737
3091.3957	50.284
3113.7972	49.898
3136.3611	49.508
3159.0885	49.116
3181.9805	48.684
3205.0385	48.246
3228.2635	47.591
3251.6568	46.904
3275.2197	46.257
3298.9533	45.617
3322.8588	45.765
3346.9376	46.019
3371.1909	45.470
3395.6200	44.819
3420.2260	44.403
3445.0104	44.014
3469.9744	44.368
3495.1192	44.803
3520.4463	43.929
3545.9569	42.924
3571.6524	42.470
3597.5340	42.067
3623.6032	42.782
3649.8614	43.592
3676.3098	43.071
3702.9498	42.448
3729.7829	43.022
3756.8105	43.679
3784.0339	44.048
3811.4545	44.399
3839.0739	43.919
3866.8934	43.396
3894.9145	42.747
3923.1387	42.092
3951.5674	41.803
3980.2020	41.528
4009.0442	41.418
4038.0954	41.314
4067.3571	40.804
4096.8309	40.283
4126.5182	40.307
4156.4206	40.340
4186.5398	40.205
4216.8772	40.069
4247.4344	39.836
4278.2131	39.599
4309.2148	38.479
4340.4411	37.362
4371.8937	36.430
4403.5743	35.517
4435.4844	35.698
4467.6257	35.874
4500.0000	35.873
4532.6089	35.871
4565.4540	35.843
4598.5372	35.811
4631.8601	35.676
4665.4244	35.573
4699.2320	36.159
4733.2846	36.680
4767.5839	36.020
4802.1318	35.411
4836.9300	35.627
4871.9804	35.776
4907.2848	34.961
4942.8450	34.182
4978.6629	33.875
5014.7403	33.543
5051.0792	32.915
5087.6814	32.300
5124.5489	31.817
5161.6834	31.369
5199.0871	31.265
5236.7619	31.169
5274.7096	31.153
5312.9323	31.126
5351.4320	31.007
5390.2107	30.763
5429.2704	29.542
5468.6131	28.460
5508.2409	28.391
5548.1559	28.293
5588.3602	28.002
5628.8557	27.646
5669.6447	26.868
5710.7293	26.195
5752.1116	26.164
5793.7938	26.108
5835.7780	25.897
5878.0664	25.591
5920.6613	24.759
5963.5649	23.958
6006.7793	23.319
6050.3069	22.717
6094.1500	22.297
6138.3107	21.901
6182.7914	21.618
6227.5945	21.384
6272.7222	21.374
6318.1769	21.300
6363.9610	20.946
6410.0769	20.726
6456.5270	21.053
6503.3136	21.309
6550.4393	21.286
6597.9065	21.215
6645.7177	20.961
6693.8753	20.703
6742.3818	20.433
6791.2399	20.231
6840.4520	20.268
6890.0208	20.201
6939.9487	19.786
6990.2384	19.482
7040.8926	19.535
7091.9138	19.631
7143.3047	19.863
7195.0681	19.973
7247.2065	19.721
7299.7227	19.510
7352.6195	19.414
7405.8997	19.323
7459.5659	19.245
7513.6209	19.012
7568.0677	18.365
7622.9091	17.821
7678.1478	17.549
7733.7868	17.344
7789.8290	17.310
7846.2774	17.288
7903.1347	17.295
7960.4041	17.185
8018.0885	16.797
8076.1908	16.374
8134.7142	15.871
8193.6617	15.394
8253.0364	14.973
8312.8413	14.601
8373.0796	14.336
8433.7544	14.117
8494.8688	13.992
8556.4261	13.832
8618.4295	13.600
8680.8822	13.307
8743.7875	12.896
8807.1486	12.524
8870.9688	12.228
8935.2515	12.029
9000.0000	12.007
9065.2177	11.931
9130.9080	11.760
9197.0743	11.675
9263.7201	11.737
9330.8489	11.727
9398.4640	11.597
9466.5692	11.520
9535.1678	11.528
9604.2636	11.547
9673.8601	11.581
9743.9608	11.725
9814.5696	12.036
9885.6900	12.184
9957.3258	12.089
10029.4807	11.980
10102.1584	11.850
10175.3628	11.789
10249.0977	11.827
10323.3669	11.798
10398.1743	11.678
10473.5237	11.543
10549.4192	11.389
10625.8646	11.310
10702.8640	11.329
10780.4214	11.333
10858.5408	11.320
10937.2262	11.256
11016.4819	11.130
11096.3119	11.036
11176.7203	10.980
11257.7114	10.972
11339.2894	11.023
11421.4586	11.049
11504.2232	11.048
11587.5876	11.043
11671.5560	11.034
11756.1329	11.055
11841.3227	11.110
11927.1298	11.118
12013.5587	11.078
12100.6139	11.045
12188.2999	11.019
12276.6214	11.082
12365.5828	11.231
12455.1889	11.358
12545.4444	11.464
12636.3538	11.517
12727.9221	11.523
12820.1538	11.568
12913.0540	11.650
13006.6273	11.683
13100.8786	11.673
13195.8130	11.682
13291.4353	11.706
13387.7505	11.727
13484.7637	11.747
13582.4798	11.700
13680.9041	11.599
13780.0416	11.527
13879.8974	11.478
13980.4769	11.468
14081.7852	11.489
14183.8276	11.561
14286.6095	11.670
14390.1361	11.645
14494.4130	11.524
14599.4455	11.461
14705.2391	11.440
14811.7993	11.433
14919.1317	11.435
15027.2419	11.493
15136.1355	11.589
15245.8182	11.603
15356.2956	11.564
15467.5737	11.532
15579.6581	11.504
15692.5547	11.478
15806.2694	11.453
15920.8082	11.451
16036.1769	11.462
16152.3817	11.549
16269.4285	11.681
16387.3235	11.731
16506.0728	11.735
16625.6826	11.674
16746.1591	11.576
16867.5087	11.627
16989.7376	11.756
17112.8523	11.775
17236.8591	11.735
17361.7644	11.718
17487.5749	11.712
17614.2971	11.705
17741.9376	11.696
17870.5030	11.788
18000.0000	11.927
18130.4354	12.057
18261.8160	12.183
18394.1487	12.613
18527.4403	13.177
18661.6977	13.881
18796.9281	14.644
18933.1384	14.535
19070.3357	14.067
19208.5272	13.288
19347.7201	12.386
19487.9217	12.128
19629.1392	12.117
19771.3800	12.093
19914.6516	12.064
20058.9614	11.750
20204.3169	11.333
20350.7257	10.872
20498.1954	10.395
20646.7338	9.987
20796.3485	9.600
20947.0475	9.048
21098.8384	8.442
21251.7293	8.217
21405.7281	8.111
21560.8428	8.047
21717.0816	7.995
21874.4525	7.946
22032.9638	7.899
22192.6237	7.832
22353.4406	7.761
22515.4229	7.746
22678.5789	7.746
22842.9172	7.743
23008.4464	7.738
23175.1751	7.709
23343.1120	7.675
23512.2658	7.685
23682.6454	7.706
23854.2596	8.805
24027.1174	10.143
24201.2278	11.171
24376.5998	12.133
24553.2427	11.889
24731.1657	11.402
24910.3779	10.267
25090.8887	9.008
25272.7077	8.297
25455.8441	7.685
25640.3077	7.630
25826.1079	7.670
26013.2545	7.694
26201.7573	7.714
26391.6260	7.638
26582.8706	7.547
26775.5011	7.545
26969.5274	7.556
27164.9597	7.545
27361.8082	7.532
27560.0831	7.504
27759.7949	7.475
27960.9538	7.438
28163.5704	7.400
28367.6552	7.476
28573.2189	7.564
28780.2723	7.581
28988.8260	7.590
29198.8910	7.588
29410.4782	7.584
29623.5986	7.522
29838.2634	7.456
30054.4838	7.477
30272.2709	7.505
30491.6363	7.483
30712.5913	7.457
30935.1474	7.420
31159.3162	7.382
31385.1094	7.336
31612.5389	7.289
31841.6164	7.336
32072.3539	7.388
32304.7634	7.399
32538.8570	7.407
32774.6470	7.450
33012.1456	7.494
33251.3652	7.435
33492.3183	7.373
33735.0174	7.400
33979.4753	7.428
34225.7045	7.463
34473.7181	7.497
34723.5289	7.457
34975.1499	7.417
35228.5942	7.433
35483.8752	7.449
35741.0059	7.435
36000.0000	7.421
36260.8708	7.446
36523.6321	7.468
36788.2974	7.400
37054.8805	7.334
37323.3955	7.339
37593.8562	7.342
37866.2767	7.295
38140.6714	7.251
38417.0544	7.249
38695.4402	7.249
38975.8433	7.299
39258.2784	7.345
39542.7600	7.325
39829.3032	7.304
40117.9227	7.283
40408.6337	7.268
40701.4514	7.327
40996.3909	7.378
41293.4676	7.325
41592.6971	7.277
41894.0949	7.283
42197.6768	7.284
42503.4586	7.236
42811.4561	7.193
43121.6856	7.189
43434.1631	7.181
43748.9050	7.135
44065.9276	7.099
44385.2474	7.136
44706.8812	7.173
45030.8457	7.207
45357.1578	7.232
45685.8345	7.195
46016.8928	7.160
46350.3502	7.136
46686.2240	7.116
47024.5316	7.125
