# m-R_01 (rta) ver-vol — REW moving-mic RTA (spatial average over the listening area), as REW serves it with display smoothing off: unit SPL, smoothing field None (a 1/48-oct RTA's native resolution; 'None' and '1/48' are the same curve), ppo 96
# REW date 2026-Aug-24 10:21:42, uuid 2b04fc7d-f397-4f7e-858c-bf3ea99147aa, notes: "65536-point 1/48 octave RTA using Hann window, no smoothing and 150 averages\n\nInput RMS 75.41 dB\n75.3 dB C, 75.3 dB A\n75.4 dB 22 - 22k UNW\n25.0 dB >22k\n"
# freq_Hz	SPL_dB
4.3945	32.635
4.4264	32.632
4.4585	32.628
4.4908	32.625
4.5233	32.621
4.5561	32.618
4.5891	32.614
4.6223	32.610
4.6558	32.607
4.6896	32.603
4.7236	32.600
4.7578	32.596
4.7923	32.593
4.8270	32.589
4.8620	32.586
4.8972	32.582
4.9327	32.578
4.9684	32.575
5.0044	32.571
5.0407	32.568
5.0772	32.564
5.1140	32.561
5.1511	32.557
5.1884	32.554
5.2260	32.550
5.2639	32.546
5.3020	32.543
5.3404	32.539
5.3791	32.536
5.4181	32.532
5.4574	32.529
5.4969	32.525
5.5368	32.522
5.5769	32.518
5.6173	32.514
5.6580	32.511
5.6990	32.507
5.7403	32.504
5.7819	32.500
5.8238	32.497
5.8660	32.495
5.9085	32.500
5.9513	32.506
5.9944	32.512
6.0379	32.518
6.0816	32.523
6.1257	32.529
6.1701	32.535
6.2148	32.541
6.2598	32.547
6.3052	32.552
6.3509	32.558
6.3969	32.564
6.4433	32.570
6.4900	32.575
6.5370	32.581
6.5844	32.587
6.6321	32.593
6.6801	32.599
6.7285	32.604
6.7773	32.610
6.8264	32.616
6.8759	32.622
6.9257	32.627
6.9759	32.633
7.0264	32.639
7.0774	32.645
7.1286	32.651
7.1803	32.656
7.2323	32.662
7.2847	32.668
7.3375	32.665
7.3907	32.635
7.4442	32.606
7.4982	32.576
7.5525	32.546
7.6073	32.517
7.6624	32.487
7.7179	32.457
7.7738	32.428
7.8302	32.398
7.8869	32.369
7.9441	32.339
8.0016	32.309
8.0596	32.280
8.1180	32.250
8.1768	32.221
8.2361	32.191
8.2958	32.161
8.3559	32.132
8.4164	32.102
8.4774	32.073
8.5389	32.043
8.6007	32.013
8.6631	31.984
8.7258	31.954
8.7891	31.924
8.8528	31.830
8.9169	31.736
8.9815	31.641
9.0466	31.547
9.1122	31.452
9.1782	31.358
9.2447	31.264
9.3117	31.169
9.3792	31.075
9.4471	30.980
9.5156	30.886
9.5845	30.791
9.6540	30.697
9.7240	30.603
9.7944	30.508
9.8654	30.414
9.9369	30.319
10.0089	30.225
10.0814	30.131
10.1545	30.036
10.2281	29.942
10.3022	29.897
10.3768	29.878
10.4520	29.859
10.5278	29.841
10.6040	29.822
10.6809	29.803
10.7583	29.785
10.8362	29.766
10.9148	29.747
10.9939	29.729
11.0735	29.710
11.1538	29.692
11.2346	29.673
11.3160	29.654
11.3980	29.636
11.4806	29.617
11.5638	29.598
11.6476	29.580
11.7320	29.540
11.8170	29.387
11.9026	29.234
11.9889	29.080
12.0758	28.927
12.1633	28.774
12.2514	28.621
12.3402	28.467
12.4296	28.314
12.5197	28.161
12.6104	28.008
12.7018	27.855
12.7938	27.701
12.8865	27.548
12.9799	27.395
13.0740	27.242
13.1687	27.088
13.2641	27.090
13.3603	27.120
13.4571	27.150
13.5546	27.180
13.6528	27.210
13.7517	27.241
13.8514	27.271
13.9518	27.301
14.0529	27.331
14.1547	27.361
14.2573	27.391
14.3606	27.421
14.4646	27.452
14.5695	27.482
14.6750	27.513
14.7814	27.547
14.8885	27.581
14.9964	27.615
15.1051	27.649
15.2145	27.684
15.3248	27.718
15.4358	27.752
15.5477	27.786
15.6603	27.820
15.7738	27.854
15.8881	27.889
16.0032	27.923
16.1192	27.948
16.2360	27.808
16.3537	27.667
16.4722	27.527
16.5915	27.386
16.7118	27.246
16.8329	27.106
16.9548	26.965
17.0777	26.825
17.2015	26.685
17.3261	26.544
17.4517	26.404
17.5781	26.263
17.7055	26.160
17.8338	26.057
17.9630	25.954
18.0932	25.851
18.2243	25.748
18.3564	25.645
18.4894	25.542
18.6234	25.439
18.7583	25.336
18.8943	25.233
19.0312	25.130
19.1691	25.227
19.3080	25.342
19.4479	25.458
19.5888	25.574
19.7308	25.690
19.8738	25.806
20.0178	25.921
20.1628	26.037
20.3089	26.153
20.4561	26.269
20.6043	26.497
20.7536	26.786
20.9040	27.075
21.0555	27.363
21.2081	27.652
21.3618	27.941
21.5166	28.230
21.6725	28.518
21.8295	28.807
21.9877	29.062
22.1470	28.988
22.3075	28.915
22.4692	28.842
22.6320	28.769
22.7960	28.696
22.9612	28.622
23.1276	28.549
23.2952	28.476
23.4640	28.362
23.6340	28.030
23.8053	27.698
23.9778	27.366
24.1515	27.034
24.3265	26.702
24.5028	26.370
24.6804	26.038
24.8592	25.706
25.0394	25.689
25.2208	25.772
25.4036	25.855
25.5877	25.938
25.7731	26.022
25.9598	26.105
26.1480	26.188
26.3374	26.271
26.5283	26.480
26.7205	26.713
26.9141	26.945
27.1092	27.178
27.3056	27.410
27.5035	27.643
27.7028	27.875
27.9035	27.960
28.1057	27.778
28.3094	27.595
28.5145	27.413
28.7212	27.230
28.9293	27.048
29.1389	26.865
29.3501	26.652
29.5628	26.345
29.7770	26.038
29.9928	25.732
30.2101	25.425
30.4290	25.118
30.6495	24.811
30.8716	24.673
31.0953	24.708
31.3207	24.743
31.5476	24.777
31.7762	24.812
32.0065	24.847
32.2384	24.885
32.4720	24.993
32.7073	25.100
32.9444	25.207
33.1831	25.314
33.4235	25.421
33.6657	25.529
33.9097	25.095
34.1554	24.597
34.4029	24.100
34.6522	23.603
34.9033	23.105
35.1562	22.608
35.4110	22.339
35.6676	22.070
35.9261	21.802
36.1864	21.533
36.4486	21.265
36.7128	21.189
36.9788	21.478
37.2467	21.768
37.5167	22.057
37.7885	22.346
38.0623	22.635
38.3382	23.412
38.6160	24.235
38.8958	25.057
39.1777	25.880
39.4616	26.703
39.7475	26.899
40.0355	26.811
40.3257	26.722
40.6179	26.633
40.9122	26.545
41.2087	26.515
41.5073	26.516
41.8081	26.518
42.1110	26.519
42.4162	26.521
42.7235	26.974
43.0331	27.547
43.3450	28.120
43.6591	28.693
43.9754	29.201
44.2941	29.083
44.6151	28.966
44.9384	28.848
45.2640	28.731
45.5920	28.682
45.9224	28.688
46.2552	28.694
46.5904	28.701
46.9280	28.641
47.2680	28.228
47.6105	27.815
47.9556	27.402
48.3031	26.989
48.6531	26.291
49.0056	25.559
49.3608	24.828
49.7184	24.096
50.0787	24.401
50.4416	25.033
50.8071	25.665
51.1753	26.297
51.5461	27.164
51.9197	28.111
52.2959	29.058
52.6749	30.006
53.0566	29.779
53.4410	29.335
53.8283	28.890
54.2183	28.421
54.6112	27.468
55.0070	26.516
55.4056	25.564
55.8071	24.678
56.2115	23.911
56.6188	23.145
57.0291	22.379
57.4423	22.149
57.8586	22.090
58.2779	22.031
58.7002	21.870
59.1255	21.409
59.5540	20.947
59.9855	20.485
60.4202	20.172
60.8580	19.889
61.2990	19.607
61.7432	19.227
62.1907	18.748
62.6413	18.270
63.0952	17.788
63.5525	17.295
64.0130	16.802
64.4768	16.325
64.9441	16.154
65.4147	15.984
65.8887	15.813
66.3662	15.691
66.8471	15.572
67.3315	15.453
67.8194	15.684
68.3108	15.956
68.8058	16.228
69.3044	16.336
69.8067	16.428
70.3125	16.520
70.8220	16.585
71.3352	16.651
71.8521	16.676
72.3728	16.462
72.8973	16.249
73.4255	16.256
73.9576	16.683
74.4935	17.109
75.0333	17.113
75.5770	16.840
76.1247	16.567
76.6763	16.175
77.2320	15.772
77.7916	15.485
78.3553	15.501
78.9231	15.518
79.4950	15.693
80.0711	15.940
80.6513	16.119
81.2357	15.898
81.8244	15.677
82.4173	15.213
83.0146	14.618
83.6161	14.102
84.2220	13.904
84.8323	13.705
85.4471	13.950
86.0663	14.311
86.6899	14.630
87.3181	14.889
87.9509	15.149
88.5882	15.418
89.2301	15.688
89.8767	15.821
90.5280	15.921
91.1840	15.722
91.8448	15.280
92.5103	14.967
93.1807	14.903
93.8559	14.876
94.5360	15.042
95.2211	15.212
95.9111	15.786
96.6061	16.360
97.3062	16.574
98.0113	16.745
98.7215	16.388
99.4369	15.909
100.1575	16.131
100.8832	16.576
101.6143	16.879
102.3506	17.131
103.0923	17.328
103.8393	17.507
104.5918	18.667
105.3497	20.104
106.1131	20.697
106.8821	21.134
107.6566	19.648
108.4367	18.062
109.2225	17.188
110.0139	16.618
110.8112	17.342
111.6141	17.843
112.4229	17.941
113.2376	17.473
114.0582	16.531
114.8847	16.048
115.7172	15.711
116.5557	15.897
117.4003	16.066
118.2511	16.178
119.1080	16.326
119.9711	16.506
120.8404	17.164
121.7161	17.774
122.5981	17.570
123.4865	16.998
124.3813	16.049
125.2826	16.943
126.1905	17.810
127.1049	17.568
128.0260	17.128
128.9537	16.592
129.8881	16.427
130.8294	16.665
131.7774	17.327
132.7323	16.578
133.6942	15.849
134.6630	15.281
135.6388	15.293
136.6217	15.699
137.6117	16.599
138.6089	16.896
139.6133	16.758
140.6250	16.159
141.6440	15.019
142.6704	14.560
143.7043	14.696
144.7456	15.245
145.7945	15.747
146.8510	16.002
147.9151	15.822
148.9870	15.752
150.0666	16.063
151.1541	16.582
152.2494	16.983
153.3526	16.797
154.4639	16.626
155.5832	16.547
156.7106	16.577
157.8462	16.907
158.9900	16.719
160.1422	16.723
161.3026	17.371
162.4715	18.175
163.6488	18.397
164.8347	18.399
166.0291	18.375
167.2323	18.422
168.4441	18.458
169.6647	19.172
170.8942	19.854
172.1325	20.073
173.3799	20.188
174.6363	20.492
175.9017	20.550
177.1764	20.494
178.4603	19.878
179.7535	20.241
181.0561	20.135
182.3681	19.944
183.6896	20.420
185.0207	20.953
186.3614	20.602
187.7119	20.945
189.0721	22.469
190.4422	23.213
191.8222	23.864
193.2122	23.943
194.6123	23.275
196.0226	23.419
197.4430	24.831
198.8738	25.406
200.3149	25.589
201.7665	26.492
203.2286	27.074
204.7012	27.451
206.1846	27.537
207.6787	27.395
209.1836	27.159
210.6994	26.851
212.2262	27.196
213.7641	28.027
215.3131	28.565
216.8734	28.892
218.4450	29.090
220.0279	29.197
221.6223	29.521
223.2283	29.992
224.8459	30.688
226.4752	31.532
228.1163	31.986
229.7694	32.187
231.4344	32.733
233.1114	33.494
234.8007	33.546
236.5021	33.166
238.2159	32.887
239.9421	32.668
241.6808	32.620
243.4322	32.671
245.1962	33.141
246.9730	33.843
248.7626	34.196
250.5653	34.359
252.3810	34.596
254.2098	34.872
256.0519	35.587
257.9074	36.525
259.7763	36.603
261.6587	36.256
263.5548	36.554
265.4647	37.160
267.3883	37.651
269.3259	38.088
271.2776	38.562
273.2434	39.053
275.2234	39.656
277.2178	40.309
279.2266	40.563
281.2500	40.649
283.2881	41.137
285.3409	41.789
287.4086	42.159
289.4913	42.418
291.5890	42.863
293.7020	43.377
295.8303	43.872
297.9740	44.359
300.1332	44.446
302.3081	44.391
304.4988	44.841
306.7053	45.464
308.9278	45.333
311.1664	44.953
313.4213	45.004
315.6925	45.193
317.9801	45.386
320.2843	45.581
322.6052	46.002
324.9429	46.490
327.2976	46.441
329.6693	46.240
332.0583	46.213
334.4645	46.233
336.8882	46.664
339.3294	47.202
341.7883	47.864
344.2651	48.556
346.7597	48.295
349.2725	47.806
351.8035	48.484
354.3528	49.431
356.9206	50.066
359.5070	50.633
362.1121	50.624
364.7361	50.494
367.3792	51.083
370.0413	51.817
372.7228	51.801
375.4237	51.643
378.1442	51.555
380.8844	51.481
383.6444	51.447
386.4245	51.421
389.2247	51.421
392.0451	51.425
394.8861	52.278
397.7476	53.260
400.6298	53.004
403.5329	52.570
406.4571	52.307
409.4025	52.066
412.3692	52.197
415.3574	52.375
418.3672	52.779
421.3989	53.210
424.4525	53.443
427.5283	53.655
430.6263	54.140
433.7468	54.652
436.8899	54.353
440.0558	53.980
443.2446	54.066
446.4565	54.191
449.6918	54.386
452.9504	54.585
456.2327	54.475
459.5387	54.344
462.8687	53.441
466.2229	52.492
469.6013	51.883
473.0042	51.291
476.4318	51.594
479.8842	51.938
483.3617	51.914
486.8643	51.876
490.3923	51.731
493.9459	51.583
497.5253	51.319
501.1305	51.052
504.7619	50.945
508.4196	50.840
512.1039	50.676
515.8148	50.511
519.5526	50.746
523.3175	50.981
527.1096	51.042
530.9293	51.102
534.7766	51.129
538.6518	51.160
542.5551	51.327
546.4867	51.476
550.4468	50.941
554.4355	50.400
558.4532	49.689
562.5000	49.034
566.5761	49.760
570.6818	50.481
574.8171	51.086
578.9825	51.702
583.1781	52.520
587.4040	53.300
591.6606	53.494
595.9480	53.649
600.2665	53.260
604.6163	52.846
608.9976	52.125
613.4106	51.341
617.8556	49.837
622.3329	48.393
626.8425	47.577
631.3849	46.769
635.9602	46.043
640.5686	45.435
645.2104	45.886
649.8859	46.301
654.5952	46.416
659.3387	46.448
664.1165	45.835
668.9290	45.226
673.7763	44.640
678.6588	44.000
683.5766	42.984
688.5301	42.263
693.5195	43.430
698.5450	44.596
703.6070	45.755
708.7056	46.980
713.8412	48.590
719.0140	50.157
724.2242	51.493
729.4722	52.615
734.7583	52.636
740.0827	52.606
745.4456	52.326
750.8474	52.311
756.2884	53.542
761.7687	54.812
767.2888	56.257
772.8489	57.601
778.4493	58.511
784.0903	59.253
789.7721	59.311
795.4951	59.245
801.2596	58.691
807.0659	58.151
812.9142	57.663
818.8049	57.299
824.7383	57.385
830.7147	57.283
836.7344	56.533
842.7977	55.956
848.9050	55.955
855.0565	55.803
861.2526	55.167
867.4936	54.249
873.7798	52.465
880.1116	50.919
886.4892	50.086
892.9131	49.685
899.3835	50.527
905.9008	51.222
912.4653	51.510
919.0774	51.890
925.7375	52.515
932.4457	53.051
939.2026	53.357
946.0085	53.512
952.8636	53.288
959.7685	52.896
966.7234	52.098
973.7286	51.534
980.7847	51.517
987.8918	51.504
995.0505	51.500
1002.2611	51.744
1009.5239	52.532
1016.8393	53.226
1024.2077	53.715
1031.6295	53.976
1039.1052	53.765
1046.6349	53.588
1054.2193	53.483
1061.8586	53.144
1069.5533	52.352
1077.3037	51.730
1085.1103	51.425
1092.9734	51.415
1100.8936	51.940
1108.8711	52.221
1116.9064	52.070
1125.0000	51.596
1133.1522	50.564
1141.3635	49.799
1149.6343	49.483
1157.9650	49.389
1166.3561	49.658
1174.8080	49.697
1183.3211	49.375
1191.8960	49.536
1200.5330	50.436
1209.2325	50.833
1217.9951	50.481
1226.8212	50.337
1235.7113	50.496
1244.6657	51.055
1253.6851	52.178
1262.7698	53.376
1271.9204	54.678
1281.1372	55.121
1290.4209	54.420
1299.7718	53.479
1309.1905	52.225
1318.6774	51.430
1328.2331	51.214
1337.8580	51.661
1347.5527	52.922
1357.3176	54.545
1367.1533	56.598
1377.0602	58.580
1387.0390	60.479
1397.0900	61.650
1407.2139	62.001
1417.4112	61.629
1427.6823	60.465
1438.0279	59.371
1448.4484	58.352
1458.9445	57.847
1469.5166	57.878
1480.1653	57.670
1490.8912	57.223
1501.6948	56.498
1512.5767	55.500
1523.5375	54.590
1534.5777	53.765
1545.6979	52.855
1556.8986	51.866
1568.1805	51.311
1579.5442	51.150
1590.9903	51.196
1602.5192	51.425
1614.1317	51.301
1625.8284	50.873
1637.6098	50.188
1649.4766	49.288
1661.4294	48.225
1673.4688	47.030
1685.5955	45.335
1697.8100	43.246
1710.1130	43.424
1722.5052	45.338
1734.9872	46.469
1747.5596	47.014
1760.2231	46.633
1772.9785	45.580
1785.8262	44.805
1798.7670	44.228
1811.8016	44.010
1824.9307	44.041
1838.1549	44.596
1851.4749	45.502
1864.8915	46.791
1878.4052	48.328
1892.0169	48.639
1905.7273	48.180
1919.5370	48.245
1933.4467	48.632
1947.4573	48.733
1961.5693	48.665
1975.7837	48.338
1990.1010	47.860
2004.5221	48.459
2019.0477	49.662
2033.6786	51.520
2048.4154	53.733
2063.2591	54.820
2078.2103	55.315
2093.2699	55.423
2108.4386	55.334
2123.7172	55.476
2139.1065	55.732
2154.6074	55.793
2170.2206	55.759
2185.9469	55.032
2201.7871	53.983
2217.7422	53.574
2233.8129	53.454
2250.0000	53.620
2266.3044	53.909
2282.7270	54.144
2299.2686	54.356
2315.9300	54.834
2332.7122	55.421
2349.6160	55.162
2366.6423	54.569
2383.7920	53.552
2401.0659	52.374
2418.4650	51.944
2435.9902	51.791
2453.6424	51.092
2471.4225	50.199
2489.3314	50.002
2507.3702	50.044
2525.5396	50.793
2543.8407	51.778
2562.2744	52.758
2580.8417	53.737
2599.5436	53.299
2618.3809	52.424
2637.3548	50.690
2656.4662	48.702
2675.7160	48.184
2695.1053	48.086
2714.6352	48.855
2734.3066	49.861
2754.1205	50.125
2774.0780	50.193
2794.1801	50.448
2814.4279	50.750
2834.8224	50.119
2855.3647	49.262
2876.0558	48.838
2896.8969	48.513
2917.8890	48.995
2939.0332	49.654
2960.3307	50.036
2981.7824	50.360
3003.3897	50.128
3025.1535	49.784
3047.0750	49.538
3069.1553	49.310
3091.3957	49.551
3113.7972	49.878
3136.3611	50.391
3159.0885	50.936
3181.9805	50.619
3205.0385	50.162
3228.2635	49.902
3251.6568	49.673
3275.2197	49.888
3298.9533	50.168
3322.8588	50.605
3346.9376	51.063
3371.1909	51.548
3395.6200	52.036
3420.2260	51.614
3445.0104	51.084
3469.9744	51.282
3495.1192	51.559
3520.4463	52.357
3545.9569	53.208
3571.6524	52.782
3597.5340	52.238
3623.6032	52.104
3649.8614	52.006
3676.3098	51.242
3702.9498	50.428
3729.7829	49.813
3756.8105	49.213
3784.0339	49.018
3811.4545	48.848
3839.0739	48.736
3866.8934	48.627
3894.9145	48.284
3923.1387	47.929
3951.5674	47.448
3980.2020	46.963
4009.0442	46.627
4038.0954	46.295
4067.3571	44.929
4096.8309	43.539
4126.5182	42.923
4156.4206	42.320
4186.5398	41.947
4216.8772	41.576
4247.4344	40.031
4278.2131	38.493
4309.2148	39.275
4340.4411	40.048
4371.8937	40.025
4403.5743	39.999
4435.4844	39.817
4467.6257	39.628
4500.0000	39.181
4532.6089	38.745
4565.4540	38.659
4598.5372	38.570
4631.8601	38.396
4665.4244	38.215
4699.2320	37.893
4733.2846	37.520
4767.5839	36.200
4802.1318	34.957
4836.9300	34.933
4871.9804	34.944
4907.2848	35.449
4942.8450	35.917
4978.6629	35.913
5014.7403	35.860
5051.0792	35.230
5087.6814	34.656
5124.5489	34.688
5161.6834	34.708
5199.0871	34.619
5236.7619	34.505
5274.7096	34.170
5312.9323	33.763
5351.4320	32.749
5390.2107	31.801
5429.2704	31.366
5468.6131	31.046
5508.2409	31.567
5548.1559	31.928
5588.3602	31.187
5628.8557	30.551
5669.6447	30.597
5710.7293	30.573
5752.1116	30.122
5793.7938	29.704
5835.7780	29.471
5878.0664	29.330
5920.6613	29.694
5963.5649	29.814
6006.7793	28.668
6050.3069	27.683
6094.1500	27.495
6138.3107	27.229
6182.7914	26.598
6227.5945	26.165
6272.7222	26.626
6318.1769	26.912
6363.9610	26.445
6410.0769	26.088
6456.5270	26.179
6503.3136	26.174
6550.4393	25.787
6597.9065	25.439
6645.7177	25.238
6693.8753	25.088
6742.3818	25.122
6791.2399	25.084
6840.4520	24.796
6890.0208	24.582
6939.9487	24.619
6990.2384	24.594
7040.8926	24.371
7091.9138	24.282
7143.3047	24.610
7195.0681	24.831
7247.2065	24.735
7299.7227	24.602
7352.6195	24.368
7405.8997	24.088
7459.5659	23.682
7513.6209	23.332
7568.0677	23.129
7622.9091	23.009
7678.1478	23.103
7733.7868	23.159
7789.8290	23.116
7846.2774	22.951
7903.1347	22.485
7960.4041	21.866
8018.0885	20.882
8076.1908	19.994
8134.7142	19.324
8193.6617	18.628
8253.0364	17.877
8312.8413	17.235
8373.0796	16.826
8433.7544	16.436
8494.8688	16.083
8556.4261	15.603
8618.4295	14.869
8680.8822	14.171
8743.7875	13.543
8807.1486	13.060
8870.9688	12.850
8935.2515	12.672
9000.0000	12.552
9065.2177	12.414
9130.9080	12.242
9197.0743	12.198
9263.7201	12.378
9330.8489	12.485
9398.4640	12.469
9466.5692	12.464
9535.1678	12.474
9604.2636	12.568
9673.8601	12.792
9743.9608	12.906
9814.5696	12.848
9885.6900	12.761
9957.3258	12.632
10029.4807	12.526
10102.1584	12.455
10175.3628	12.430
10249.0977	12.472
10323.3669	12.400
10398.1743	12.172
10473.5237	11.917
10549.4192	11.624
10625.8646	11.497
10702.8640	11.586
10780.4214	11.623
10858.5408	11.597
10937.2262	11.523
11016.4819	11.390
11096.3119	11.282
11176.7203	11.203
11257.7114	11.110
11339.2894	11.000
11421.4586	10.962
11504.2232	11.005
11587.5876	10.989
11671.5560	10.906
11756.1329	10.910
11841.3227	11.007
11927.1298	11.020
12013.5587	10.945
12100.6139	10.921
12188.2999	10.949
12276.6214	11.020
12365.5828	11.132
12455.1889	11.259
12545.4444	11.403
12636.3538	11.528
12727.9221	11.635
12820.1538	11.724
12913.0540	11.794
13006.6273	11.769
13100.8786	11.659
13195.8130	11.631
13291.4353	11.672
13387.7505	11.663
13484.7637	11.612
13582.4798	11.535
13680.9041	11.437
13780.0416	11.308
13879.8974	11.154
13980.4769	11.150
14081.7852	11.262
14183.8276	11.329
14286.6095	11.360
14390.1361	11.348
14494.4130	11.303
14599.4455	11.264
14705.2391	11.229
14811.7993	11.220
14919.1317	11.228
15027.2419	11.270
15136.1355	11.334
15245.8182	11.360
15356.2956	11.361
15467.5737	11.336
15579.6581	11.293
15692.5547	11.273
15806.2694	11.269
15920.8082	11.332
16036.1769	11.437
16152.3817	11.459
16269.4285	11.433
16387.3235	11.452
16506.0728	11.497
16625.6826	11.513
16746.1591	11.514
16867.5087	11.589
16989.7376	11.702
17112.8523	11.721
17236.8591	11.692
17361.7644	11.666
17487.5749	11.643
17614.2971	11.673
17741.9376	11.729
17870.5030	11.738
18000.0000	11.726
18130.4354	11.792
18261.8160	11.893
18394.1487	11.956
18527.4403	12.003
18661.6977	12.569
18796.9281	13.356
18933.1384	13.652
19070.3357	13.745
19208.5272	13.241
19347.7201	12.500
19487.9217	12.203
19629.1392	12.078
19771.3800	11.993
19914.6516	11.924
20058.9614	11.635
20204.3169	11.268
20350.7257	10.790
20498.1954	10.274
20646.7338	9.726
20796.3485	9.168
20947.0475	8.670
21098.8384	8.191
21251.7293	8.075
21405.7281	8.071
21560.8428	7.955
21717.0816	7.805
21874.4525	7.756
22032.9638	7.735
22192.6237	7.727
22353.4406	7.722
22515.4229	7.736
22678.5789	7.754
22842.9172	7.761
23008.4464	7.765
23175.1751	7.713
23343.1120	7.647
23512.2658	7.702
23682.6454	7.784
23854.2596	8.791
24027.1174	10.004
24201.2278	11.048
24376.5998	12.057
24553.2427	11.762
24731.1657	11.203
24910.3779	10.050
25090.8887	8.784
25272.7077	8.202
25455.8441	7.745
25640.3077	7.570
25826.1079	7.443
26013.2545	7.480
26201.7573	7.543
26391.6260	7.508
26582.8706	7.458
26775.5011	7.489
26969.5274	7.532
27164.9597	7.509
27361.8082	7.478
27560.0831	7.447
27759.7949	7.416
27960.9538	7.426
28163.5704	7.442
28367.6552	7.486
28573.2189	7.533
28780.2723	7.517
28988.8260	7.494
29198.8910	7.515
29410.4782	7.540
29623.5986	7.556
29838.2634	7.570
30054.4838	7.507
30272.2709	7.437
30491.6363	7.408
30712.5913	7.381
30935.1474	7.421
31159.3162	7.465
31385.1094	7.457
31612.5389	7.446
31841.6164	7.414
32072.3539	7.381
32304.7634	7.392
32538.8570	7.405
32774.6470	7.423
33012.1456	7.442
33251.3652	7.402
33492.3183	7.361
33735.0174	7.336
33979.4753	7.311
34225.7045	7.348
34473.7181	7.386
34723.5289	7.374
34975.1499	7.361
35228.5942	7.344
35483.8752	7.327
35741.0059	7.341
36000.0000	7.355
36260.8708	7.400
36523.6321	7.442
36788.2974	7.388
37054.8805	7.336
37323.3955	7.336
37593.8562	7.335
37866.2767	7.327
38140.6714	7.318
38417.0544	7.306
38695.4402	7.296
38975.8433	7.301
39258.2784	7.307
39542.7600	7.315
39829.3032	7.323
40117.9227	7.324
40408.6337	7.320
40701.4514	7.254
40996.3909	7.196
41293.4676	7.232
41592.6971	7.268
41894.0949	7.301
42197.6768	7.324
42503.4586	7.251
42811.4561	7.185
43121.6856	7.194
43434.1631	7.202
43748.9050	7.199
44065.9276	7.190
44385.2474	7.142
44706.8812	7.106
45030.8457	7.157
45357.1578	7.196
45685.8345	7.157
46016.8928	7.123
46350.3502	7.116
46686.2240	7.102
47024.5316	7.048
