# L_01 (rta) ver-vol — REW moving-mic RTA (spatial average over the listening area), as REW serves it with display smoothing off: unit SPL, smoothing field None (a 1/48-oct RTA's native resolution; 'None' and '1/48' are the same curve), ppo 96
# REW date 2026-Aug-24 10:24:08, uuid 1d24b8b3-319d-4c62-94a5-a144ce1d1b02, notes: "65536-point 1/48 octave RTA using Hann window, no smoothing and 150 averages\n\nInput RMS 77.71 dB\n77.3 dB C, 73.4 dB A\n77.7 dB 22 - 22k UNW\n46.5 dB >22k\n"
# freq_Hz	SPL_dB
4.3945	30.308
4.4264	30.345
4.4585	30.382
4.4908	30.420
4.5233	30.457
4.5561	30.494
4.5891	30.531
4.6223	30.568
4.6558	30.605
4.6896	30.642
4.7236	30.679
4.7578	30.716
4.7923	30.753
4.8270	30.791
4.8620	30.828
4.8972	30.865
4.9327	30.902
4.9684	30.939
5.0044	30.976
5.0407	31.013
5.0772	31.050
5.1140	31.087
5.1511	31.124
5.1884	31.161
5.2260	31.199
5.2639	31.236
5.3020	31.273
5.3404	31.310
5.3791	31.347
5.4181	31.384
5.4574	31.421
5.4969	31.458
5.5368	31.495
5.5769	31.532
5.6173	31.570
5.6580	31.607
5.6990	31.644
5.7403	31.681
5.7819	31.718
5.8238	31.755
5.8660	31.785
5.9085	31.778
5.9513	31.772
5.9944	31.765
6.0379	31.758
6.0816	31.751
6.1257	31.744
6.1701	31.738
6.2148	31.731
6.2598	31.724
6.3052	31.717
6.3509	31.710
6.3969	31.703
6.4433	31.697
6.4900	31.690
6.5370	31.683
6.5844	31.676
6.6321	31.669
6.6801	31.663
6.7285	31.656
6.7773	31.649
6.8264	31.642
6.8759	31.635
6.9257	31.629
6.9759	31.622
7.0264	31.615
7.0774	31.608
7.1286	31.601
7.1803	31.594
7.2323	31.588
7.2847	31.581
7.3375	31.560
7.3907	31.497
7.4442	31.435
7.4982	31.372
7.5525	31.309
7.6073	31.247
7.6624	31.184
7.7179	31.121
7.7738	31.058
7.8302	30.996
7.8869	30.933
7.9441	30.870
8.0016	30.808
8.0596	30.745
8.1180	30.682
8.1768	30.620
8.2361	30.557
8.2958	30.494
8.3559	30.432
8.4164	30.369
8.4774	30.306
8.5389	30.244
8.6007	30.181
8.6631	30.118
8.7258	30.055
8.7891	29.993
8.8528	30.027
8.9169	30.062
8.9815	30.096
9.0466	30.130
9.1122	30.165
9.1782	30.199
9.2447	30.233
9.3117	30.268
9.3792	30.302
9.4471	30.336
9.5156	30.371
9.5845	30.405
9.6540	30.439
9.7240	30.474
9.7944	30.508
9.8654	30.543
9.9369	30.577
10.0089	30.611
10.0814	30.646
10.1545	30.680
10.2281	30.714
10.3022	30.715
10.3768	30.697
10.4520	30.679
10.5278	30.662
10.6040	30.644
10.6809	30.626
10.7583	30.609
10.8362	30.591
10.9148	30.573
10.9939	30.556
11.0735	30.538
11.1538	30.520
11.2346	30.502
11.3160	30.485
11.3980	30.467
11.4806	30.449
11.5638	30.432
11.6476	30.414
11.7320	30.384
11.8170	30.285
11.9026	30.186
11.9889	30.088
12.0758	29.989
12.1633	29.890
12.2514	29.792
12.3402	29.693
12.4296	29.595
12.5197	29.496
12.6104	29.397
12.7018	29.299
12.7938	29.200
12.8865	29.101
12.9799	29.003
13.0740	28.904
13.1687	28.806
13.2641	28.715
13.3603	28.626
13.4571	28.537
13.5546	28.448
13.6528	28.359
13.7517	28.270
13.8514	28.182
13.9518	28.093
14.0529	28.004
14.1547	27.915
14.2573	27.826
14.3606	27.737
14.4646	27.648
14.5695	27.559
14.6750	27.482
14.7814	27.439
14.8885	27.397
14.9964	27.354
15.1051	27.312
15.2145	27.269
15.3248	27.227
15.4358	27.184
15.5477	27.142
15.6603	27.100
15.7738	27.057
15.8881	27.015
16.0032	26.972
16.1192	26.928
16.2360	26.844
16.3537	26.761
16.4722	26.677
16.5915	26.594
16.7118	26.511
16.8329	26.427
16.9548	26.344
17.0777	26.260
17.2015	26.177
17.3261	26.093
17.4517	26.010
17.5781	25.926
17.7055	25.883
17.8338	25.839
17.9630	25.795
18.0932	25.751
18.2243	25.707
18.3564	25.663
18.4894	25.619
18.6234	25.575
18.7583	25.531
18.8943	25.488
19.0312	25.444
19.1691	25.482
19.3080	25.529
19.4479	25.575
19.5888	25.621
19.7308	25.668
19.8738	25.714
20.0178	25.760
20.1628	25.807
20.3089	25.853
20.4561	25.900
20.6043	25.925
20.7536	25.940
20.9040	25.954
21.0555	25.969
21.2081	25.983
21.3618	25.997
21.5166	26.012
21.6725	26.026
21.8295	26.041
21.9877	26.058
22.1470	26.106
22.3075	26.154
22.4692	26.202
22.6320	26.250
22.7960	26.298
22.9612	26.346
23.1276	26.394
23.2952	26.442
23.4640	26.491
23.6340	26.551
23.8053	26.610
23.9778	26.670
24.1515	26.730
24.3265	26.789
24.5028	26.849
24.6804	26.908
24.8592	26.968
25.0394	26.886
25.2208	26.760
25.4036	26.634
25.5877	26.508
25.7731	26.382
25.9598	26.256
26.1480	26.130
26.3374	26.004
26.5283	26.034
26.7205	26.092
26.9141	26.150
27.1092	26.208
27.3056	26.266
27.5035	26.324
27.7028	26.382
27.9035	26.408
28.1057	26.373
28.3094	26.339
28.5145	26.305
28.7212	26.271
28.9293	26.236
29.1389	26.202
29.3501	26.136
29.5628	25.972
29.7770	25.809
29.9928	25.646
30.2101	25.483
30.4290	25.320
30.6495	25.157
30.8716	25.156
31.0953	25.321
31.3207	25.485
31.5476	25.650
31.7762	25.815
32.0065	25.980
32.2384	26.127
32.4720	25.936
32.7073	25.745
32.9444	25.554
33.1831	25.363
33.4235	25.172
33.6657	24.981
33.9097	25.175
34.1554	25.415
34.4029	25.654
34.6522	25.893
34.9033	26.133
35.1562	26.372
35.4110	26.460
35.6676	26.549
35.9261	26.637
36.1864	26.726
36.4486	26.814
36.7128	27.043
36.9788	27.536
37.2467	28.030
37.5167	28.523
37.7885	29.016
38.0623	29.510
38.3382	30.045
38.6160	30.584
38.8958	31.123
39.1777	31.661
39.4616	32.200
39.7475	32.835
40.0355	33.512
40.3257	34.190
40.6179	34.868
40.9122	35.545
41.2087	36.151
41.5073	36.718
41.8081	37.286
42.1110	37.853
42.4162	38.420
42.7235	38.813
43.0331	39.160
43.3450	39.506
43.6591	39.853
43.9754	40.207
44.2941	40.634
44.6151	41.060
44.9384	41.486
45.2640	41.912
45.5920	42.157
45.9224	42.256
46.2552	42.355
46.5904	42.454
46.9280	42.495
47.2680	42.224
47.6105	41.952
47.9556	41.681
48.3031	41.409
48.6531	41.473
49.0056	41.576
49.3608	41.679
49.7184	41.782
50.0787	42.422
50.4416	43.232
50.8071	44.041
51.1753	44.851
51.5461	45.321
51.9197	45.674
52.2959	46.027
52.6749	46.380
53.0566	46.835
53.4410	47.309
53.8283	47.782
54.2183	48.252
54.6112	48.643
55.0070	49.033
55.4056	49.424
55.8071	49.768
56.2115	50.030
56.6188	50.292
57.0291	50.554
57.4423	50.665
57.8586	50.728
58.2779	50.790
58.7002	50.889
59.1255	51.095
59.5540	51.301
59.9855	51.508
60.4202	51.737
60.8580	51.971
61.2990	52.205
61.7432	52.328
62.1907	52.336
62.6413	52.344
63.0952	52.360
63.5525	52.400
64.0130	52.441
64.4768	52.485
64.9441	52.586
65.4147	52.688
65.8887	52.789
66.3662	52.946
66.8471	53.106
67.3315	53.266
67.8194	53.777
68.3108	54.330
68.8058	54.884
69.3044	55.213
69.8067	55.521
70.3125	55.830
70.8220	56.016
71.3352	56.202
71.8521	56.374
72.3728	56.456
72.8973	56.538
73.4255	56.559
73.9576	56.467
74.4935	56.375
75.0333	56.351
75.5770	56.370
76.1247	56.389
76.6763	56.644
77.2320	56.921
77.7916	57.196
78.3553	57.467
78.9231	57.737
79.4950	57.928
80.0711	58.084
80.6513	58.276
81.2357	58.674
81.8244	59.072
82.4173	59.073
83.0146	58.860
83.6161	58.591
84.2220	58.093
84.8323	57.595
85.4471	57.703
86.0663	57.973
86.6899	58.061
87.3181	57.900
87.9509	57.765
88.5882	57.872
89.2301	57.980
89.8767	58.209
90.5280	58.467
91.1840	58.245
91.8448	57.637
92.5103	57.118
93.1807	56.774
93.8559	56.422
94.5360	56.027
95.2211	55.638
95.9111	55.828
96.6061	56.019
97.3062	55.412
98.0113	54.711
98.7215	54.183
99.4369	53.694
100.1575	53.410
100.8832	53.191
101.6143	53.136
102.3506	53.139
103.0923	52.381
103.8393	51.362
104.5918	51.100
105.3497	51.050
106.1131	51.347
106.8821	51.708
107.6566	51.767
108.4367	51.841
109.2225	52.641
110.0139	53.508
110.8112	54.660
111.6141	55.358
112.4229	55.234
113.2376	54.941
114.0582	54.508
114.8847	55.045
115.7172	55.892
116.5557	56.667
117.4003	57.111
118.2511	56.571
119.1080	56.240
119.9711	56.093
120.8404	55.974
121.7161	55.847
122.5981	55.648
123.4865	55.362
124.3813	54.987
125.2826	54.657
126.1905	54.375
127.1049	54.224
128.0260	54.712
128.9537	55.502
129.8881	55.054
130.8294	54.686
131.7774	54.401
132.7323	53.643
133.6942	52.487
134.6630	50.802
135.6388	49.959
136.6217	49.168
137.6117	48.306
138.6089	46.332
139.6133	44.674
140.6250	43.526
141.6440	42.708
142.6704	42.484
143.7043	42.703
144.7456	42.832
145.7945	43.808
146.8510	44.811
147.9151	45.295
148.9870	44.943
150.0666	45.189
151.1541	45.722
152.2494	45.887
153.3526	45.154
154.4639	44.025
155.5832	42.864
156.7106	42.188
157.8462	42.396
158.9900	41.963
160.1422	41.628
161.3026	42.261
162.4715	45.189
163.6488	46.640
164.8347	47.778
166.0291	49.269
167.2323	51.307
168.4441	53.180
169.6647	53.959
170.8942	54.373
172.1325	55.096
173.3799	56.384
174.6363	57.515
175.9017	56.998
177.1764	56.549
178.4603	57.332
179.7535	57.138
181.0561	56.569
182.3681	56.822
183.6896	57.309
185.0207	57.502
186.3614	58.361
187.7119	59.178
189.0721	58.884
190.4422	59.835
191.8222	59.014
193.2122	59.053
194.6123	58.850
196.0226	57.970
197.4430	57.388
198.8738	56.599
200.3149	55.901
201.7665	54.936
203.2286	54.319
204.7012	53.866
206.1846	53.538
207.6787	53.309
209.1836	53.058
210.6994	52.789
212.2262	52.481
213.7641	52.144
215.3131	52.122
216.8734	52.327
218.4450	53.005
220.0279	54.015
221.6223	54.480
223.2283	54.573
224.8459	54.679
226.4752	54.795
228.1163	54.700
229.7694	54.471
231.4344	54.710
233.1114	55.242
234.8007	55.375
236.5021	55.264
238.2159	55.068
239.9421	54.820
241.6808	54.818
243.4322	54.958
245.1962	55.198
246.9730	55.494
248.7626	55.392
250.5653	55.075
252.3810	55.247
254.2098	55.675
256.0519	55.308
257.9074	54.536
259.7763	54.304
261.6587	54.337
263.5548	54.163
265.4647	53.889
267.3883	53.723
269.3259	53.607
271.2776	53.270
273.2434	52.834
275.2234	52.542
277.2178	52.314
279.2266	52.149
281.2500	52.012
283.2881	51.705
285.3409	51.330
287.4086	51.027
289.4913	50.752
291.5890	50.465
293.7020	50.172
295.8303	50.155
297.9740	50.240
300.1332	50.568
302.3081	50.982
304.4988	51.303
306.7053	51.592
308.9278	51.686
311.1664	51.715
313.4213	52.125
315.6925	52.657
317.9801	52.878
320.2843	53.004
322.6052	52.683
324.9429	52.229
327.2976	52.172
329.6693	52.229
332.0583	52.039
334.4645	51.783
336.8882	51.730
339.3294	51.731
341.7883	51.438
344.2651	51.071
346.7597	50.776
349.2725	50.498
351.8035	50.068
354.3528	49.602
356.9206	49.172
359.5070	48.749
362.1121	49.153
364.7361	49.730
367.3792	50.096
370.0413	50.420
372.7228	49.931
375.4237	49.287
378.1442	48.407
380.8844	47.484
383.6444	47.273
386.4245	47.184
389.2247	47.515
392.0451	47.913
394.8861	47.672
397.7476	47.334
400.6298	47.211
403.5329	47.119
406.4571	46.771
409.4025	46.389
412.3692	46.397
415.3574	46.454
418.3672	46.191
421.3989	45.890
424.4525	45.980
427.5283	46.112
430.6263	46.065
433.7468	46.000
436.8899	45.991
440.0558	45.988
443.2446	46.720
446.4565	47.513
449.6918	47.385
452.9504	47.187
456.2327	47.029
459.5387	46.874
462.8687	46.844
466.2229	46.821
469.6013	47.078
473.0042	47.349
476.4318	47.867
479.8842	48.396
483.3617	48.431
486.8643	48.448
490.3923	48.266
493.9459	48.078
497.5253	48.268
501.1305	48.466
504.7619	48.339
508.4196	48.206
512.1039	48.351
515.8148	48.498
519.5526	48.275
523.3175	48.052
527.1096	48.033
530.9293	48.005
534.7766	47.161
538.6518	46.341
542.5551	46.859
546.4867	47.357
550.4468	47.107
554.4355	46.878
558.4532	47.283
562.5000	47.678
566.5761	47.855
570.6818	48.078
574.8171	49.277
578.9825	50.436
583.1781	50.879
587.4040	51.335
591.6606	52.001
595.9480	52.633
600.2665	52.799
604.6163	52.905
608.9976	52.264
613.4106	51.698
617.8556	51.985
622.3329	52.192
626.8425	51.551
631.3849	50.945
635.9602	50.659
640.5686	50.345
645.2104	49.779
649.8859	49.243
654.5952	48.949
659.3387	48.694
664.1165	48.736
668.9290	48.744
673.7763	48.507
678.6588	48.312
683.5766	48.398
688.5301	48.481
693.5195	48.542
698.5450	48.573
703.6070	48.423
708.7056	48.289
713.8412	48.248
719.0140	48.233
724.2242	48.364
729.4722	48.465
734.7583	48.411
740.0827	48.380
745.4456	48.457
750.8474	48.629
756.2884	49.244
761.7687	49.837
767.2888	50.329
772.8489	50.820
778.4493	51.308
784.0903	51.774
789.7721	52.156
795.4951	52.312
801.2596	51.584
807.0659	51.028
812.9142	51.116
818.8049	51.227
824.7383	51.424
830.7147	51.387
836.7344	50.543
842.7977	49.886
848.9050	49.850
855.0565	49.838
861.2526	49.905
867.4936	49.859
873.7798	49.461
880.1116	49.062
886.4892	48.655
892.9131	48.379
899.3835	48.479
905.9008	48.602
912.4653	48.790
919.0774	48.987
925.7375	49.212
932.4457	49.186
939.2026	48.514
946.0085	47.903
952.8636	47.445
959.7685	47.022
966.7234	46.686
973.7286	46.539
980.7847	46.835
987.8918	47.006
995.0505	46.894
1002.2611	46.725
1009.5239	46.429
1016.8393	46.266
1024.2077	46.383
1031.6295	46.547
1039.1052	46.807
1046.6349	46.983
1054.2193	46.992
1061.8586	46.932
1069.5533	46.739
1077.3037	46.203
1085.1103	45.022
1092.9734	44.468
1100.8936	45.059
1108.8711	45.621
1116.9064	46.129
1125.0000	46.548
1133.1522	46.811
1141.3635	47.084
1149.6343	47.374
1157.9650	47.851
1166.3561	48.632
1174.8080	49.425
1183.3211	50.237
1191.8960	50.715
1200.5330	50.681
1209.2325	50.323
1217.9951	49.482
1226.8212	49.175
1235.7113	49.641
1244.6657	49.876
1253.6851	49.786
1262.7698	49.867
1271.9204	50.182
1281.1372	49.927
1290.4209	48.915
1299.7718	48.468
1309.1905	48.753
1318.6774	49.249
1328.2331	50.011
1337.8580	50.547
1347.5527	50.807
1357.3176	51.551
1367.1533	52.874
1377.0602	53.805
1387.0390	54.282
1397.0900	54.472
1407.2139	54.339
1417.4112	53.841
1427.6823	52.942
1438.0279	52.570
1448.4484	52.761
1458.9445	52.439
1469.5166	51.584
1480.1653	50.759
1490.8912	49.964
1501.6948	48.824
1512.5767	47.347
1523.5375	45.739
1534.5777	44.007
1545.6979	42.724
1556.8986	41.860
1568.1805	42.192
1579.5442	43.607
1590.9903	44.234
1602.5192	44.166
1614.1317	43.583
1625.8284	42.558
1637.6098	42.004
1649.4766	41.843
1661.4294	42.472
1673.4688	43.743
1685.5955	44.953
1697.8100	46.116
1710.1130	46.423
1722.5052	46.075
1734.9872	45.776
1747.5596	45.514
1760.2231	46.041
1772.9785	47.141
1785.8262	48.071
1798.7670	48.882
1811.8016	49.494
1824.9307	49.970
1838.1549	50.055
1851.4749	49.880
1864.8915	49.270
1878.4052	48.377
1892.0169	48.223
1905.7273	48.533
1919.5370	49.330
1933.4467	50.426
1947.4573	50.855
1961.5693	50.888
1975.7837	50.852
1990.1010	50.774
2004.5221	50.876
2019.0477	51.079
2033.6786	51.408
2048.4154	51.806
2063.2591	51.857
2078.2103	51.725
2093.2699	51.560
2108.4386	51.379
2123.7172	51.330
2139.1065	51.347
2154.6074	51.663
2170.2206	52.123
2185.9469	51.748
2201.7871	50.984
2217.7422	50.698
2233.8129	50.627
2250.0000	50.787
2266.3044	51.047
2282.7270	51.201
2299.2686	51.310
2315.9300	51.311
2332.7122	51.268
2349.6160	51.566
2366.6423	52.000
2383.7920	51.534
2401.0659	50.724
2418.4650	50.145
2435.9902	49.652
2453.6424	49.793
2471.4225	50.160
2489.3314	50.183
2507.3702	50.088
2525.5396	50.440
2543.8407	50.940
2562.2744	51.112
2580.8417	51.179
2599.5436	50.997
2618.3809	50.739
2637.3548	50.588
2656.4662	50.468
2675.7160	50.380
2695.1053	50.302
2714.6352	49.877
2734.3066	49.357
2754.1205	49.359
2774.0780	49.497
2794.1801	49.897
2814.4279	50.363
2834.8224	50.761
2855.3647	51.143
2876.0558	51.178
2896.8969	51.132
2917.8890	50.985
2939.0332	50.815
2960.3307	50.576
2981.7824	50.321
3003.3897	50.343
3025.1535	50.420
3047.0750	50.086
3069.1553	49.673
3091.3957	49.547
3113.7972	49.473
3136.3611	49.709
3159.0885	49.998
3181.9805	49.121
3205.0385	48.055
3228.2635	47.845
3251.6568	47.765
3275.2197	47.371
3298.9533	46.931
3322.8588	47.560
3346.9376	48.333
3371.1909	47.878
3395.6200	47.267
3420.2260	46.854
3445.0104	46.464
3469.9744	46.427
3495.1192	46.428
3520.4463	46.240
3545.9569	46.032
3571.6524	45.429
3597.5340	44.790
3623.6032	44.631
3649.8614	44.512
3676.3098	44.132
3702.9498	43.731
3729.7829	43.128
3756.8105	42.511
3784.0339	43.103
3811.4545	43.768
3839.0739	44.578
3866.8934	45.396
3894.9145	45.174
3923.1387	44.904
3951.5674	45.018
3980.2020	45.147
4009.0442	46.516
4038.0954	47.925
4067.3571	48.072
4096.8309	48.189
4126.5182	48.238
4156.4206	48.286
4186.5398	48.281
4216.8772	48.275
4247.4344	48.068
4278.2131	47.862
4309.2148	47.929
4340.4411	48.011
4371.8937	49.444
4403.5743	50.860
4435.4844	51.338
4467.6257	51.807
4500.0000	51.910
4532.6089	52.053
4565.4540	53.422
4598.5372	54.731
4631.8601	54.557
4665.4244	54.346
4699.2320	53.366
4733.2846	52.421
4767.5839	52.131
4802.1318	51.831
4836.9300	51.368
4871.9804	50.912
4907.2848	50.562
4942.8450	50.185
4978.6629	49.485
5014.7403	48.827
5051.0792	48.667
5087.6814	48.484
5124.5489	48.069
5161.6834	47.625
5199.0871	46.897
5236.7619	46.209
5274.7096	45.872
5312.9323	45.620
5351.4320	46.071
5390.2107	46.493
5429.2704	46.674
5468.6131	46.816
5508.2409	46.665
5548.1559	46.590
5588.3602	47.033
5628.8557	47.500
5669.6447	48.124
5710.7293	48.592
5752.1116	48.119
5793.7938	47.620
5835.7780	46.970
5878.0664	46.490
5920.6613	46.934
5963.5649	47.334
6006.7793	47.509
6050.3069	47.607
6094.1500	47.323
6138.3107	47.115
6182.7914	47.265
6227.5945	47.369
6272.7222	47.270
6318.1769	47.226
6363.9610	47.414
6410.0769	47.633
6456.5270	47.982
6503.3136	48.382
6550.4393	48.980
6597.9065	49.331
6645.7177	48.746
6693.8753	48.192
6742.3818	47.748
6791.2399	47.342
6840.4520	47.064
6890.0208	46.864
6939.9487	46.920
6990.2384	47.007
7040.8926	47.189
7091.9138	47.365
7143.3047	47.525
7195.0681	47.559
7247.2065	47.216
7299.7227	46.960
7352.6195	46.957
7405.8997	46.995
7459.5659	47.148
7513.6209	47.342
7568.0677	47.647
7622.9091	47.783
7678.1478	47.480
7733.7868	47.346
7789.8290	47.636
7846.2774	47.892
7903.1347	48.064
7960.4041	48.181
8018.0885	48.170
8076.1908	48.063
8134.7142	47.736
8193.6617	47.599
8253.0364	47.880
8312.8413	48.022
8373.0796	47.863
8433.7544	47.785
8494.8688	47.873
8556.4261	47.779
8618.4295	47.317
8680.8822	47.032
8743.7875	47.091
8807.1486	47.103
8870.9688	47.027
8935.2515	46.988
9000.0000	47.018
9065.2177	46.985
9130.9080	46.843
9197.0743	46.730
9263.7201	46.666
9330.8489	46.484
9398.4640	46.102
9466.5692	45.926
9535.1678	46.086
9604.2636	46.248
9673.8601	46.415
9743.9608	46.571
9814.5696	46.713
9885.6900	46.908
9957.3258	47.185
10029.4807	47.313
10102.1584	47.224
10175.3628	46.977
10249.0977	46.509
10323.3669	45.963
10398.1743	45.312
10473.5237	44.861
10549.4192	44.678
10625.8646	44.545
10702.8640	44.478
10780.4214	44.133
10858.5408	43.437
10937.2262	43.251
11016.4819	43.690
11096.3119	44.115
11176.7203	44.523
11257.7114	44.821
11339.2894	44.989
11421.4586	45.024
11504.2232	44.908
11587.5876	44.986
11671.5560	45.278
11756.1329	45.512
11841.3227	45.683
11927.1298	45.865
12013.5587	46.059
12100.6139	46.206
12188.2999	46.304
12276.6214	46.255
12365.5828	46.062
12455.1889	45.896
12545.4444	45.757
12636.3538	45.309
12727.9221	44.571
12820.1538	44.094
12913.0540	43.854
13006.6273	43.908
13100.8786	44.224
13195.8130	44.380
13291.4353	44.398
13387.7505	44.459
13484.7637	44.556
13582.4798	44.537
13680.9041	44.424
13780.0416	44.185
13879.8974	43.846
13980.4769	43.251
14081.7852	42.460
14183.8276	42.246
14286.6095	42.466
14390.1361	42.622
14494.4130	42.732
14599.4455	42.954
14705.2391	43.254
14811.7993	43.621
14919.1317	44.036
15027.2419	44.314
15136.1355	44.502
15245.8182	44.732
15356.2956	44.991
15467.5737	45.044
15579.6581	44.968
15692.5547	44.941
15806.2694	44.944
15920.8082	45.060
16036.1769	45.245
16152.3817	45.399
16269.4285	45.537
16387.3235	45.846
16506.0728	46.250
16625.6826	46.226
16746.1591	45.968
16867.5087	45.802
16989.7376	45.683
17112.8523	45.623
17236.8591	45.594
17361.7644	45.464
17487.5749	45.284
17614.2971	44.997
17741.9376	44.660
17870.5030	44.802
18000.0000	45.169
18130.4354	45.404
18261.8160	45.581
18394.1487	45.508
18527.4403	45.326
18661.6977	45.073
18796.9281	44.790
18933.1384	44.791
19070.3357	44.910
19208.5272	44.935
19347.7201	44.923
19487.9217	45.042
19629.1392	45.212
19771.3800	44.955
19914.6516	44.539
20058.9614	43.866
20204.3169	43.100
20350.7257	42.383
20498.1954	41.682
20646.7338	40.702
20796.3485	39.629
20947.0475	39.069
21098.8384	38.675
21251.7293	38.574
21405.7281	38.563
21560.8428	38.601
21717.0816	38.653
21874.4525	38.714
22032.9638	38.777
22192.6237	38.560
22353.4406	38.266
22515.4229	38.123
22678.5789	38.020
22842.9172	37.692
23008.4464	37.307
23175.1751	37.123
23343.1120	36.988
23512.2658	36.684
23682.6454	36.341
23854.2596	35.821
24027.1174	35.262
24201.2278	34.933
24376.5998	34.652
24553.2427	34.063
24731.1657	33.411
24910.3779	32.935
25090.8887	32.493
25272.7077	31.853
25455.8441	31.176
25640.3077	30.841
25826.1079	30.564
26013.2545	30.213
26201.7573	29.850
26391.6260	29.404
26582.8706	28.945
26775.5011	28.824
26969.5274	28.753
27164.9597	28.678
27361.8082	28.602
27560.0831	28.614
27759.7949	28.637
27960.9538	28.497
28163.5704	28.336
28367.6552	28.021
28573.2189	27.689
28780.2723	27.520
28988.8260	27.368
29198.8910	27.196
29410.4782	27.022
29623.5986	26.766
29838.2634	26.504
30054.4838	26.201
30272.2709	25.895
30491.6363	25.250
30712.5913	24.581
30935.1474	24.177
31159.3162	23.789
31385.1094	23.540
31612.5389	23.299
31841.6164	22.277
32072.3539	21.218
32304.7634	20.559
32538.8570	19.917
32774.6470	19.395
33012.1456	18.877
33251.3652	18.057
33492.3183	17.230
33735.0174	16.569
33979.4753	15.911
34225.7045	15.637
34473.7181	15.366
34723.5289	15.020
34975.1499	14.673
35228.5942	14.449
35483.8752	14.223
35741.0059	13.847
36000.0000	13.473
36260.8708	13.271
36523.6321	13.066
36788.2974	12.743
37054.8805	12.425
37323.3955	12.226
37593.8562	12.027
37866.2767	11.812
38140.6714	11.589
38417.0544	11.168
38695.4402	10.751
38975.8433	10.398
39258.2784	10.061
39542.7600	9.986
39829.3032	9.903
40117.9227	9.699
40408.6337	9.503
40701.4514	9.409
40996.3909	9.304
41293.4676	9.089
41592.6971	8.874
41894.0949	8.668
42197.6768	8.468
42503.4586	8.325
42811.4561	8.172
43121.6856	7.919
43434.1631	7.682
43748.9050	7.576
44065.9276	7.475
44385.2474	7.410
44706.8812	7.353
45030.8457	7.346
45357.1578	7.340
45685.8345	7.335
46016.8928	7.322
46350.3502	7.253
46686.2240	7.189
47024.5316	7.151
