# R_01 (rta) ver-vol — REW moving-mic RTA (spatial average over the listening area), as REW serves it with display smoothing off: unit SPL, smoothing field None (a 1/48-oct RTA's native resolution; 'None' and '1/48' are the same curve), ppo 96
# REW date 2026-Aug-24 10:24:50, uuid 6bc21c5d-7b50-4209-ba56-63fb9d39b439, notes: "65536-point 1/48 octave RTA using Hann window, no smoothing and 150 averages\n\nInput RMS 80.31 dB\n79.8 dB C, 76.8 dB A\n80.3 dB 22 - 22k UNW\n51.1 dB >22k\n"
# freq_Hz	SPL_dB
4.3945	30.505
4.4264	30.511
4.4585	30.518
4.4908	30.524
4.5233	30.530
4.5561	30.537
4.5891	30.543
4.6223	30.550
4.6558	30.556
4.6896	30.563
4.7236	30.569
4.7578	30.576
4.7923	30.582
4.8270	30.589
4.8620	30.595
4.8972	30.602
4.9327	30.608
4.9684	30.615
5.0044	30.621
5.0407	30.627
5.0772	30.634
5.1140	30.640
5.1511	30.647
5.1884	30.653
5.2260	30.660
5.2639	30.666
5.3020	30.673
5.3404	30.679
5.3791	30.686
5.4181	30.692
5.4574	30.699
5.4969	30.705
5.5368	30.712
5.5769	30.718
5.6173	30.724
5.6580	30.731
5.6990	30.737
5.7403	30.744
5.7819	30.750
5.8238	30.757
5.8660	30.766
5.9085	30.788
5.9513	30.811
5.9944	30.834
6.0379	30.856
6.0816	30.879
6.1257	30.902
6.1701	30.924
6.2148	30.947
6.2598	30.970
6.3052	30.992
6.3509	31.015
6.3969	31.038
6.4433	31.060
6.4900	31.083
6.5370	31.106
6.5844	31.128
6.6321	31.151
6.6801	31.174
6.7285	31.196
6.7773	31.219
6.8264	31.242
6.8759	31.264
6.9257	31.287
6.9759	31.310
7.0264	31.332
7.0774	31.355
7.1286	31.378
7.1803	31.400
7.2323	31.423
7.2847	31.446
7.3375	31.462
7.3907	31.459
7.4442	31.456
7.4982	31.453
7.5525	31.451
7.6073	31.448
7.6624	31.445
7.7179	31.442
7.7738	31.439
7.8302	31.436
7.8869	31.434
7.9441	31.431
8.0016	31.428
8.0596	31.425
8.1180	31.422
8.1768	31.420
8.2361	31.417
8.2958	31.414
8.3559	31.411
8.4164	31.408
8.4774	31.405
8.5389	31.403
8.6007	31.400
8.6631	31.397
8.7258	31.394
8.7891	31.391
8.8528	31.386
8.9169	31.380
8.9815	31.374
9.0466	31.368
9.1122	31.362
9.1782	31.357
9.2447	31.351
9.3117	31.345
9.3792	31.339
9.4471	31.334
9.5156	31.328
9.5845	31.322
9.6540	31.316
9.7240	31.310
9.7944	31.305
9.8654	31.299
9.9369	31.293
10.0089	31.287
10.0814	31.281
10.1545	31.276
10.2281	31.270
10.3022	31.234
10.3768	31.183
10.4520	31.131
10.5278	31.080
10.6040	31.028
10.6809	30.977
10.7583	30.925
10.8362	30.874
10.9148	30.822
10.9939	30.771
11.0735	30.719
11.1538	30.668
11.2346	30.616
11.3160	30.564
11.3980	30.513
11.4806	30.461
11.5638	30.410
11.6476	30.358
11.7320	30.294
11.8170	30.161
11.9026	30.027
11.9889	29.894
12.0758	29.760
12.1633	29.627
12.2514	29.494
12.3402	29.360
12.4296	29.227
12.5197	29.094
12.6104	28.960
12.7018	28.827
12.7938	28.693
12.8865	28.560
12.9799	28.427
13.0740	28.293
13.1687	28.160
13.2641	28.039
13.3603	27.920
13.4571	27.802
13.5546	27.683
13.6528	27.565
13.7517	27.446
13.8514	27.327
13.9518	27.209
14.0529	27.090
14.1547	26.972
14.2573	26.853
14.3606	26.735
14.4646	26.616
14.5695	26.497
14.6750	26.420
14.7814	26.467
14.8885	26.513
14.9964	26.560
15.1051	26.606
15.2145	26.653
15.3248	26.699
15.4358	26.745
15.5477	26.792
15.6603	26.838
15.7738	26.885
15.8881	26.931
16.0032	26.978
16.1192	27.030
16.2360	27.185
16.3537	27.341
16.4722	27.496
16.5915	27.651
16.7118	27.807
16.8329	27.962
16.9548	28.118
17.0777	28.273
17.2015	28.429
17.3261	28.584
17.4517	28.739
17.5781	28.895
17.7055	28.823
17.8338	28.750
17.9630	28.678
18.0932	28.606
18.2243	28.533
18.3564	28.461
18.4894	28.389
18.6234	28.316
18.7583	28.244
18.8943	28.172
19.0312	28.100
19.1691	27.916
19.3080	27.723
19.4479	27.529
19.5888	27.335
19.7308	27.141
19.8738	26.948
20.0178	26.754
20.1628	26.560
20.3089	26.366
20.4561	26.173
20.6043	26.164
20.7536	26.255
20.9040	26.346
21.0555	26.438
21.2081	26.529
21.3618	26.620
21.5166	26.711
21.6725	26.802
21.8295	26.893
21.9877	26.977
22.1470	26.985
22.3075	26.993
22.4692	27.001
22.6320	27.009
22.7960	27.017
22.9612	27.026
23.1276	27.034
23.2952	27.042
23.4640	27.009
23.6340	26.751
23.8053	26.493
23.9778	26.235
24.1515	25.978
24.3265	25.720
24.5028	25.462
24.6804	25.205
24.8592	24.947
25.0394	24.967
25.2208	25.075
25.4036	25.183
25.5877	25.291
25.7731	25.399
25.9598	25.507
26.1480	25.615
26.3374	25.723
26.5283	25.804
26.7205	25.881
26.9141	25.957
27.1092	26.034
27.3056	26.111
27.5035	26.187
27.7028	26.264
27.9035	26.251
28.1057	26.076
28.3094	25.901
28.5145	25.726
28.7212	25.551
28.9293	25.376
29.1389	25.201
29.3501	25.025
29.5628	24.843
29.7770	24.661
29.9928	24.479
30.2101	24.297
30.4290	24.116
30.6495	23.934
30.8716	23.882
31.0953	23.963
31.3207	24.043
31.5476	24.124
31.7762	24.205
32.0065	24.286
32.2384	24.381
32.4720	24.747
32.7073	25.113
32.9444	25.479
33.1831	25.844
33.4235	26.210
33.6657	26.576
33.9097	27.104
34.1554	27.651
34.4029	28.198
34.6522	28.745
34.9033	29.292
35.1562	29.839
35.4110	30.154
35.6676	30.469
35.9261	30.783
36.1864	31.098
36.4486	31.413
36.7128	31.736
36.9788	32.077
37.2467	32.417
37.5167	32.757
37.7885	33.097
38.0623	33.437
38.3382	33.776
38.6160	34.114
38.8958	34.453
39.1777	34.792
39.4616	35.130
39.7475	35.538
40.0355	35.976
40.3257	36.414
40.6179	36.853
40.9122	37.291
41.2087	37.747
41.5073	38.212
41.8081	38.676
42.1110	39.141
42.4162	39.606
42.7235	40.234
43.0331	40.906
43.3450	41.577
43.6591	42.249
43.9754	42.906
44.2941	43.427
44.6151	43.949
44.9384	44.470
45.2640	44.992
45.5920	45.366
45.9224	45.621
46.2552	45.876
46.5904	46.132
46.9280	46.353
47.2680	46.389
47.6105	46.426
47.9556	46.462
48.3031	46.499
48.6531	46.506
49.0056	46.510
49.3608	46.514
49.7184	46.517
50.0787	46.802
50.4416	47.176
50.8071	47.550
51.1753	47.924
51.5461	48.368
51.9197	48.836
52.2959	49.303
52.6749	49.771
53.0566	50.190
53.4410	50.600
53.8283	51.010
54.2183	51.414
54.6112	51.703
55.0070	51.992
55.4056	52.282
55.8071	52.545
56.2115	52.762
56.6188	52.978
57.0291	53.195
57.4423	53.350
57.8586	53.485
58.2779	53.621
58.7002	53.808
59.1255	54.150
59.5540	54.492
59.9855	54.834
60.4202	54.998
60.8580	55.124
61.2990	55.251
61.7432	55.344
62.1907	55.404
62.6413	55.463
63.0952	55.526
63.5525	55.604
64.0130	55.682
64.4768	55.774
64.9441	56.153
65.4147	56.532
65.8887	56.910
66.3662	57.199
66.8471	57.482
67.3315	57.764
67.8194	58.138
68.3108	58.521
68.8058	58.905
69.3044	59.391
69.8067	59.885
70.3125	60.380
70.8220	60.263
71.3352	60.146
71.8521	59.941
72.3728	59.209
72.8973	58.477
73.4255	57.989
73.9576	57.961
74.4935	57.933
75.0333	58.063
75.5770	58.297
76.1247	58.532
76.6763	58.160
77.2320	57.732
77.7916	57.482
78.3553	57.698
78.9231	57.914
79.4950	57.994
80.0711	58.011
80.6513	57.952
81.2357	57.440
81.8244	56.928
82.4173	56.871
83.0146	57.059
83.6161	57.266
84.2220	57.557
84.8323	57.848
85.4471	57.585
86.0663	57.176
86.6899	57.041
87.3181	57.282
87.9509	57.562
88.5882	58.225
89.2301	58.887
89.8767	58.978
90.5280	58.930
91.1840	58.736
91.8448	58.425
92.5103	58.051
93.1807	57.556
93.8559	57.123
94.5360	57.027
95.2211	56.931
95.9111	56.805
96.6061	56.680
97.3062	56.637
98.0113	56.604
98.7215	56.665
99.4369	56.748
100.1575	56.541
100.8832	56.243
101.6143	55.766
102.3506	55.227
103.0923	55.228
103.8393	55.413
104.5918	54.806
105.3497	53.977
106.1131	52.803
106.8821	51.566
107.6566	51.571
108.4367	51.654
109.2225	51.507
110.0139	51.675
110.8112	53.186
111.6141	54.513
112.4229	55.506
113.2376	56.236
114.0582	56.748
114.8847	57.419
115.7172	58.140
116.5557	58.193
117.4003	58.413
118.2511	59.144
119.1080	59.889
119.9711	60.646
120.8404	60.897
121.7161	61.023
122.5981	61.021
123.4865	60.726
124.3813	60.130
125.2826	60.327
126.1905	60.718
127.1049	61.299
128.0260	61.191
128.9537	60.727
129.8881	61.030
130.8294	61.205
131.7774	61.243
132.7323	61.325
133.6942	61.390
134.6630	61.426
135.6388	61.281
136.6217	61.249
137.6117	61.420
138.6089	61.797
139.6133	61.468
140.6250	60.254
141.6440	59.221
142.6704	58.984
143.7043	59.315
144.7456	59.372
145.7945	59.437
146.8510	59.403
147.9151	59.179
148.9870	59.177
150.0666	58.428
151.1541	57.252
152.2494	56.282
153.3526	55.802
154.4639	55.534
155.5832	55.419
156.7106	55.403
157.8462	55.322
158.9900	54.578
160.1422	53.740
161.3026	53.423
162.4715	54.435
163.6488	53.273
164.8347	53.213
166.0291	53.796
167.2323	54.000
168.4441	53.175
169.6647	53.522
170.8942	53.886
172.1325	54.032
173.3799	53.709
174.6363	53.080
175.9017	52.830
177.1764	52.387
178.4603	52.049
179.7535	51.331
181.0561	51.696
182.3681	52.919
183.6896	54.180
185.0207	54.831
186.3614	54.800
187.7119	54.711
189.0721	53.958
190.4422	54.098
191.8222	55.042
193.2122	55.731
194.6123	56.262
196.0226	55.804
197.4430	54.849
198.8738	53.979
200.3149	54.291
201.7665	54.717
203.2286	54.242
204.7012	53.478
206.1846	53.235
207.6787	53.401
209.1836	53.434
210.6994	53.367
212.2262	53.153
213.7641	52.830
215.3131	52.586
216.8734	52.400
218.4450	52.433
220.0279	52.619
221.6223	52.444
223.2283	52.022
224.8459	52.106
226.4752	52.526
228.1163	52.956
229.7694	53.392
231.4344	53.633
233.1114	53.752
234.8007	53.362
236.5021	52.661
238.2159	52.870
239.9421	53.615
241.6808	53.710
243.4322	53.431
245.1962	52.984
246.9730	52.444
248.7626	52.514
250.5653	52.914
252.3810	52.765
254.2098	52.327
256.0519	52.077
257.9074	51.922
259.7763	51.176
261.6587	50.138
263.5548	49.742
265.4647	49.654
267.3883	49.541
269.3259	49.418
271.2776	49.579
273.2434	49.868
275.2234	50.165
277.2178	50.464
279.2266	50.419
281.2500	50.228
283.2881	49.823
285.3409	49.332
287.4086	49.440
289.4913	49.784
291.5890	50.361
293.7020	51.026
295.8303	50.934
297.9740	50.565
300.1332	50.703
302.3081	51.021
304.4988	51.508
306.7053	52.053
308.9278	52.352
311.1664	52.569
313.4213	52.537
315.6925	52.426
317.9801	52.582
320.2843	52.821
322.6052	52.635
324.9429	52.323
327.2976	52.285
329.6693	52.325
332.0583	51.879
334.4645	51.299
336.8882	51.190
339.3294	51.205
341.7883	51.191
344.2651	51.170
346.7597	51.204
349.2725	51.250
351.8035	51.874
354.3528	52.629
356.9206	52.834
359.5070	52.919
362.1121	52.992
364.7361	53.062
367.3792	53.145
370.0413	53.232
372.7228	53.308
375.4237	53.381
378.1442	52.824
380.8844	52.153
383.6444	52.048
386.4245	52.040
389.2247	51.978
392.0451	51.908
394.8861	51.800
397.7476	51.685
400.6298	52.219
403.5329	52.845
406.4571	52.957
409.4025	53.000
412.3692	52.748
415.3574	52.459
418.3672	52.591
421.3989	52.773
424.4525	52.680
427.5283	52.557
430.6263	53.017
433.7468	53.536
436.8899	53.489
440.0558	53.390
443.2446	53.855
446.4565	54.367
449.6918	54.496
452.9504	54.595
456.2327	54.049
459.5387	53.460
462.8687	52.858
466.2229	52.256
469.6013	51.933
473.0042	51.626
476.4318	51.642
479.8842	51.673
483.3617	51.252
486.8643	50.814
490.3923	50.785
493.9459	50.769
497.5253	50.831
501.1305	50.895
504.7619	50.575
508.4196	50.249
512.1039	50.472
515.8148	50.700
519.5526	51.021
523.3175	51.340
527.1096	51.318
530.9293	51.295
534.7766	51.218
538.6518	51.145
542.5551	51.297
546.4867	51.425
550.4468	50.602
554.4355	49.794
558.4532	49.396
562.5000	49.025
566.5761	49.279
570.6818	49.542
574.8171	49.978
578.9825	50.427
583.1781	51.126
587.4040	51.819
591.6606	52.430
595.9480	53.002
600.2665	53.033
604.6163	52.967
608.9976	51.669
613.4106	50.342
617.8556	48.666
622.3329	47.045
626.8425	45.993
631.3849	45.023
635.9602	44.833
640.5686	44.697
645.2104	45.049
649.8859	45.389
654.5952	45.626
659.3387	45.793
664.1165	45.412
668.9290	44.984
673.7763	44.223
678.6588	43.517
683.5766	43.186
688.5301	42.987
693.5195	43.646
698.5450	44.429
703.6070	45.972
708.7056	47.493
713.8412	48.886
719.0140	50.149
724.2242	50.705
729.4722	51.215
734.7583	51.483
740.0827	51.761
745.4456	52.085
750.8474	52.537
756.2884	53.594
761.7687	54.644
767.2888	55.663
772.8489	56.683
778.4493	57.712
784.0903	58.652
789.7721	59.229
795.4951	59.696
801.2596	59.729
807.0659	59.732
812.9142	59.626
818.8049	59.406
824.7383	58.782
830.7147	58.259
836.7344	58.088
842.7977	57.864
848.9050	57.462
855.0565	57.045
861.2526	56.577
867.4936	56.040
873.7798	55.287
880.1116	54.321
886.4892	52.719
892.9131	51.589
899.3835	51.817
905.9008	52.172
912.4653	52.875
919.0774	53.559
925.7375	54.189
932.4457	54.738
939.2026	55.081
946.0085	55.247
952.8636	54.970
959.7685	54.497
966.7234	53.545
973.7286	52.473
980.7847	51.121
987.8918	50.180
995.0505	50.170
1002.2611	50.407
1009.5239	51.183
1016.8393	51.718
1024.2077	51.740
1031.6295	51.825
1039.1052	52.040
1046.6349	52.205
1054.2193	52.269
1061.8586	51.972
1069.5533	50.978
1077.3037	50.232
1085.1103	49.954
1092.9734	50.020
1100.8936	50.714
1108.8711	50.945
1116.9064	50.353
1125.0000	49.710
1133.1522	48.978
1141.3635	48.105
1149.6343	46.995
1157.9650	46.406
1166.3561	46.661
1174.8080	47.103
1183.3211	47.842
1191.8960	48.568
1200.5330	49.275
1209.2325	49.707
1217.9951	49.730
1226.8212	49.846
1235.7113	50.095
1244.6657	50.752
1253.6851	51.981
1262.7698	53.041
1271.9204	53.871
1281.1372	54.035
1290.4209	53.316
1299.7718	52.212
1309.1905	50.611
1318.6774	49.846
1328.2331	50.134
1337.8580	50.988
1347.5527	52.534
1357.3176	53.993
1367.1533	55.350
1377.0602	56.979
1387.0390	58.922
1397.0900	60.152
1407.2139	60.576
1417.4112	60.078
1427.6823	58.570
1438.0279	57.454
1448.4484	56.756
1458.9445	56.495
1469.5166	56.689
1480.1653	56.691
1490.8912	56.500
1501.6948	56.135
1512.5767	55.600
1523.5375	55.043
1534.5777	54.464
1545.6979	53.705
1556.8986	52.778
1568.1805	52.564
1579.5442	52.995
1590.9903	53.125
1602.5192	52.989
1614.1317	52.313
1625.8284	51.172
1637.6098	49.706
1649.4766	47.969
1661.4294	46.425
1673.4688	45.037
1685.5955	43.452
1697.8100	41.710
1710.1130	41.941
1722.5052	43.684
1734.9872	44.666
1747.5596	45.079
1760.2231	45.178
1772.9785	45.051
1785.8262	44.571
1798.7670	43.841
1811.8016	43.807
1824.9307	44.249
1838.1549	44.810
1851.4749	45.450
1864.8915	46.393
1878.4052	47.532
1892.0169	48.420
1905.7273	49.151
1919.5370	49.585
1933.4467	49.839
1947.4573	50.219
1961.5693	50.674
1975.7837	50.552
1990.1010	50.099
2004.5221	50.100
2019.0477	50.356
2033.6786	51.408
2048.4154	52.891
2063.2591	54.186
2078.2103	55.381
2093.2699	55.462
2108.4386	54.972
2123.7172	55.088
2139.1065	55.502
2154.6074	55.890
2170.2206	56.265
2185.9469	56.552
2201.7871	56.797
2217.7422	56.986
2233.8129	57.149
2250.0000	56.433
2266.3044	55.333
2282.7270	55.321
2299.2686	55.769
2315.9300	55.236
2332.7122	54.302
2349.6160	54.155
2366.6423	54.321
2383.7920	54.847
2401.0659	55.511
2418.4650	55.044
2435.9902	54.158
2453.6424	52.629
2471.4225	50.869
2489.3314	50.261
2507.3702	50.048
2525.5396	50.260
2543.8407	50.612
2562.2744	51.125
2580.8417	51.690
2599.5436	51.227
2618.3809	50.449
2637.3548	49.893
2656.4662	49.404
2675.7160	48.499
2695.1053	47.476
2714.6352	48.223
2734.3066	49.456
2754.1205	50.249
2774.0780	50.927
2794.1801	50.485
2814.4279	49.761
2834.8224	49.966
2855.3647	50.396
2876.0558	50.544
2896.8969	50.627
2917.8890	50.318
2939.0332	49.921
2960.3307	49.907
2981.7824	49.972
3003.3897	50.440
3025.1535	50.988
3047.0750	51.536
3069.1553	52.084
3091.3957	51.731
3113.7972	51.214
3136.3611	50.675
3159.0885	50.133
3181.9805	50.211
3205.0385	50.391
3228.2635	49.841
3251.6568	49.179
3275.2197	48.954
3298.9533	48.792
3322.8588	48.945
3346.9376	49.140
3371.1909	49.644
3395.6200	50.187
3420.2260	50.666
3445.0104	51.137
3469.9744	51.443
3495.1192	51.731
3520.4463	52.043
3545.9569	52.357
3571.6524	52.225
3597.5340	52.052
3623.6032	53.002
3649.8614	54.048
3676.3098	54.517
3702.9498	54.942
3729.7829	55.090
3756.8105	55.219
3784.0339	54.954
3811.4545	54.665
3839.0739	52.722
3866.8934	50.691
3894.9145	51.506
3923.1387	52.452
3951.5674	50.885
3980.2020	49.221
4009.0442	48.946
4038.0954	48.714
4067.3571	49.166
4096.8309	49.635
4126.5182	49.645
4156.4206	49.648
4186.5398	49.232
4216.8772	48.812
4247.4344	48.271
4278.2131	47.737
4309.2148	48.897
4340.4411	50.044
4371.8937	49.890
4403.5743	49.758
4435.4844	50.874
4467.6257	51.958
4500.0000	51.787
4532.6089	51.632
4565.4540	51.970
4598.5372	52.333
4631.8601	53.330
4665.4244	54.267
4699.2320	53.926
4733.2846	53.616
4767.5839	53.853
4802.1318	54.128
4836.9300	55.025
4871.9804	55.872
4907.2848	56.019
4942.8450	56.104
4978.6629	55.380
5014.7403	54.670
5051.0792	54.134
5087.6814	53.675
5124.5489	54.043
5161.6834	54.406
5199.0871	54.719
5236.7619	55.017
5274.7096	55.173
5312.9323	55.291
5351.4320	55.089
5390.2107	54.781
5429.2704	53.639
5468.6131	52.698
5508.2409	53.233
5548.1559	53.505
5588.3602	51.965
5628.8557	50.698
5669.6447	51.183
5710.7293	51.600
5752.1116	51.596
5793.7938	51.507
5835.7780	50.932
5878.0664	50.565
5920.6613	51.344
5963.5649	52.003
6006.7793	52.033
6050.3069	52.168
6094.1500	52.823
6138.3107	53.341
6182.7914	53.215
6227.5945	53.057
6272.7222	52.756
6318.1769	52.499
6363.9610	52.434
6410.0769	52.542
6456.5270	53.363
6503.3136	54.127
6550.4393	54.664
6597.9065	54.909
6645.7177	54.053
6693.8753	53.388
6742.3818	53.421
6791.2399	53.276
6840.4520	52.510
6890.0208	51.822
6939.9487	51.394
6990.2384	50.999
7040.8926	50.708
7091.9138	50.492
7143.3047	50.507
7195.0681	50.628
7247.2065	51.065
7299.7227	51.559
7352.6195	52.217
7405.8997	52.801
7459.5659	53.176
7513.6209	53.489
7568.0677	53.631
7622.9091	53.430
7678.1478	52.334
7733.7868	51.636
7789.8290	51.938
7846.2774	52.085
7903.1347	51.852
7960.4041	51.682
8018.0885	51.658
8076.1908	51.742
8134.7142	52.073
8193.6617	52.211
8253.0364	51.921
8312.8413	51.824
8373.0796	52.142
8433.7544	52.190
8494.8688	51.679
8556.4261	51.211
8618.4295	50.830
8680.8822	50.760
8743.7875	51.297
8807.1486	51.491
8870.9688	51.038
8935.2515	50.603
9000.0000	50.199
9065.2177	49.906
9130.9080	49.811
9197.0743	49.870
9263.7201	50.197
9330.8489	50.304
9398.4640	50.043
9466.5692	49.763
9535.1678	49.455
9604.2636	49.137
9673.8601	48.804
9743.9608	48.573
9814.5696	48.498
9885.6900	48.573
9957.3258	48.870
10029.4807	49.261
10102.1584	49.787
10175.3628	50.104
10249.0977	50.127
10323.3669	50.055
10398.1743	49.851
10473.5237	49.619
10549.4192	49.350
10625.8646	49.307
10702.8640	49.559
10780.4214	49.710
10858.5408	49.735
10937.2262	49.582
11016.4819	49.211
11096.3119	48.936
11176.7203	48.775
11257.7114	48.544
11339.2894	48.232
11421.4586	48.148
11504.2232	48.322
11587.5876	48.468
11671.5560	48.584
11756.1329	48.651
11841.3227	48.666
11927.1298	48.565
12013.5587	48.342
12100.6139	48.242
12188.2999	48.265
12276.6214	48.313
12365.5828	48.383
12455.1889	48.342
12545.4444	48.195
12636.3538	47.995
12727.9221	47.747
12820.1538	47.658
12913.0540	47.715
13006.6273	47.729
13100.8786	47.705
13195.8130	47.845
13291.4353	48.127
13387.7505	47.947
13484.7637	47.382
13582.4798	47.225
13680.9041	47.399
13780.0416	47.426
13879.8974	47.336
13980.4769	47.379
14081.7852	47.525
14183.8276	47.708
14286.6095	47.918
14390.1361	48.136
14494.4130	48.358
14599.4455	48.339
14705.2391	48.149
14811.7993	47.994
14919.1317	47.864
15027.2419	48.016
15136.1355	48.357
15245.8182	48.270
15356.2956	47.904
15467.5737	47.664
15579.6581	47.503
15692.5547	47.395
15806.2694	47.319
15920.8082	47.290
16036.1769	47.289
16152.3817	47.270
16269.4285	47.242
16387.3235	47.212
16506.0728	47.181
16625.6826	47.013
16746.1591	46.770
16867.5087	46.647
16989.7376	46.587
17112.8523	46.504
17236.8591	46.409
17361.7644	46.410
17487.5749	46.458
17614.2971	46.242
17741.9376	45.899
17870.5030	45.670
18000.0000	45.494
18130.4354	45.275
18261.8160	45.037
18394.1487	44.947
18527.4403	44.922
18661.6977	44.927
18796.9281	44.945
18933.1384	44.847
19070.3357	44.701
19208.5272	44.657
19347.7201	44.654
19487.9217	44.613
19629.1392	44.558
19771.3800	44.521
19914.6516	44.492
20058.9614	44.471
20204.3169	44.453
20350.7257	44.072
20498.1954	43.566
20646.7338	43.016
20796.3485	42.450
20947.0475	41.932
21098.8384	41.430
21251.7293	41.136
21405.7281	40.908
21560.8428	40.803
21717.0816	40.734
21874.4525	40.627
22032.9638	40.510
22192.6237	40.523
22353.4406	40.572
22515.4229	40.591
22678.5789	40.601
22842.9172	40.505
23008.4464	40.383
23175.1751	40.333
23343.1120	40.299
23512.2658	40.403
23682.6454	40.538
23854.2596	40.472
24027.1174	40.361
24201.2278	40.251
24376.5998	40.142
24553.2427	39.743
24731.1657	39.285
24910.3779	38.982
25090.8887	38.708
25272.7077	38.416
25455.8441	38.121
25640.3077	37.695
25826.1079	37.246
26013.2545	36.800
26201.7573	36.354
26391.6260	36.001
26582.8706	35.663
26775.5011	35.278
26969.5274	34.887
27164.9597	34.284
27361.8082	33.653
27560.0831	33.130
27759.7949	32.621
27960.9538	32.104
28163.5704	31.586
28367.6552	31.158
28573.2189	30.739
28780.2723	30.535
28988.8260	30.352
29198.8910	30.055
29410.4782	29.747
29623.5986	29.477
29838.2634	29.210
30054.4838	28.794
30272.2709	28.367
30491.6363	28.224
30712.5913	28.102
30935.1474	28.062
31159.3162	28.027
31385.1094	28.189
31612.5389	28.361
31841.6164	28.680
32072.3539	29.006
32304.7634	29.421
32538.8570	29.840
32774.6470	29.837
33012.1456	29.821
33251.3652	29.631
33492.3183	29.437
33735.0174	29.032
33979.4753	28.623
34225.7045	28.128
34473.7181	27.632
34723.5289	26.973
34975.1499	26.313
35228.5942	25.644
35483.8752	24.976
35741.0059	24.368
36000.0000	23.760
36260.8708	23.121
36523.6321	22.478
36788.2974	21.665
37054.8805	20.856
37323.3955	20.187
37593.8562	19.520
37866.2767	18.912
38140.6714	18.299
38417.0544	17.561
38695.4402	16.822
38975.8433	16.066
39258.2784	15.317
39542.7600	14.694
39829.3032	14.078
40117.9227	13.574
40408.6337	13.074
40701.4514	12.627
40996.3909	12.177
41293.4676	11.693
41592.6971	11.241
41894.0949	11.124
42197.6768	11.010
42503.4586	10.929
42811.4561	10.802
43121.6856	10.263
43434.1631	9.723
43748.9050	9.169
44065.9276	8.642
44385.2474	8.331
44706.8812	8.033
45030.8457	7.838
45357.1578	7.653
45685.8345	7.540
46016.8928	7.427
46350.3502	7.312
46686.2240	7.206
47024.5316	7.155
