# ALL_01 (rta) ver-vol — REW moving-mic RTA (spatial average over the listening area), as REW serves it with display smoothing off: unit SPL, smoothing field None (a 1/48-oct RTA's native resolution; 'None' and '1/48' are the same curve), ppo 96
# REW date 2026-Aug-24 10:25:24, uuid c9a754c2-6555-49df-aa42-ceae64aaff6c, notes: "65536-point 1/48 octave RTA using Hann window, no smoothing and 150 averages\n\nInput RMS 88.02 dB\n85.4 dB C, 78.5 dB A\n86.0 dB 22 - 22k UNW\n52.3 dB >22k\n"
# freq_Hz	SPL_dB
4.3945	41.198
4.4264	41.392
4.4585	41.585
4.4908	41.778
4.5233	41.972
4.5561	42.165
4.5891	42.358
4.6223	42.552
4.6558	42.745
4.6896	42.938
4.7236	43.132
4.7578	43.325
4.7923	43.518
4.8270	43.712
4.8620	43.905
4.8972	44.098
4.9327	44.291
4.9684	44.485
5.0044	44.678
5.0407	44.871
5.0772	45.065
5.1140	45.258
5.1511	45.451
5.1884	45.645
5.2260	45.838
5.2639	46.031
5.3020	46.225
5.3404	46.418
5.3791	46.611
5.4181	46.805
5.4574	46.998
5.4969	47.191
5.5368	47.385
5.5769	47.578
5.6173	47.771
5.6580	47.965
5.6990	48.158
5.7403	48.351
5.7819	48.544
5.8238	48.738
5.8660	48.932
5.9085	49.133
5.9513	49.334
5.9944	49.536
6.0379	49.737
6.0816	49.938
6.1257	50.139
6.1701	50.340
6.2148	50.541
6.2598	50.742
6.3052	50.943
6.3509	51.144
6.3969	51.345
6.4433	51.546
6.4900	51.747
6.5370	51.948
6.5844	52.149
6.6321	52.350
6.6801	52.551
6.7285	52.752
6.7773	52.954
6.8264	53.155
6.8759	53.356
6.9257	53.557
6.9759	53.758
7.0264	53.959
7.0774	54.160
7.1286	54.361
7.1803	54.562
7.2323	54.763
7.2847	54.964
7.3375	55.144
7.3907	55.260
7.4442	55.376
7.4982	55.492
7.5525	55.608
7.6073	55.724
7.6624	55.840
7.7179	55.957
7.7738	56.073
7.8302	56.189
7.8869	56.305
7.9441	56.421
8.0016	56.537
8.0596	56.653
8.1180	56.769
8.1768	56.885
8.2361	57.001
8.2958	57.118
8.3559	57.234
8.4164	57.350
8.4774	57.466
8.5389	57.582
8.6007	57.698
8.6631	57.814
8.7258	57.930
8.7891	58.046
8.8528	58.105
8.9169	58.164
8.9815	58.223
9.0466	58.282
9.1122	58.341
9.1782	58.400
9.2447	58.459
9.3117	58.518
9.3792	58.577
9.4471	58.636
9.5156	58.695
9.5845	58.754
9.6540	58.813
9.7240	58.872
9.7944	58.931
9.8654	58.990
9.9369	59.049
10.0089	59.108
10.0814	59.167
10.1545	59.226
10.2281	59.285
10.3022	59.357
10.3768	59.435
10.4520	59.513
10.5278	59.591
10.6040	59.669
10.6809	59.747
10.7583	59.825
10.8362	59.903
10.9148	59.981
10.9939	60.059
11.0735	60.137
11.1538	60.215
11.2346	60.293
11.3160	60.371
11.3980	60.449
11.4806	60.527
11.5638	60.605
11.6476	60.684
11.7320	60.763
11.8170	60.847
11.9026	60.932
11.9889	61.017
12.0758	61.102
12.1633	61.186
12.2514	61.271
12.3402	61.356
12.4296	61.441
12.5197	61.525
12.6104	61.610
12.7018	61.695
12.7938	61.780
12.8865	61.864
12.9799	61.949
13.0740	62.034
13.1687	62.119
13.2641	62.275
13.3603	62.445
13.4571	62.615
13.5546	62.785
13.6528	62.955
13.7517	63.125
13.8514	63.295
13.9518	63.465
14.0529	63.635
14.1547	63.805
14.2573	63.975
14.3606	64.145
14.4646	64.315
14.5695	64.485
14.6750	64.640
14.7814	64.752
14.8885	64.863
14.9964	64.975
15.1051	65.086
15.2145	65.198
15.3248	65.309
15.4358	65.421
15.5477	65.532
15.6603	65.644
15.7738	65.755
15.8881	65.867
16.0032	65.978
16.1192	66.085
16.2360	66.117
16.3537	66.149
16.4722	66.181
16.5915	66.212
16.7118	66.244
16.8329	66.276
16.9548	66.308
17.0777	66.339
17.2015	66.371
17.3261	66.403
17.4517	66.435
17.5781	66.466
17.7055	66.577
17.8338	66.688
17.9630	66.798
18.0932	66.909
18.2243	67.019
18.3564	67.130
18.4894	67.240
18.6234	67.351
18.7583	67.461
18.8943	67.572
19.0312	67.682
19.1691	67.842
19.3080	68.007
19.4479	68.172
19.5888	68.336
19.7308	68.501
19.8738	68.666
20.0178	68.831
20.1628	68.995
20.3089	69.160
20.4561	69.325
20.6043	69.410
20.7536	69.453
20.9040	69.496
21.0555	69.539
21.2081	69.581
21.3618	69.624
21.5166	69.667
21.6725	69.710
21.8295	69.753
21.9877	69.771
22.1470	69.560
22.3075	69.349
22.4692	69.138
22.6320	68.927
22.7960	68.716
22.9612	68.505
23.1276	68.294
23.2952	68.083
23.4640	67.861
23.6340	67.582
23.8053	67.302
23.9778	67.023
24.1515	66.744
24.3265	66.464
24.5028	66.185
24.6804	65.906
24.8592	65.627
25.0394	65.416
25.2208	65.227
25.4036	65.038
25.5877	64.849
25.7731	64.660
25.9598	64.471
26.1480	64.281
26.3374	64.092
26.5283	63.996
26.7205	63.916
26.9141	63.837
27.1092	63.757
27.3056	63.678
27.5035	63.598
27.7028	63.518
27.9035	63.417
28.1057	63.278
28.3094	63.138
28.5145	62.998
28.7212	62.858
28.9293	62.718
29.1389	62.579
29.3501	62.426
29.5628	62.233
29.7770	62.041
29.9928	61.848
30.2101	61.655
30.4290	61.463
30.6495	61.270
30.8716	61.002
31.0953	60.657
31.3207	60.311
31.5476	59.966
31.7762	59.621
32.0065	59.275
32.2384	58.946
32.4720	58.919
32.7073	58.893
32.9444	58.866
33.1831	58.839
33.4235	58.812
33.6657	58.786
33.9097	59.299
34.1554	59.876
34.4029	60.454
34.6522	61.031
34.9033	61.608
35.1562	62.186
35.4110	62.688
35.6676	63.189
35.9261	63.691
36.1864	64.193
36.4486	64.694
36.7128	65.129
36.9788	65.436
37.2467	65.744
37.5167	66.051
37.7885	66.359
38.0623	66.666
38.3382	66.664
38.6160	66.632
38.8958	66.601
39.1777	66.569
39.4616	66.538
39.7475	66.382
40.0355	66.169
40.3257	65.957
40.6179	65.744
40.9122	65.531
41.2087	65.301
41.5073	65.060
41.8081	64.820
42.1110	64.580
42.4162	64.339
42.7235	63.840
43.0331	63.273
43.3450	62.705
43.6591	62.137
43.9754	61.574
44.2941	61.051
44.6151	60.528
44.9384	60.006
45.2640	59.483
45.5920	59.449
45.9224	59.810
46.2552	60.172
46.5904	60.533
46.9280	60.864
47.2680	61.032
47.6105	61.200
47.9556	61.368
48.3031	61.536
48.6531	61.281
49.0056	60.976
49.3608	60.671
49.7184	60.366
50.0787	60.431
50.4416	60.613
50.8071	60.795
51.1753	60.978
51.5461	61.244
51.9197	61.538
52.2959	61.833
52.6749	62.128
53.0566	62.359
53.4410	62.580
53.8283	62.800
54.2183	63.015
54.6112	63.134
55.0070	63.253
55.4056	63.372
55.8071	63.424
56.2115	63.354
56.6188	63.285
57.0291	63.215
57.4423	63.238
57.8586	63.290
58.2779	63.342
58.7002	63.379
59.1255	63.371
59.5540	63.363
59.9855	63.355
60.4202	63.171
60.8580	62.952
61.2990	62.733
61.7432	62.584
62.1907	62.507
62.6413	62.431
63.0952	62.341
63.5525	62.210
64.0130	62.078
64.4768	61.966
64.9441	62.219
65.4147	62.471
65.8887	62.724
66.3662	63.000
66.8471	63.278
67.3315	63.555
67.8194	63.939
68.3108	64.336
68.8058	64.732
69.3044	64.960
69.8067	65.172
70.3125	65.384
70.8220	65.402
71.3352	65.419
71.8521	65.422
72.3728	65.334
72.8973	65.247
73.4255	65.109
73.9576	64.877
74.4935	64.645
75.0333	64.493
75.5770	64.392
76.1247	64.291
76.6763	63.881
77.2320	63.442
77.7916	63.222
78.3553	63.575
78.9231	63.929
79.4950	64.020
80.0711	63.992
80.6513	63.906
81.2357	63.480
81.8244	63.054
82.4173	63.157
83.0146	63.546
83.6161	63.944
84.2220	64.385
84.8323	64.826
85.4471	65.029
86.0663	65.169
86.6899	65.197
87.3181	65.074
87.9509	64.950
88.5882	64.828
89.2301	64.706
89.8767	64.322
90.5280	63.874
91.1840	63.333
91.8448	62.717
92.5103	62.415
93.1807	62.734
93.8559	63.012
94.5360	63.075
95.2211	63.133
95.9111	62.639
96.6061	62.146
97.3062	62.318
98.0113	62.569
98.7215	62.602
99.4369	62.583
100.1575	62.033
100.8832	61.314
101.6143	60.996
102.3506	60.821
103.0923	60.624
103.8393	60.420
104.5918	60.076
105.3497	59.694
106.1131	59.104
106.8821	58.476
107.6566	58.903
108.4367	59.391
109.2225	59.596
110.0139	59.848
110.8112	60.297
111.6141	60.762
112.4229	61.258
113.2376	61.458
114.0582	61.412
114.8847	61.493
115.7172	61.614
116.5557	62.441
117.4003	63.081
118.2511	63.152
119.1080	63.573
119.9711	64.303
120.8404	64.833
121.7161	65.168
122.5981	64.655
123.4865	64.291
124.3813	64.079
125.2826	64.096
126.1905	64.043
127.1049	63.639
128.0260	63.680
128.9537	63.976
129.8881	64.211
130.8294	64.230
131.7774	64.020
132.7323	63.277
133.6942	62.425
134.6630	61.467
135.6388	61.609
136.6217	61.590
137.6117	61.130
138.6089	60.229
139.6133	59.649
140.6250	59.512
141.6440	59.383
142.6704	59.596
143.7043	60.000
144.7456	59.970
145.7945	60.014
146.8510	60.372
147.9151	61.272
148.9870	61.042
150.0666	60.439
151.1541	59.746
152.2494	59.438
153.3526	59.544
154.4639	59.187
155.5832	58.411
156.7106	57.459
157.8462	55.697
158.9900	54.505
160.1422	53.872
161.3026	53.647
162.4715	53.371
163.6488	52.473
164.8347	51.388
166.0291	49.930
167.2323	48.469
168.4441	48.747
169.6647	50.739
170.8942	51.594
172.1325	52.618
173.3799	53.708
174.6363	54.715
175.9017	56.382
177.1764	57.147
178.4603	58.482
179.7535	58.035
181.0561	57.695
182.3681	58.652
183.6896	59.859
185.0207	60.081
186.3614	60.034
187.7119	60.624
189.0721	61.060
190.4422	61.352
191.8222	61.644
193.2122	62.045
194.6123	62.407
196.0226	61.867
197.4430	61.022
198.8738	60.341
200.3149	60.017
201.7665	59.977
203.2286	59.706
204.7012	59.329
206.1846	58.977
207.6787	58.645
209.1836	57.946
210.6994	56.967
212.2262	56.464
213.7641	56.316
215.3131	55.907
216.8734	55.310
218.4450	55.491
220.0279	56.218
221.6223	56.565
223.2283	56.651
224.8459	56.958
226.4752	57.412
228.1163	57.659
229.7694	57.774
231.4344	57.945
233.1114	58.151
234.8007	58.183
236.5021	58.109
238.2159	57.822
239.9421	57.410
241.6808	57.349
243.4322	57.490
245.1962	57.500
246.9730	57.437
248.7626	57.541
250.5653	57.735
252.3810	57.529
254.2098	57.115
256.0519	56.980
257.9074	56.987
259.7763	56.671
261.6587	56.196
263.5548	55.926
265.4647	55.755
267.3883	55.491
269.3259	55.184
271.2776	54.914
273.2434	54.661
275.2234	54.486
277.2178	54.344
279.2266	54.211
281.2500	54.081
283.2881	54.121
285.3409	54.230
287.4086	53.914
289.4913	53.430
291.5890	53.194
293.7020	53.052
295.8303	53.804
297.9740	54.886
300.1332	55.078
302.3081	54.954
304.4988	55.042
306.7053	55.203
308.9278	55.571
311.1664	56.008
313.4213	56.394
315.6925	56.765
317.9801	56.540
320.2843	56.133
322.6052	56.376
324.9429	56.812
327.2976	56.929
329.6693	56.955
332.0583	56.840
334.4645	56.687
336.8882	56.292
339.3294	55.833
341.7883	55.527
344.2651	55.258
346.7597	55.368
349.2725	55.568
351.8035	55.719
354.3528	55.858
356.9206	55.494
359.5070	55.020
362.1121	55.583
364.7361	56.364
367.3792	56.132
370.0413	55.700
372.7228	55.066
375.4237	54.394
378.1442	54.416
380.8844	54.562
383.6444	54.111
386.4245	53.559
389.2247	53.600
392.0451	53.737
394.8861	53.194
397.7476	52.548
400.6298	52.822
403.5329	53.227
406.4571	53.747
409.4025	54.283
412.3692	54.346
415.3574	54.351
418.3672	54.607
421.3989	54.893
424.4525	54.714
427.5283	54.484
430.6263	54.890
433.7468	55.358
436.8899	55.576
440.0558	55.771
443.2446	55.593
446.4565	55.383
449.6918	56.050
452.9504	56.782
456.2327	56.903
459.5387	56.983
462.8687	56.089
466.2229	55.137
469.6013	55.070
473.0042	55.050
476.4318	54.813
479.8842	54.567
483.3617	54.580
486.8643	54.602
490.3923	54.545
493.9459	54.486
497.5253	54.482
501.1305	54.479
504.7619	54.763
508.4196	55.051
512.1039	54.696
515.8148	54.334
519.5526	54.328
523.3175	54.325
527.1096	54.725
530.9293	55.114
534.7766	54.576
538.6518	54.044
542.5551	53.811
546.4867	53.586
550.4468	53.612
554.4355	53.635
558.4532	53.567
562.5000	53.504
566.5761	53.565
570.6818	53.659
574.8171	54.453
578.9825	55.239
583.1781	55.865
587.4040	56.447
591.6606	56.333
595.9480	56.205
600.2665	55.886
604.6163	55.498
608.9976	54.243
613.4106	53.020
617.8556	52.169
622.3329	51.287
626.8425	50.092
631.3849	48.962
635.9602	48.470
640.5686	48.006
645.2104	47.795
649.8859	47.602
654.5952	47.559
659.3387	47.554
664.1165	47.838
668.9290	48.167
673.7763	48.823
678.6588	49.390
683.5766	49.345
688.5301	49.349
693.5195	49.657
698.5450	50.039
703.6070	50.861
708.7056	51.691
713.8412	52.562
719.0140	53.300
724.2242	53.317
729.4722	53.382
734.7583	53.694
740.0827	54.099
745.4456	54.966
750.8474	55.801
756.2884	56.489
761.7687	57.317
767.2888	58.775
772.8489	60.069
778.4493	60.662
784.0903	61.166
789.7721	61.309
795.4951	61.459
801.2596	61.636
807.0659	61.584
812.9142	60.669
818.8049	59.750
824.7383	58.822
830.7147	57.900
836.7344	56.997
842.7977	56.263
848.9050	56.093
855.0565	55.673
861.2526	54.453
867.4936	53.044
873.7798	51.052
880.1116	49.414
886.4892	48.834
892.9131	48.564
899.3835	49.190
905.9008	49.842
912.4653	50.568
919.0774	51.185
925.7375	51.512
932.4457	51.864
939.2026	52.281
946.0085	52.412
952.8636	51.827
959.7685	51.568
966.7234	52.097
973.7286	52.422
980.7847	52.265
987.8918	52.169
995.0505	52.208
1002.2611	52.354
1009.5239	52.733
1016.8393	53.034
1024.2077	53.166
1031.6295	53.179
1039.1052	52.945
1046.6349	52.507
1054.2193	51.661
1061.8586	50.705
1069.5533	49.537
1077.3037	48.725
1085.1103	48.582
1092.9734	48.960
1100.8936	50.290
1108.8711	51.301
1116.9064	51.747
1125.0000	52.008
1133.1522	51.951
1141.3635	51.782
1149.6343	51.428
1157.9650	51.523
1166.3561	52.348
1174.8080	52.608
1183.3211	51.974
1191.8960	51.720
1200.5330	52.049
1209.2325	52.442
1217.9951	52.934
1226.8212	53.230
1235.7113	53.245
1244.6657	53.583
1253.6851	54.377
1262.7698	55.155
1271.9204	55.913
1281.1372	56.203
1290.4209	55.870
1299.7718	55.415
1309.1905	54.804
1318.6774	54.716
1328.2331	55.288
1337.8580	55.738
1347.5527	56.040
1357.3176	56.744
1367.1533	57.928
1377.0602	59.275
1387.0390	60.811
1397.0900	61.571
1407.2139	61.455
1417.4112	60.705
1427.6823	59.258
1438.0279	58.187
1448.4484	57.517
1458.9445	57.592
1469.5166	58.441
1480.1653	58.752
1490.8912	58.519
1501.6948	57.762
1512.5767	56.492
1523.5375	55.436
1534.5777	54.583
1545.6979	53.696
1556.8986	52.778
1568.1805	52.080
1579.5442	51.582
1590.9903	51.787
1602.5192	52.613
1614.1317	52.559
1625.8284	51.752
1637.6098	50.718
1649.4766	49.495
1661.4294	48.299
1673.4688	47.125
1685.5955	46.799
1697.8100	47.142
1710.1130	47.568
1722.5052	48.058
1734.9872	48.383
1747.5596	48.585
1760.2231	48.436
1772.9785	48.031
1785.8262	47.669
1798.7670	47.337
1811.8016	47.835
1824.9307	48.901
1838.1549	49.044
1851.4749	48.573
1864.8915	48.734
1878.4052	49.304
1892.0169	50.751
1905.7273	52.750
1919.5370	53.952
1933.4467	54.668
1947.4573	55.138
1961.5693	55.462
1975.7837	55.273
1990.1010	54.789
2004.5221	55.128
2019.0477	55.927
2033.6786	56.882
2048.4154	57.923
2063.2591	58.258
2078.2103	58.223
2093.2699	58.006
2108.4386	57.697
2123.7172	57.880
2139.1065	58.306
2154.6074	58.050
2170.2206	57.466
2185.9469	56.821
2201.7871	56.148
2217.7422	55.522
2233.8129	54.918
2250.0000	54.368
2266.3044	53.842
2282.7270	53.810
2299.2686	53.986
2315.9300	53.953
2332.7122	53.834
2349.6160	54.298
2366.6423	54.992
2383.7920	55.317
2401.0659	55.500
2418.4650	55.015
2435.9902	54.282
2453.6424	53.135
2471.4225	51.840
2489.3314	51.774
2507.3702	52.132
2525.5396	53.304
2543.8407	54.747
2562.2744	55.367
2580.8417	55.722
2599.5436	55.241
2618.3809	54.501
2637.3548	53.933
2656.4662	53.417
2675.7160	52.648
2695.1053	51.807
2714.6352	51.349
2734.3066	50.996
2754.1205	52.284
2774.0780	54.004
2794.1801	54.240
2814.4279	54.103
2834.8224	53.453
2855.3647	52.679
2876.0558	52.871
2896.8969	53.286
2917.8890	54.040
2939.0332	54.870
2960.3307	55.324
2981.7824	55.698
3003.3897	55.800
3025.1535	55.847
3047.0750	55.458
3069.1553	54.985
3091.3957	54.216
3113.7972	53.394
3136.3611	52.787
3159.0885	52.217
3181.9805	52.373
3205.0385	52.646
3228.2635	52.619
3251.6568	52.546
3275.2197	52.366
3298.9533	52.170
3322.8588	51.788
3346.9376	51.380
3371.1909	51.379
3395.6200	51.429
3420.2260	51.438
3445.0104	51.443
3469.9744	51.162
3495.1192	50.849
3520.4463	51.765
3545.9569	52.805
3571.6524	52.921
3597.5340	52.951
3623.6032	53.925
3649.8614	54.979
3676.3098	54.903
3702.9498	54.740
3729.7829	54.911
3756.8105	55.105
3784.0339	54.903
3811.4545	54.676
3839.0739	53.025
3866.8934	51.299
3894.9145	52.099
3923.1387	53.016
3951.5674	51.733
3980.2020	50.365
4009.0442	50.672
4038.0954	51.032
4067.3571	51.151
4096.8309	51.265
4126.5182	51.186
4156.4206	51.104
4186.5398	51.413
4216.8772	51.726
4247.4344	51.611
4278.2131	51.496
4309.2148	51.714
4340.4411	51.935
4371.8937	52.465
4403.5743	52.998
4435.4844	53.682
4467.6257	54.370
4500.0000	55.229
4532.6089	56.076
4565.4540	56.569
4598.5372	57.040
4631.8601	56.982
4665.4244	56.923
4699.2320	56.821
4733.2846	56.691
4767.5839	56.044
4802.1318	55.424
4836.9300	55.227
4871.9804	55.081
4907.2848	55.656
4942.8450	56.170
4978.6629	55.920
5014.7403	55.652
5051.0792	55.186
5087.6814	54.755
5124.5489	54.680
5161.6834	54.585
5199.0871	54.297
5236.7619	54.091
5274.7096	54.622
5312.9323	55.100
5351.4320	55.127
5390.2107	55.053
5429.2704	54.183
5468.6131	53.478
5508.2409	53.988
5548.1559	54.430
5588.3602	54.409
5628.8557	54.355
5669.6447	54.083
5710.7293	53.818
5752.1116	53.602
5793.7938	53.442
5835.7780	53.612
5878.0664	53.743
5920.6613	53.657
5963.5649	53.541
6006.7793	53.268
6050.3069	53.195
6094.1500	54.114
6138.3107	54.915
6182.7914	55.157
6227.5945	55.256
6272.7222	54.704
6318.1769	54.280
6363.9610	54.401
6410.0769	54.556
6456.5270	54.846
6503.3136	55.176
6550.4393	55.661
6597.9065	55.909
6645.7177	55.261
6693.8753	54.730
6742.3818	54.624
6791.2399	54.356
6840.4520	53.518
6890.0208	52.768
6939.9487	52.311
6990.2384	51.935
7040.8926	51.824
7091.9138	51.820
7143.3047	52.150
7195.0681	52.499
7247.2065	52.907
7299.7227	53.445
7352.6195	54.359
7405.8997	54.926
7459.5659	54.520
7513.6209	54.075
7568.0677	53.522
7622.9091	53.019
7678.1478	52.647
7733.7868	52.557
7789.8290	53.176
7846.2774	53.374
7903.1347	52.550
7960.4041	52.110
8018.0885	52.574
8076.1908	53.095
8134.7142	53.748
8193.6617	53.944
8253.0364	53.130
8312.8413	52.636
8373.0796	52.824
8433.7544	52.921
8494.8688	52.827
8556.4261	52.642
8618.4295	52.273
8680.8822	52.093
8743.7875	52.280
8807.1486	52.301
8870.9688	52.007
8935.2515	51.798
9000.0000	51.746
9065.2177	51.713
9130.9080	51.715
9197.0743	51.757
9263.7201	51.867
9330.8489	51.715
9398.4640	51.124
9466.5692	50.661
9535.1678	50.408
9604.2636	50.282
9673.8601	50.357
9743.9608	50.608
9814.5696	51.129
9885.6900	51.439
9957.3258	51.435
10029.4807	51.455
10102.1584	51.511
10175.3628	51.559
10249.0977	51.596
10323.3669	51.505
10398.1743	51.240
10473.5237	51.111
10549.4192	51.164
10625.8646	51.080
10702.8640	50.818
10780.4214	50.678
10858.5408	50.692
10937.2262	50.673
11016.4819	50.615
11096.3119	50.451
11176.7203	50.162
11257.7114	50.114
11339.2894	50.345
11421.4586	50.503
11504.2232	50.577
11587.5876	50.558
11671.5560	50.437
11756.1329	50.633
11841.3227	51.170
11927.1298	51.459
12013.5587	51.489
12100.6139	51.422
12188.2999	51.254
12276.6214	51.222
12365.5828	51.322
12455.1889	51.319
12545.4444	51.217
12636.3538	50.883
12727.9221	50.334
12820.1538	49.932
12913.0540	49.663
13006.6273	49.617
13100.8786	49.768
13195.8130	49.864
13291.4353	49.913
13387.7505	49.855
13484.7637	49.706
13582.4798	49.517
13680.9041	49.295
13780.0416	49.032
13879.8974	48.736
13980.4769	48.827
14081.7852	49.217
14183.8276	49.391
14286.6095	49.404
14390.1361	49.436
14494.4130	49.482
14599.4455	49.563
14705.2391	49.668
14811.7993	49.903
14919.1317	50.228
15027.2419	50.360
15136.1355	50.361
15245.8182	50.327
15356.2956	50.270
15467.5737	50.154
15579.6581	50.001
15692.5547	49.931
15806.2694	49.911
15920.8082	49.850
16036.1769	49.765
16152.3817	49.672
16269.4285	49.575
16387.3235	49.674
16506.0728	49.883
16625.6826	49.804
16746.1591	49.567
16867.5087	49.469
16989.7376	49.444
17112.8523	49.322
17236.8591	49.151
17361.7644	48.918
17487.5749	48.654
17614.2971	48.358
17741.9376	48.048
17870.5030	48.046
18000.0000	48.187
18130.4354	48.207
18261.8160	48.172
18394.1487	48.319
18527.4403	48.545
18661.6977	48.386
18796.9281	48.063
18933.1384	47.781
19070.3357	47.515
19208.5272	47.361
19347.7201	47.251
19487.9217	47.297
19629.1392	47.402
19771.3800	47.466
19914.6516	47.513
20058.9614	47.256
20204.3169	46.890
20350.7257	46.129
20498.1954	45.232
20646.7338	44.470
20796.3485	43.752
20947.0475	43.283
21098.8384	42.895
21251.7293	42.686
21405.7281	42.533
21560.8428	42.636
21717.0816	42.816
21874.4525	42.653
22032.9638	42.392
22192.6237	42.489
22353.4406	42.686
22515.4229	42.601
22678.5789	42.441
22842.9172	42.176
23008.4464	41.884
23175.1751	41.840
23343.1120	41.857
23512.2658	41.770
23682.6454	41.660
23854.2596	41.536
24027.1174	41.410
24201.2278	41.120
24376.5998	40.796
24553.2427	40.582
24731.1657	40.391
24910.3779	39.832
25090.8887	39.202
25272.7077	39.111
25455.8441	39.118
25640.3077	38.903
25826.1079	38.649
26013.2545	38.200
26201.7573	37.720
26391.6260	37.248
26582.8706	36.777
26775.5011	36.409
26969.5274	36.057
27164.9597	35.469
27361.8082	34.849
27560.0831	34.352
27759.7949	33.871
27960.9538	33.568
28163.5704	33.285
28367.6552	32.931
28573.2189	32.570
28780.2723	32.268
28988.8260	31.972
29198.8910	31.746
29410.4782	31.527
29623.5986	31.359
29838.2634	31.196
30054.4838	30.824
30272.2709	30.436
30491.6363	30.137
30712.5913	29.845
30935.1474	29.693
31159.3162	29.550
31385.1094	29.513
31612.5389	29.482
31841.6164	29.619
32072.3539	29.763
32304.7634	29.934
32538.8570	30.106
32774.6470	30.273
33012.1456	30.439
33251.3652	30.179
33492.3183	29.909
33735.0174	29.675
33979.4753	29.441
34225.7045	28.908
34473.7181	28.372
34723.5289	27.748
34975.1499	27.123
35228.5942	26.327
35483.8752	25.534
35741.0059	24.961
36000.0000	24.384
36260.8708	23.580
36523.6321	22.779
36788.2974	22.126
37054.8805	21.473
37323.3955	20.836
37593.8562	20.191
37866.2767	19.368
38140.6714	18.547
38417.0544	17.783
38695.4402	17.029
38975.8433	16.453
39258.2784	15.878
39542.7600	15.323
39829.3032	14.774
40117.9227	14.313
40408.6337	13.855
40701.4514	13.425
40996.3909	13.009
41293.4676	12.747
41592.6971	12.485
41894.0949	12.214
42197.6768	11.951
42503.4586	11.774
42811.4561	11.549
43121.6856	10.893
43434.1631	10.251
43748.9050	9.730
44065.9276	9.226
44385.2474	8.860
44706.8812	8.500
45030.8457	8.189
45357.1578	7.896
45685.8345	7.721
46016.8928	7.562
46350.3502	7.501
46686.2240	7.436
47024.5316	7.336
