# sw_01 (rta) ver-vol — REW moving-mic RTA (spatial average over the listening area), as REW serves it with display smoothing off: unit SPL, smoothing field None (a 1/48-oct RTA's native resolution; 'None' and '1/48' are the same curve), ppo 96
# REW date 2026-Aug-24 10:18:35, uuid 570274f1-cb11-4c2c-a748-e2b1a3faadd7, notes: "65536-point 1/48 octave RTA using Hann window, no smoothing and 150 averages\n\nInput RMS 85.73 dB\n80.8 dB C, 47.1 dB A\n81.9 dB 22 - 22k UNW\n25.1 dB >22k\n"
# freq_Hz	SPL_dB
4.3945	42.798
4.4264	42.981
4.4585	43.165
4.4908	43.348
4.5233	43.532
4.5561	43.715
4.5891	43.899
4.6223	44.082
4.6558	44.266
4.6896	44.449
4.7236	44.633
4.7578	44.816
4.7923	45.000
4.8270	45.183
4.8620	45.367
4.8972	45.550
4.9327	45.734
4.9684	45.917
5.0044	46.101
5.0407	46.284
5.0772	46.468
5.1140	46.651
5.1511	46.835
5.1884	47.018
5.2260	47.202
5.2639	47.385
5.3020	47.569
5.3404	47.752
5.3791	47.936
5.4181	48.119
5.4574	48.303
5.4969	48.486
5.5368	48.670
5.5769	48.853
5.6173	49.037
5.6580	49.220
5.6990	49.404
5.7403	49.587
5.7819	49.771
5.8238	49.954
5.8660	50.130
5.9085	50.261
5.9513	50.392
5.9944	50.522
6.0379	50.653
6.0816	50.784
6.1257	50.915
6.1701	51.046
6.2148	51.177
6.2598	51.308
6.3052	51.439
6.3509	51.570
6.3969	51.701
6.4433	51.832
6.4900	51.962
6.5370	52.093
6.5844	52.224
6.6321	52.355
6.6801	52.486
6.7285	52.617
6.7773	52.748
6.8264	52.879
6.8759	53.010
6.9257	53.141
6.9759	53.272
7.0264	53.402
7.0774	53.533
7.1286	53.664
7.1803	53.795
7.2323	53.926
7.2847	54.057
7.3375	54.180
7.3907	54.278
7.4442	54.377
7.4982	54.476
7.5525	54.574
7.6073	54.673
7.6624	54.771
7.7179	54.870
7.7738	54.968
7.8302	55.067
7.8869	55.166
7.9441	55.264
8.0016	55.363
8.0596	55.461
8.1180	55.560
8.1768	55.658
8.2361	55.757
8.2958	55.856
8.3559	55.954
8.4164	56.053
8.4774	56.151
8.5389	56.250
8.6007	56.348
8.6631	56.447
8.7258	56.546
8.7891	56.644
8.8528	56.754
8.9169	56.863
8.9815	56.973
9.0466	57.082
9.1122	57.192
9.1782	57.301
9.2447	57.411
9.3117	57.520
9.3792	57.630
9.4471	57.739
9.5156	57.849
9.5845	57.958
9.6540	58.068
9.7240	58.177
9.7944	58.287
9.8654	58.396
9.9369	58.506
10.0089	58.615
10.0814	58.725
10.1545	58.834
10.2281	58.944
10.3022	59.050
10.3768	59.154
10.4520	59.258
10.5278	59.363
10.6040	59.467
10.6809	59.571
10.7583	59.676
10.8362	59.780
10.9148	59.884
10.9939	59.989
11.0735	60.093
11.1538	60.198
11.2346	60.302
11.3160	60.406
11.3980	60.511
11.4806	60.615
11.5638	60.719
11.6476	60.824
11.7320	60.926
11.8170	61.014
11.9026	61.103
11.9889	61.192
12.0758	61.281
12.1633	61.369
12.2514	61.458
12.3402	61.547
12.4296	61.636
12.5197	61.724
12.6104	61.813
12.7018	61.902
12.7938	61.991
12.8865	62.079
12.9799	62.168
13.0740	62.257
13.1687	62.346
13.2641	62.424
13.3603	62.500
13.4571	62.576
13.5546	62.652
13.6528	62.728
13.7517	62.804
13.8514	62.880
13.9518	62.956
14.0529	63.032
14.1547	63.108
14.2573	63.184
14.3606	63.260
14.4646	63.336
14.5695	63.412
14.6750	63.496
14.7814	63.605
14.8885	63.715
14.9964	63.824
15.1051	63.933
15.2145	64.042
15.3248	64.151
15.4358	64.260
15.5477	64.369
15.6603	64.479
15.7738	64.588
15.8881	64.697
16.0032	64.806
16.1192	64.916
16.2360	65.049
16.3537	65.181
16.4722	65.313
16.5915	65.445
16.7118	65.577
16.8329	65.709
16.9548	65.841
17.0777	65.973
17.2015	66.105
17.3261	66.237
17.4517	66.369
17.5781	66.502
17.7055	66.604
17.8338	66.707
17.9630	66.810
18.0932	66.913
18.2243	67.016
18.3564	67.119
18.4894	67.222
18.6234	67.325
18.7583	67.428
18.8943	67.531
19.0312	67.634
19.1691	67.790
19.3080	67.951
19.4479	68.112
19.5888	68.273
19.7308	68.434
19.8738	68.595
20.0178	68.756
20.1628	68.917
20.3089	69.078
20.4561	69.239
20.6043	69.311
20.7536	69.335
20.9040	69.358
21.0555	69.382
21.2081	69.406
21.3618	69.430
21.5166	69.454
21.6725	69.477
21.8295	69.501
21.9877	69.500
22.1470	69.261
22.3075	69.022
22.4692	68.783
22.6320	68.544
22.7960	68.305
22.9612	68.066
23.1276	67.827
23.2952	67.588
23.4640	67.361
23.6340	67.200
23.8053	67.040
23.9778	66.879
24.1515	66.718
24.3265	66.558
24.5028	66.397
24.6804	66.237
24.8592	66.076
25.0394	65.994
25.2208	65.937
25.4036	65.881
25.5877	65.824
25.7731	65.767
25.9598	65.710
26.1480	65.653
26.3374	65.597
26.5283	65.431
26.7205	65.246
26.9141	65.060
27.1092	64.875
27.3056	64.689
27.5035	64.504
27.7028	64.318
27.9035	64.102
28.1057	63.829
28.3094	63.557
28.5145	63.285
28.7212	63.012
28.9293	62.740
29.1389	62.467
29.3501	62.194
29.5628	61.918
29.7770	61.641
29.9928	61.364
30.2101	61.088
30.4290	60.811
30.6495	60.535
30.8716	60.265
31.0953	60.002
31.3207	59.739
31.5476	59.476
31.7762	59.213
32.0065	58.950
32.2384	58.700
32.4720	58.704
32.7073	58.708
32.9444	58.712
33.1831	58.716
33.4235	58.719
33.6657	58.723
33.9097	59.195
34.1554	59.723
34.4029	60.250
34.6522	60.777
34.9033	61.304
35.1562	61.832
35.4110	62.420
35.6676	63.009
35.9261	63.598
36.1864	64.187
36.4486	64.776
36.7128	65.306
36.9788	65.725
37.2467	66.144
37.5167	66.564
37.7885	66.983
38.0623	67.402
38.3382	67.410
38.6160	67.380
38.8958	67.349
39.1777	67.318
39.4616	67.288
39.7475	67.161
40.0355	66.992
40.3257	66.822
40.6179	66.652
40.9122	66.483
41.2087	66.117
41.5073	65.645
41.8081	65.174
42.1110	64.702
42.4162	64.231
42.7235	63.623
43.0331	62.979
43.3450	62.335
43.6591	61.690
43.9754	61.034
44.2941	60.258
44.6151	59.482
44.9384	58.706
45.2640	57.931
45.5920	57.414
45.9224	57.106
46.2552	56.798
46.5904	56.490
46.9280	56.237
47.2680	56.276
47.6105	56.316
47.9556	56.355
48.3031	56.395
48.6531	56.689
49.0056	57.013
49.3608	57.337
49.7184	57.660
50.0787	57.945
50.4416	58.218
50.8071	58.491
51.1753	58.764
51.5461	58.953
51.9197	59.113
52.2959	59.274
52.6749	59.434
53.0566	59.585
53.4410	59.734
53.8283	59.883
54.2183	60.007
54.6112	59.649
55.0070	59.292
55.4056	58.935
55.8071	58.479
56.2115	57.845
56.6188	57.212
57.0291	56.578
57.4423	56.472
57.8586	56.536
58.2779	56.599
58.7002	56.602
59.1255	56.425
59.5540	56.247
59.9855	56.070
60.4202	55.366
60.8580	54.556
61.2990	53.746
61.7432	53.040
62.1907	52.442
62.6413	51.843
63.0952	51.457
63.5525	51.761
64.0130	52.065
64.4768	52.365
64.9441	52.609
65.4147	52.852
65.8887	53.095
66.3662	52.962
66.8471	52.805
67.3315	52.648
67.8194	52.247
68.3108	51.816
68.8058	51.386
69.3044	50.753
69.8067	50.101
70.3125	49.449
70.8220	49.794
71.3352	50.140
71.8521	50.401
72.3728	50.161
72.8973	49.920
73.4255	49.586
73.9576	49.074
74.4935	48.561
75.0333	48.281
75.5770	48.153
76.1247	48.026
76.6763	47.733
77.2320	47.425
77.7916	47.142
78.3553	46.924
78.9231	46.706
79.4950	46.372
80.0711	45.985
80.6513	45.610
81.2357	45.300
81.8244	44.990
82.4173	44.604
83.0146	44.179
83.6161	43.682
84.2220	42.899
84.8323	42.117
85.4471	41.545
86.0663	41.030
86.6899	40.290
87.3181	39.245
87.9509	38.232
88.5882	37.532
89.2301	36.832
89.8767	36.157
90.5280	35.488
91.1840	35.212
91.8448	35.254
92.5103	35.104
93.1807	34.581
93.8559	34.042
94.5360	33.416
95.2211	32.792
95.9111	32.510
96.6061	32.228
97.3062	31.202
98.0113	30.087
98.7215	29.606
99.4369	29.272
100.1575	28.291
100.8832	27.107
101.6143	25.915
102.3506	24.721
103.0923	25.503
103.8393	26.960
104.5918	28.379
105.3497	29.788
106.1131	30.241
106.8821	30.516
107.6566	29.977
108.4367	29.395
109.2225	29.106
110.0139	28.840
110.8112	28.673
111.6141	28.623
112.4229	28.785
113.2376	28.372
114.0582	27.478
114.8847	26.606
115.7172	25.740
116.5557	24.704
117.4003	23.685
118.2511	22.720
119.1080	22.025
119.9711	21.569
120.8404	21.050
121.7161	20.552
122.5981	20.244
123.4865	20.092
124.3813	20.098
125.2826	20.250
126.1905	20.168
127.1049	19.238
128.0260	19.190
128.9537	19.671
129.8881	20.512
130.8294	21.000
131.7774	21.118
132.7323	20.222
133.6942	20.059
134.6630	21.057
135.6388	21.827
136.6217	21.442
137.6117	19.342
138.6089	17.722
139.6133	16.765
140.6250	16.565
141.6440	16.675
142.6704	16.200
143.7043	15.467
144.7456	15.885
145.7945	16.653
146.8510	17.260
147.9151	17.328
148.9870	17.018
150.0666	16.412
151.1541	15.632
152.2494	14.885
153.3526	14.949
154.4639	14.825
155.5832	14.466
156.7106	13.979
157.8462	14.312
158.9900	14.245
160.1422	14.535
161.3026	15.398
162.4715	15.020
163.6488	14.925
164.8347	15.743
166.0291	16.331
167.2323	16.023
168.4441	16.019
169.6647	15.378
170.8942	15.249
172.1325	15.223
173.3799	15.310
174.6363	15.545
175.9017	15.652
177.1764	15.547
178.4603	15.741
179.7535	15.863
181.0561	15.967
182.3681	15.876
183.6896	15.536
185.0207	15.170
186.3614	14.864
187.7119	14.237
189.0721	13.752
190.4422	13.202
191.8222	13.972
193.2122	13.544
194.6123	13.561
196.0226	14.697
197.4430	14.960
198.8738	14.185
200.3149	14.322
201.7665	14.575
203.2286	14.303
204.7012	13.876
206.1846	13.429
207.6787	12.967
209.1836	12.532
210.6994	12.118
212.2262	12.025
213.7641	12.171
215.3131	12.200
216.8734	12.145
218.4450	12.233
220.0279	12.423
221.6223	12.572
223.2283	12.694
224.8459	12.310
226.4752	11.590
228.1163	11.417
229.7694	11.595
231.4344	11.664
233.1114	11.664
234.8007	11.756
236.5021	11.903
238.2159	11.748
239.9421	11.414
241.6808	11.139
243.4322	10.897
245.1962	10.778
246.9730	10.729
248.7626	10.568
250.5653	10.347
252.3810	9.962
254.2098	9.490
256.0519	9.825
257.9074	10.569
259.7763	10.980
261.6587	11.226
263.5548	11.217
265.4647	11.086
267.3883	11.102
269.3259	11.186
271.2776	11.020
273.2434	10.743
275.2234	10.684
277.2178	10.720
279.2266	10.536
281.2500	10.261
283.2881	10.201
285.3409	10.229
287.4086	10.313
289.4913	10.419
291.5890	10.430
293.7020	10.406
295.8303	10.569
297.9740	10.801
300.1332	10.912
302.3081	10.979
304.4988	11.002
306.7053	11.009
308.9278	10.800
311.1664	10.520
313.4213	10.204
315.6925	9.878
317.9801	9.607
320.2843	9.354
322.6052	9.639
324.9429	10.083
327.2976	10.146
329.6693	10.102
332.0583	10.100
334.4645	10.111
336.8882	10.257
339.3294	10.440
341.7883	10.043
344.2651	9.501
346.7597	9.258
349.2725	9.087
351.8035	9.042
354.3528	9.027
356.9206	9.170
359.5070	9.348
362.1121	9.443
364.7361	9.520
367.3792	9.355
370.0413	9.142
372.7228	9.044
375.4237	8.969
378.1442	9.016
380.8844	9.086
383.6444	9.208
386.4245	9.339
389.2247	9.415
392.0451	9.482
394.8861	9.419
397.7476	9.336
400.6298	8.984
403.5329	8.594
406.4571	8.423
409.4025	8.280
412.3692	8.178
415.3574	8.081
418.3672	8.010
421.3989	7.942
424.4525	8.270
427.5283	8.640
430.6263	8.591
433.7468	8.500
436.8899	8.067
440.0558	7.602
443.2446	8.052
446.4565	8.578
449.6918	8.247
452.9504	7.851
456.2327	7.886
459.5387	7.951
462.8687	7.735
466.2229	7.502
469.6013	8.122
473.0042	8.787
476.4318	8.563
479.8842	8.298
483.3617	8.550
486.8643	8.821
490.3923	8.362
493.9459	7.882
497.5253	7.640
501.1305	7.405
504.7619	7.407
508.4196	7.414
512.1039	8.823
515.8148	10.245
519.5526	9.178
523.3175	8.111
527.1096	7.880
530.9293	7.653
534.7766	7.682
538.6518	7.708
542.5551	7.509
546.4867	7.321
550.4468	7.532
554.4355	7.735
558.4532	7.683
562.5000	7.653
566.5761	8.164
570.6818	8.611
574.8171	7.721
578.9825	6.905
583.1781	7.401
587.4040	7.876
591.6606	8.022
595.9480	8.147
600.2665	7.973
604.6163	7.803
608.9976	7.674
613.4106	7.568
617.8556	7.705
622.3329	7.835
626.8425	7.888
631.3849	7.929
635.9602	7.847
640.5686	7.806
645.2104	8.128
649.8859	8.385
654.5952	8.099
659.3387	7.797
664.1165	7.373
668.9290	7.027
673.7763	7.255
678.6588	7.469
683.5766	7.585
688.5301	7.695
693.5195	7.771
698.5450	7.826
703.6070	7.756
708.7056	7.710
713.8412	7.796
719.0140	7.803
724.2242	7.376
729.4722	7.053
734.7583	7.266
740.0827	7.473
745.4456	7.649
750.8474	7.800
756.2884	7.828
761.7687	7.884
767.2888	8.059
772.8489	8.164
778.4493	7.972
784.0903	7.870
789.7721	8.136
795.4951	8.356
801.2596	8.398
807.0659	8.457
812.9142	8.577
818.8049	8.626
824.7383	8.418
830.7147	8.287
836.7344	8.420
842.7977	8.514
848.9050	8.475
855.0565	8.328
861.2526	7.833
867.4936	7.466
873.7798	7.490
880.1116	7.548
886.4892	7.705
892.9131	7.778
899.3835	7.610
905.9008	7.500
912.4653	7.553
919.0774	7.626
925.7375	7.754
932.4457	7.797
939.2026	7.619
946.0085	7.472
952.8636	7.399
959.7685	7.352
966.7234	7.369
973.7286	7.316
980.7847	7.102
987.8918	6.926
995.0505	6.834
1002.2611	6.813
1009.5239	6.945
1016.8393	7.119
1024.2077	7.381
1031.6295	7.397
1039.1052	6.906
1046.6349	6.589
1054.2193	6.619
1061.8586	6.651
1069.5533	6.688
1077.3037	6.684
1085.1103	6.601
1092.9734	6.565
1100.8936	6.614
1108.8711	6.746
1116.9064	7.026
1125.0000	7.178
1133.1522	7.108
1141.3635	6.940
1149.6343	6.607
1157.9650	6.398
1166.3561	6.392
1174.8080	6.331
1183.3211	6.183
1191.8960	6.222
1200.5330	6.549
1209.2325	6.763
1217.9951	6.811
1226.8212	6.671
1235.7113	6.260
1244.6657	6.172
1253.6851	6.540
1262.7698	6.794
1271.9204	6.894
1281.1372	6.989
1290.4209	7.077
1299.7718	7.091
1309.1905	7.010
1318.6774	6.804
1328.2331	6.443
1337.8580	6.319
1347.5527	6.488
1357.3176	6.626
1367.1533	6.728
1377.0602	6.819
1387.0390	6.900
1397.0900	6.997
1407.2139	7.111
1417.4112	7.144
1427.6823	7.086
1438.0279	6.966
1448.4484	6.781
1458.9445	6.790
1469.5166	7.002
1480.1653	7.061
1490.8912	6.964
1501.6948	6.949
1512.5767	7.015
1523.5375	6.956
1534.5777	6.775
1545.6979	6.529
1556.8986	6.222
1568.1805	6.187
1579.5442	6.397
1590.9903	6.476
1602.5192	6.439
1614.1317	6.393
1625.8284	6.339
1637.6098	6.518
1649.4766	6.892
1661.4294	7.010
1673.4688	6.922
1685.5955	6.731
1697.8100	6.458
1710.1130	6.389
1722.5052	6.476
1734.9872	6.561
1747.5596	6.643
1760.2231	6.632
1772.9785	6.553
1785.8262	6.474
1798.7670	6.396
1811.8016	6.454
1824.9307	6.605
1838.1549	6.660
1851.4749	6.649
1864.8915	6.737
1878.4052	6.888
1892.0169	6.930
1905.7273	6.903
1919.5370	6.825
1933.4467	6.715
1947.4573	6.707
1961.5693	6.761
1975.7837	6.776
1990.1010	6.769
2004.5221	6.755
2019.0477	6.736
2033.6786	6.860
2048.4154	7.061
2063.2591	7.035
2078.2103	6.889
2093.2699	6.741
2108.4386	6.593
2123.7172	6.627
2139.1065	6.753
2154.6074	6.862
2170.2206	6.963
2185.9469	6.875
2201.7871	6.697
2217.7422	6.756
2233.8129	6.923
2250.0000	7.025
2266.3044	7.099
2282.7270	6.979
2299.2686	6.776
2315.9300	6.742
2332.7122	6.778
2349.6160	6.900
2366.6423	7.058
2383.7920	6.943
2401.0659	6.722
2418.4650	6.705
2435.9902	6.761
2453.6424	6.809
2471.4225	6.852
2489.3314	6.827
2507.3702	6.777
2525.5396	6.817
2543.8407	6.888
2562.2744	6.919
2580.8417	6.936
2599.5436	6.779
2618.3809	6.568
2637.3548	6.696
2656.4662	6.924
2675.7160	7.075
2695.1053	7.204
2714.6352	7.028
2734.3066	6.768
2754.1205	6.592
2774.0780	6.439
2794.1801	6.605
2814.4279	6.850
2834.8224	6.836
2855.3647	6.758
2876.0558	6.624
2896.8969	6.477
2917.8890	6.623
2939.0332	6.832
2960.3307	6.835
2981.7824	6.794
3003.3897	6.812
3025.1535	6.841
3047.0750	6.683
3069.1553	6.489
3091.3957	6.400
3113.7972	6.329
3136.3611	6.451
3159.0885	6.606
3181.9805	6.651
3205.0385	6.678
3228.2635	6.634
3251.6568	6.578
3275.2197	6.551
3298.9533	6.527
3322.8588	6.429
3346.9376	6.320
3371.1909	6.415
3395.6200	6.535
3420.2260	6.490
3445.0104	6.425
3469.9744	6.577
3495.1192	6.752
3520.4463	6.669
3545.9569	6.561
3571.6524	6.599
3597.5340	6.652
3623.6032	6.621
3649.8614	6.582
3676.3098	6.790
3702.9498	7.017
3729.7829	6.922
3756.8105	6.804
3784.0339	6.801
3811.4545	6.806
3839.0739	6.957
3866.8934	7.117
3894.9145	7.027
3923.1387	6.926
3951.5674	6.956
3980.2020	6.990
4009.0442	7.037
4038.0954	7.083
4067.3571	7.046
4096.8309	7.006
4126.5182	7.006
4156.4206	7.005
4186.5398	6.959
4216.8772	6.912
4247.4344	7.037
4278.2131	7.162
4309.2148	7.123
4340.4411	7.084
4371.8937	7.075
4403.5743	7.067
4435.4844	7.132
4467.6257	7.196
4500.0000	7.225
4532.6089	7.251
4565.4540	7.174
4598.5372	7.101
4631.8601	7.124
4665.4244	7.156
4699.2320	7.368
4733.2846	7.562
4767.5839	7.416
4802.1318	7.281
4836.9300	7.319
4871.9804	7.354
4907.2848	7.335
4942.8450	7.316
4978.6629	7.295
5014.7403	7.276
5051.0792	7.284
5087.6814	7.300
5124.5489	7.403
5161.6834	7.512
5199.0871	7.666
5236.7619	7.777
5274.7096	7.497
5312.9323	7.277
5351.4320	7.567
5390.2107	7.816
5429.2704	7.749
5468.6131	7.696
5508.2409	7.747
5548.1559	7.778
5588.3602	7.665
5628.8557	7.582
5669.6447	7.695
5710.7293	7.813
5752.1116	7.956
5793.7938	8.060
5835.7780	7.946
5878.0664	7.873
5920.6613	8.031
5963.5649	8.161
6006.7793	8.151
6050.3069	8.132
6094.1500	8.064
6138.3107	7.990
6182.7914	7.889
6227.5945	7.840
6272.7222	8.028
6318.1769	8.173
6363.9610	8.129
6410.0769	8.126
6456.5270	8.289
6503.3136	8.415
6550.4393	8.393
6597.9065	8.383
6645.7177	8.422
6693.8753	8.445
6742.3818	8.410
6791.2399	8.381
6840.4520	8.377
6890.0208	8.422
6939.9487	8.635
6990.2384	8.767
7040.8926	8.635
7091.9138	8.588
7143.3047	8.804
7195.0681	8.927
7247.2065	8.772
7299.7227	8.688
7352.6195	8.809
7405.8997	8.909
7459.5659	8.953
7513.6209	8.994
7568.0677	9.026
7622.9091	9.039
7678.1478	9.003
7733.7868	8.990
7789.8290	9.038
7846.2774	9.157
7903.1347	9.452
7960.4041	9.592
8018.0885	9.365
8076.1908	9.220
8134.7142	9.260
8193.6617	9.316
8253.0364	9.410
8312.8413	9.495
8373.0796	9.564
8433.7544	9.552
8494.8688	9.374
8556.4261	9.292
8618.4295	9.402
8680.8822	9.522
8743.7875	9.661
8807.1486	9.727
8870.9688	9.653
8935.2515	9.613
9000.0000	9.635
9065.2177	9.645
9130.9080	9.634
9197.0743	9.690
9263.7201	9.866
9330.8489	9.917
9398.4640	9.757
9466.5692	9.723
9535.1678	9.895
9604.2636	10.078
9673.8601	10.280
9743.9608	10.600
9814.5696	11.103
9885.6900	11.235
9957.3258	10.813
10029.4807	10.525
10102.1584	10.434
10175.3628	10.410
10249.0977	10.481
10323.3669	10.454
10398.1743	10.293
10473.5237	10.205
10549.4192	10.214
10625.8646	10.243
10702.8640	10.298
10780.4214	10.311
10858.5408	10.271
10937.2262	10.292
11016.4819	10.388
11096.3119	10.457
11176.7203	10.495
11257.7114	10.410
11339.2894	10.181
11421.4586	10.146
11504.2232	10.332
11587.5876	10.434
11671.5560	10.445
11756.1329	10.448
11841.3227	10.443
11927.1298	10.427
12013.5587	10.401
12100.6139	10.471
12188.2999	10.638
12276.6214	10.718
12365.5828	10.712
12455.1889	10.724
12545.4444	10.753
12636.3538	10.859
12727.9221	11.038
12820.1538	11.092
12913.0540	11.032
13006.6273	11.067
13100.8786	11.184
13195.8130	11.280
13291.4353	11.357
13387.7505	11.348
13484.7637	11.267
13582.4798	11.206
13680.9041	11.161
13780.0416	11.149
13879.8974	11.164
13980.4769	11.241
14081.7852	11.365
14183.8276	11.317
14286.6095	11.139
14390.1361	11.123
14494.4130	11.224
14599.4455	11.228
14705.2391	11.164
14811.7993	11.139
14919.1317	11.142
15027.2419	11.149
15136.1355	11.160
15245.8182	11.150
15356.2956	11.127
15467.5737	11.159
15579.6581	11.225
15692.5547	11.220
15806.2694	11.171
15920.8082	11.164
16036.1769	11.184
16152.3817	11.242
16269.4285	11.324
16387.3235	11.363
16506.0728	11.378
16625.6826	11.397
16746.1591	11.418
16867.5087	11.526
16989.7376	11.680
17112.8523	11.677
17236.8591	11.593
17361.7644	11.701
17487.5749	11.903
17614.2971	12.112
17741.9376	12.325
17870.5030	12.579
18000.0000	12.853
18130.4354	12.803
18261.8160	12.607
18394.1487	12.498
18527.4403	12.428
18661.6977	12.490
18796.9281	12.608
18933.1384	12.855
19070.3357	13.156
19208.5272	13.331
19347.7201	13.457
19487.9217	12.974
19629.1392	12.257
19771.3800	12.109
19914.6516	12.171
20058.9614	11.960
20204.3169	11.650
20350.7257	11.327
20498.1954	11.000
20646.7338	10.192
20796.3485	9.222
20947.0475	8.569
21098.8384	8.018
21251.7293	7.941
21405.7281	8.011
21560.8428	7.909
21717.0816	7.757
21874.4525	7.752
22032.9638	7.788
22192.6237	7.787
22353.4406	7.775
22515.4229	7.748
22678.5789	7.716
22842.9172	7.718
23008.4464	7.729
23175.1751	7.737
23343.1120	7.746
23512.2658	7.729
23682.6454	7.707
23854.2596	8.782
24027.1174	10.101
24201.2278	11.231
24376.5998	12.321
24553.2427	11.830
24731.1657	11.020
24910.3779	10.246
25090.8887	9.480
25272.7077	8.598
25455.8441	7.695
25640.3077	7.600
25826.1079	7.645
26013.2545	7.650
26201.7573	7.648
26391.6260	7.623
26582.8706	7.594
26775.5011	7.606
26969.5274	7.625
27164.9597	7.603
27361.8082	7.576
27560.0831	7.612
27759.7949	7.657
27960.9538	7.662
28163.5704	7.663
28367.6552	7.633
28573.2189	7.600
28780.2723	7.615
28988.8260	7.635
29198.8910	7.581
29410.4782	7.520
29623.5986	7.540
29838.2634	7.567
30054.4838	7.526
30272.2709	7.480
30491.6363	7.516
30712.5913	7.558
30935.1474	7.540
31159.3162	7.518
31385.1094	7.546
31612.5389	7.577
31841.6164	7.633
32072.3539	7.691
32304.7634	7.584
32538.8570	7.472
32774.6470	7.504
33012.1456	7.542
33251.3652	7.561
33492.3183	7.579
33735.0174	7.525
33979.4753	7.471
34225.7045	7.511
34473.7181	7.552
34723.5289	7.554
34975.1499	7.556
35228.5942	7.602
35483.8752	7.647
35741.0059	7.595
36000.0000	7.545
36260.8708	7.574
36523.6321	7.602
36788.2974	7.587
37054.8805	7.573
37323.3955	7.577
37593.8562	7.578
37866.2767	7.540
38140.6714	7.503
38417.0544	7.489
38695.4402	7.474
38975.8433	7.450
39258.2784	7.427
39542.7600	7.425
39829.3032	7.424
40117.9227	7.428
40408.6337	7.432
40701.4514	7.434
40996.3909	7.440
41293.4676	7.489
41592.6971	7.528
41894.0949	7.473
42197.6768	7.417
42503.4586	7.367
42811.4561	7.322
43121.6856	7.331
43434.1631	7.340
43748.9050	7.354
44065.9276	7.363
44385.2474	7.330
44706.8812	7.304
45030.8457	7.330
45357.1578	7.350
45685.8345	7.320
46016.8928	7.289
46350.3502	7.257
46686.2240	7.233
47024.5316	7.263
