# tw-L_01 (rta) ver-vol — REW moving-mic RTA (spatial average over the listening area), as REW serves it with display smoothing off: unit SPL, smoothing field None (a 1/48-oct RTA's native resolution; 'None' and '1/48' are the same curve), ppo 96
# REW date 2026-Aug-24 10:22:12, uuid 4e683c4e-509f-45d4-b016-48f953787bbf, notes: "65536-point 1/48 octave RTA using Hann window, no smoothing and 150 averages\n\nInput RMS 68.47 dB\n65.8 dB C, 67.6 dB A\n68.4 dB 22 - 22k UNW\n46.7 dB >22k\n"
# freq_Hz	SPL_dB
4.3945	30.774
4.4264	30.773
4.4585	30.771
4.4908	30.770
4.5233	30.768
4.5561	30.767
4.5891	30.766
4.6223	30.764
4.6558	30.763
4.6896	30.761
4.7236	30.760
4.7578	30.759
4.7923	30.757
4.8270	30.756
4.8620	30.754
4.8972	30.753
4.9327	30.751
4.9684	30.750
5.0044	30.749
5.0407	30.747
5.0772	30.746
5.1140	30.744
5.1511	30.743
5.1884	30.742
5.2260	30.740
5.2639	30.739
5.3020	30.737
5.3404	30.736
5.3791	30.734
5.4181	30.733
5.4574	30.732
5.4969	30.730
5.5368	30.729
5.5769	30.727
5.6173	30.726
5.6580	30.725
5.6990	30.723
5.7403	30.722
5.7819	30.720
5.8238	30.719
5.8660	30.717
5.9085	30.710
5.9513	30.703
5.9944	30.697
6.0379	30.690
6.0816	30.684
6.1257	30.677
6.1701	30.670
6.2148	30.664
6.2598	30.657
6.3052	30.650
6.3509	30.644
6.3969	30.637
6.4433	30.631
6.4900	30.624
6.5370	30.617
6.5844	30.611
6.6321	30.604
6.6801	30.598
6.7285	30.591
6.7773	30.584
6.8264	30.578
6.8759	30.571
6.9257	30.564
6.9759	30.558
7.0264	30.551
7.0774	30.545
7.1286	30.538
7.1803	30.531
7.2323	30.525
7.2847	30.518
7.3375	30.510
7.3907	30.498
7.4442	30.486
7.4982	30.475
7.5525	30.463
7.6073	30.451
7.6624	30.439
7.7179	30.427
7.7738	30.415
7.8302	30.403
7.8869	30.392
7.9441	30.380
8.0016	30.368
8.0596	30.356
8.1180	30.344
8.1768	30.332
8.2361	30.320
8.2958	30.308
8.3559	30.297
8.4164	30.285
8.4774	30.273
8.5389	30.261
8.6007	30.249
8.6631	30.237
8.7258	30.225
8.7891	30.214
8.8528	30.084
8.9169	29.954
8.9815	29.825
9.0466	29.695
9.1122	29.566
9.1782	29.436
9.2447	29.307
9.3117	29.177
9.3792	29.047
9.4471	28.918
9.5156	28.788
9.5845	28.659
9.6540	28.529
9.7240	28.400
9.7944	28.270
9.8654	28.141
9.9369	28.011
10.0089	27.881
10.0814	27.752
10.1545	27.622
10.2281	27.493
10.3022	27.452
10.3768	27.459
10.4520	27.466
10.5278	27.473
10.6040	27.480
10.6809	27.487
10.7583	27.494
10.8362	27.501
10.9148	27.508
10.9939	27.515
11.0735	27.522
11.1538	27.529
11.2346	27.536
11.3160	27.543
11.3980	27.550
11.4806	27.557
11.5638	27.564
11.6476	27.571
11.7320	27.574
11.8170	27.557
11.9026	27.541
11.9889	27.524
12.0758	27.508
12.1633	27.491
12.2514	27.474
12.3402	27.458
12.4296	27.441
12.5197	27.425
12.6104	27.408
12.7018	27.391
12.7938	27.375
12.8865	27.358
12.9799	27.342
13.0740	27.325
13.1687	27.308
13.2641	27.245
13.3603	27.172
13.4571	27.100
13.5546	27.028
13.6528	26.956
13.7517	26.883
13.8514	26.811
13.9518	26.739
14.0529	26.666
14.1547	26.594
14.2573	26.522
14.3606	26.449
14.4646	26.377
14.5695	26.305
14.6750	26.280
14.7814	26.394
14.8885	26.509
14.9964	26.624
15.1051	26.739
15.2145	26.854
15.3248	26.969
15.4358	27.083
15.5477	27.198
15.6603	27.313
15.7738	27.428
15.8881	27.543
16.0032	27.657
16.1192	27.761
16.2360	27.655
16.3537	27.549
16.4722	27.443
16.5915	27.337
16.7118	27.231
16.8329	27.125
16.9548	27.019
17.0777	26.913
17.2015	26.807
17.3261	26.701
17.4517	26.595
17.5781	26.489
17.7055	26.470
17.8338	26.452
17.9630	26.433
18.0932	26.415
18.2243	26.397
18.3564	26.378
18.4894	26.360
18.6234	26.341
18.7583	26.323
18.8943	26.304
19.0312	26.286
19.1691	26.307
19.3080	26.332
19.4479	26.357
19.5888	26.382
19.7308	26.407
19.8738	26.432
20.0178	26.457
20.1628	26.482
20.3089	26.507
20.4561	26.532
20.6043	26.458
20.7536	26.331
20.9040	26.204
21.0555	26.076
21.2081	25.949
21.3618	25.822
21.5166	25.694
21.6725	25.567
21.8295	25.440
21.9877	25.307
22.1470	25.120
22.3075	24.933
22.4692	24.746
22.6320	24.559
22.7960	24.373
22.9612	24.186
23.1276	23.999
23.2952	23.812
23.4640	23.665
23.6340	23.735
23.8053	23.804
23.9778	23.873
24.1515	23.943
24.3265	24.012
24.5028	24.082
24.6804	24.151
24.8592	24.221
25.0394	24.263
25.2208	24.296
25.4036	24.329
25.5877	24.362
25.7731	24.396
25.9598	24.429
26.1480	24.462
26.3374	24.495
26.5283	24.383
26.7205	24.245
26.9141	24.106
27.1092	23.967
27.3056	23.828
27.5035	23.689
27.7028	23.550
27.9035	23.419
28.1057	23.301
28.3094	23.183
28.5145	23.065
28.7212	22.947
28.9293	22.829
29.1389	22.711
29.3501	22.657
29.5628	22.793
29.7770	22.929
29.9928	23.065
30.2101	23.201
30.4290	23.337
30.6495	23.473
30.8716	23.490
31.0953	23.384
31.3207	23.278
31.5476	23.172
31.7762	23.066
32.0065	22.960
32.2384	22.845
32.4720	22.566
32.7073	22.287
32.9444	22.008
33.1831	21.729
33.4235	21.450
33.6657	21.172
33.9097	21.066
34.1554	20.981
34.4029	20.897
34.6522	20.812
34.9033	20.727
35.1562	20.642
35.4110	20.424
35.6676	20.207
35.9261	19.989
36.1864	19.771
36.4486	19.554
36.7128	19.538
36.9788	19.903
37.2467	20.268
37.5167	20.633
37.7885	20.999
38.0623	21.364
38.3382	22.444
38.6160	23.592
38.8958	24.740
39.1777	25.887
39.4616	27.035
39.7475	27.292
40.0355	27.144
40.3257	26.996
40.6179	26.849
40.9122	26.701
41.2087	26.348
41.5073	25.886
41.8081	25.424
42.1110	24.961
42.4162	24.499
42.7235	24.810
43.0331	25.325
43.3450	25.841
43.6591	26.356
43.9754	26.836
44.2941	26.977
44.6151	27.117
44.9384	27.258
45.2640	27.399
45.5920	27.202
45.9224	26.733
46.2552	26.264
46.5904	25.795
46.9280	25.331
47.2680	24.894
47.6105	24.457
47.9556	24.020
48.3031	23.583
48.6531	23.669
49.0056	23.818
49.3608	23.966
49.7184	24.115
50.0787	24.782
50.4416	25.613
50.8071	26.445
51.1753	27.276
51.5461	28.266
51.9197	29.310
52.2959	30.353
52.6749	31.397
53.0566	31.218
53.4410	30.813
53.8283	30.407
54.2183	29.949
54.6112	28.467
55.0070	26.985
55.4056	25.503
55.8071	24.307
56.2115	23.629
56.6188	22.951
57.0291	22.273
57.4423	22.027
57.8586	21.920
58.2779	21.813
58.7002	21.660
59.1255	21.372
59.5540	21.084
59.9855	20.796
60.4202	20.345
60.8580	19.861
61.2990	19.377
61.7432	19.007
62.1907	18.753
62.6413	18.499
63.0952	18.262
63.5525	18.078
64.0130	17.893
64.4768	17.720
64.9441	17.747
65.4147	17.774
65.8887	17.801
66.3662	17.727
66.8471	17.646
67.3315	17.564
67.8194	17.517
68.3108	17.474
68.8058	17.431
69.3044	16.994
69.8067	16.521
70.3125	16.047
70.8220	16.369
71.3352	16.692
71.8521	17.004
72.3728	17.252
72.8973	17.500
73.4255	17.620
73.9576	17.498
74.4935	17.377
75.0333	17.265
75.5770	17.160
76.1247	17.056
76.6763	17.197
77.2320	17.362
77.7916	17.363
78.3553	16.935
78.9231	16.506
79.4950	16.018
80.0711	15.504
80.6513	15.020
81.2357	14.723
81.8244	14.426
82.4173	14.278
83.0146	14.210
83.6161	14.199
84.2220	14.415
84.8323	14.632
85.4471	15.034
86.0663	15.485
86.6899	15.480
87.3181	14.851
87.9509	14.226
88.5882	13.625
89.2301	13.024
89.8767	13.247
90.5280	13.668
91.1840	13.991
91.8448	14.234
92.5103	14.381
93.1807	14.343
93.8559	14.330
94.5360	14.456
95.2211	14.584
95.9111	14.811
96.6061	15.039
97.3062	15.065
98.0113	15.068
98.7215	14.846
99.4369	14.571
100.1575	14.707
100.8832	14.972
101.6143	15.266
102.3506	15.569
103.0923	15.892
103.8393	16.220
104.5918	17.070
105.3497	18.066
106.1131	18.247
106.8821	18.277
107.6566	17.192
108.4367	16.070
109.2225	15.800
110.0139	15.656
110.8112	16.051
111.6141	16.006
112.4229	15.162
113.2376	14.638
114.0582	14.379
114.8847	14.476
115.7172	14.686
116.5557	15.068
117.4003	15.458
118.2511	15.867
119.1080	15.941
119.9711	15.719
120.8404	16.037
121.7161	16.329
122.5981	15.868
123.4865	15.460
124.3813	15.108
125.2826	15.429
126.1905	15.762
127.1049	15.763
128.0260	15.289
128.9537	14.553
129.8881	14.036
130.8294	13.417
131.7774	12.690
132.7323	13.536
133.6942	14.483
134.6630	15.428
135.6388	15.660
136.6217	15.448
137.6117	14.689
138.6089	14.252
139.6133	13.897
140.6250	13.606
141.6440	13.608
142.6704	13.685
143.7043	13.754
144.7456	13.438
145.7945	14.267
146.8510	15.041
147.9151	14.947
148.9870	14.310
150.0666	13.359
151.1541	12.504
152.2494	12.510
153.3526	12.782
154.4639	12.366
155.5832	11.702
156.7106	11.689
157.8462	13.070
158.9900	13.757
160.1422	13.919
161.3026	13.787
162.4715	13.548
163.6488	13.336
164.8347	13.449
166.0291	13.355
167.2323	12.848
168.4441	12.812
169.6647	12.875
170.8942	13.105
172.1325	13.016
173.3799	12.515
174.6363	12.051
175.9017	12.366
177.1764	12.506
178.4603	12.696
179.7535	12.752
181.0561	12.431
182.3681	12.242
183.6896	12.462
185.0207	12.721
186.3614	12.605
187.7119	12.281
189.0721	11.364
190.4422	11.051
191.8222	11.113
193.2122	11.812
194.6123	11.327
196.0226	12.121
197.4430	12.763
198.8738	13.219
200.3149	13.122
201.7665	13.591
203.2286	13.265
204.7012	12.568
206.1846	11.989
207.6787	11.504
209.1836	11.224
210.6994	11.101
212.2262	10.900
213.7641	10.640
215.3131	10.473
216.8734	10.373
218.4450	10.677
220.0279	11.263
221.6223	11.476
223.2283	11.434
224.8459	11.778
226.4752	12.379
228.1163	12.261
229.7694	11.679
231.4344	11.648
233.1114	11.962
234.8007	11.970
236.5021	11.793
238.2159	11.666
239.9421	11.569
241.6808	11.107
243.4322	10.436
245.1962	10.657
246.9730	11.375
248.7626	11.530
250.5653	11.382
252.3810	11.315
254.2098	11.290
256.0519	11.224
257.9074	11.136
259.7763	11.050
261.6587	10.965
263.5548	11.197
265.4647	11.581
267.3883	11.229
269.3259	10.537
271.2776	10.487
273.2434	10.725
275.2234	11.222
277.2178	11.831
279.2266	11.951
281.2500	11.864
283.2881	11.523
285.3409	11.079
287.4086	11.183
289.4913	11.504
291.5890	11.460
293.7020	11.278
295.8303	10.888
297.9740	10.420
300.1332	10.185
302.3081	10.033
304.4988	9.888
306.7053	9.744
308.9278	9.635
311.1664	9.537
313.4213	9.514
315.6925	9.516
317.9801	9.618
320.2843	9.750
322.6052	10.039
324.9429	10.373
327.2976	10.424
329.6693	10.394
332.0583	10.157
334.4645	9.863
336.8882	9.797
339.3294	9.790
341.7883	10.068
344.2651	10.418
346.7597	10.286
349.2725	10.039
351.8035	9.906
354.3528	9.799
356.9206	10.244
359.5070	10.809
362.1121	10.328
364.7361	9.628
367.3792	9.336
370.0413	9.126
372.7228	9.504
375.4237	9.993
378.1442	9.776
380.8844	9.433
383.6444	9.526
386.4245	9.694
389.2247	9.358
392.0451	8.940
394.8861	8.989
397.7476	9.110
400.6298	9.225
403.5329	9.340
406.4571	9.085
409.4025	8.782
412.3692	8.792
415.3574	8.842
418.3672	8.751
421.3989	8.643
424.4525	9.218
427.5283	9.868
430.6263	9.715
433.7468	9.483
436.8899	9.448
440.0558	9.432
443.2446	8.888
446.4565	8.299
449.6918	8.925
452.9504	9.644
456.2327	9.380
459.5387	9.049
462.8687	8.956
466.2229	8.877
469.6013	8.975
473.0042	9.082
476.4318	8.946
479.8842	8.799
483.3617	9.071
486.8643	9.358
490.3923	9.036
493.9459	8.695
497.5253	8.564
501.1305	8.437
504.7619	8.811
508.4196	9.193
512.1039	9.456
515.8148	9.718
519.5526	9.226
523.3175	8.737
527.1096	9.087
530.9293	9.428
534.7766	8.994
538.6518	8.565
542.5551	8.423
546.4867	8.270
550.4468	7.723
554.4355	7.206
558.4532	7.569
562.5000	7.916
566.5761	7.874
570.6818	7.837
574.8171	7.887
578.9825	7.956
583.1781	8.354
587.4040	8.723
591.6606	8.638
595.9480	8.557
600.2665	8.516
604.6163	8.481
608.9976	8.521
613.4106	8.558
617.8556	8.572
622.3329	8.547
626.8425	8.126
631.3849	7.741
635.9602	7.708
640.5686	7.722
645.2104	8.165
649.8859	8.500
654.5952	7.938
659.3387	7.448
664.1165	7.508
668.9290	7.621
673.7763	8.118
678.6588	8.487
683.5766	7.988
688.5301	7.553
693.5195	7.530
698.5450	7.473
703.6070	7.205
708.7056	7.039
713.8412	7.452
719.0140	7.823
724.2242	7.975
729.4722	8.110
734.7583	8.155
740.0827	8.178
745.4456	8.088
750.8474	8.067
756.2884	8.362
761.7687	8.578
767.2888	8.440
772.8489	8.338
778.4493	8.388
784.0903	8.487
789.7721	8.789
795.4951	9.088
801.2596	9.377
807.0659	9.658
812.9142	9.910
818.8049	10.113
824.7383	10.142
830.7147	10.023
836.7344	9.394
842.7977	8.871
848.9050	8.701
855.0565	8.570
861.2526	8.567
867.4936	8.498
873.7798	8.224
880.1116	8.043
886.4892	8.141
892.9131	8.169
899.3835	7.996
905.9008	7.858
912.4653	7.815
919.0774	7.791
925.7375	7.820
932.4457	7.862
939.2026	7.937
946.0085	7.996
952.8636	8.014
959.7685	7.945
966.7234	7.663
973.7286	7.651
980.7847	8.271
987.8918	8.545
995.0505	8.033
1002.2611	7.616
1009.5239	7.407
1016.8393	7.281
1024.2077	7.334
1031.6295	7.381
1039.1052	7.418
1046.6349	7.361
1054.2193	7.118
1061.8586	7.047
1069.5533	7.309
1077.3037	7.394
1085.1103	7.145
1092.9734	7.017
1100.8936	7.111
1108.8711	7.206
1116.9064	7.302
1125.0000	7.367
1133.1522	7.380
1141.3635	7.376
1149.6343	7.342
1157.9650	7.290
1166.3561	7.206
1174.8080	7.243
1183.3211	7.471
1191.8960	7.609
1200.5330	7.610
1209.2325	7.601
1217.9951	7.579
1226.8212	7.539
1235.7113	7.474
1244.6657	7.454
1253.6851	7.500
1262.7698	7.575
1271.9204	7.690
1281.1372	7.743
1290.4209	7.715
1299.7718	7.591
1309.1905	7.342
1318.6774	7.255
1328.2331	7.369
1337.8580	7.468
1347.5527	7.548
1357.3176	7.743
1367.1533	8.073
1377.0602	8.483
1387.0390	8.987
1397.0900	9.318
1407.2139	9.456
1417.4112	9.574
1427.6823	9.669
1438.0279	9.618
1448.4484	9.412
1458.9445	9.257
1469.5166	9.156
1480.1653	9.073
1490.8912	9.009
1501.6948	9.031
1512.5767	9.137
1523.5375	9.314
1534.5777	9.559
1545.6979	9.596
1556.8986	9.440
1568.1805	9.167
1579.5442	8.788
1590.9903	8.507
1602.5192	8.312
1614.1317	8.325
1625.8284	8.516
1637.6098	8.778
1649.4766	9.099
1661.4294	9.326
1673.4688	9.478
1685.5955	9.543
1697.8100	9.540
1710.1130	9.600
1722.5052	9.708
1734.9872	10.060
1747.5596	10.593
1760.2231	10.974
1772.9785	11.246
1785.8262	11.138
1798.7670	10.762
1811.8016	10.454
1824.9307	10.193
1838.1549	10.577
1851.4749	11.392
1864.8915	11.530
1878.4052	11.228
1892.0169	11.219
1905.7273	11.393
1919.5370	11.793
1933.4467	12.331
1947.4573	13.246
1961.5693	14.385
1975.7837	15.067
1990.1010	15.486
2004.5221	15.782
2019.0477	16.009
2033.6786	16.283
2048.4154	16.582
2063.2591	16.759
2078.2103	16.872
2093.2699	17.152
2108.4386	17.516
2123.7172	17.514
2139.1065	17.331
2154.6074	17.417
2170.2206	17.631
2185.9469	17.514
2201.7871	17.242
2217.7422	17.182
2233.8129	17.217
2250.0000	17.245
2266.3044	17.270
2282.7270	17.410
2299.2686	17.598
2315.9300	17.541
2332.7122	17.383
2349.6160	17.567
2366.6423	17.886
2383.7920	18.124
2401.0659	18.331
2418.4650	19.938
2435.9902	22.063
2453.6424	23.982
2471.4225	25.827
2489.3314	25.578
2507.3702	24.607
2525.5396	24.098
2543.8407	23.742
2562.2744	24.422
2580.8417	25.434
2599.5436	25.743
2618.3809	25.835
2637.3548	25.106
2656.4662	24.133
2675.7160	25.149
2695.1053	26.733
2714.6352	27.038
2734.3066	26.993
2754.1205	27.279
2774.0780	27.651
2794.1801	28.472
2814.4279	29.407
2834.8224	30.001
2855.3647	30.512
2876.0558	31.026
2896.8969	31.539
2917.8890	32.287
2939.0332	33.086
2960.3307	33.711
2981.7824	34.300
3003.3897	34.575
3025.1535	34.786
3047.0750	34.856
3069.1553	34.899
3091.3957	34.412
3113.7972	33.830
3136.3611	34.160
3159.0885	34.648
3181.9805	35.887
3205.0385	37.248
3228.2635	37.766
3251.6568	38.154
3275.2197	38.236
3298.9533	38.273
3322.8588	38.383
3346.9376	38.502
3371.1909	38.682
3395.6200	38.868
3420.2260	38.973
3445.0104	39.067
3469.9744	40.061
3495.1192	41.153
3520.4463	41.185
3545.9569	41.109
3571.6524	41.224
3597.5340	41.356
3623.6032	41.719
3649.8614	42.102
3676.3098	41.934
3702.9498	41.723
3729.7829	41.812
3756.8105	41.921
3784.0339	42.489
3811.4545	43.085
3839.0739	44.080
3866.8934	45.097
3894.9145	45.376
3923.1387	45.621
3951.5674	45.619
3980.2020	45.606
4009.0442	46.309
4038.0954	47.035
4067.3571	46.924
4096.8309	46.793
4126.5182	47.231
4156.4206	47.680
4186.5398	47.500
4216.8772	47.314
4247.4344	46.913
4278.2131	46.516
4309.2148	47.458
4340.4411	48.402
4371.8937	49.575
4403.5743	50.736
4435.4844	51.240
4467.6257	51.729
4500.0000	51.583
4532.6089	51.490
4565.4540	53.061
4598.5372	54.577
4631.8601	54.731
4665.4244	54.845
4699.2320	54.105
4733.2846	53.367
4767.5839	52.661
4802.1318	51.982
4836.9300	51.749
4871.9804	51.495
4907.2848	50.955
4942.8450	50.386
4978.6629	49.455
5014.7403	48.590
5051.0792	48.491
5087.6814	48.397
5124.5489	48.359
5161.6834	48.263
5199.0871	47.597
5236.7619	46.967
5274.7096	46.674
5312.9323	46.504
5351.4320	47.370
5390.2107	48.152
5429.2704	48.282
5468.6131	48.478
5508.2409	49.161
5548.1559	49.737
5588.3602	49.574
5628.8557	49.445
5669.6447	49.533
5710.7293	49.569
5752.1116	49.286
5793.7938	48.943
5835.7780	48.249
5878.0664	47.649
5920.6613	47.557
5963.5649	47.531
6006.7793	47.841
6050.3069	48.074
6094.1500	47.924
6138.3107	47.755
6182.7914	47.495
6227.5945	47.271
6272.7222	47.208
6318.1769	47.227
6363.9610	47.605
6410.0769	47.905
6456.5270	47.885
6503.3136	48.014
6550.4393	48.728
6597.9065	49.101
6645.7177	48.183
6693.8753	47.400
6742.3818	47.107
6791.2399	46.835
6840.4520	46.635
6890.0208	46.498
6939.9487	46.570
6990.2384	46.674
7040.8926	46.875
7091.9138	47.085
7143.3047	47.322
7195.0681	47.451
7247.2065	47.260
7299.7227	47.177
7352.6195	47.407
7405.8997	47.624
7459.5659	47.808
7513.6209	47.981
7568.0677	48.126
7622.9091	48.105
7678.1478	47.650
7733.7868	47.330
7789.8290	47.352
7846.2774	47.332
7903.1347	47.209
7960.4041	47.219
8018.0885	47.542
8076.1908	47.856
8134.7142	48.150
8193.6617	48.348
8253.0364	48.336
8312.8413	48.356
8373.0796	48.445
8433.7544	48.453
8494.8688	48.297
8556.4261	48.041
8618.4295	47.583
8680.8822	47.367
8743.7875	47.624
8807.1486	47.658
8870.9688	47.274
8935.2515	47.114
9000.0000	47.369
9065.2177	47.379
9130.9080	46.955
9197.0743	46.632
9263.7201	46.485
9330.8489	46.278
9398.4640	45.974
9466.5692	45.850
9535.1678	46.019
9604.2636	46.049
9673.8601	45.858
9743.9608	45.973
9814.5696	46.555
9885.6900	46.928
9957.3258	46.990
10029.4807	46.865
10102.1584	46.469
10175.3628	46.174
10249.0977	46.019
10323.3669	45.770
10398.1743	45.391
10473.5237	45.023
10549.4192	44.667
10625.8646	44.411
10702.8640	44.284
10780.4214	44.058
10858.5408	43.709
10937.2262	43.660
11016.4819	43.980
11096.3119	44.242
11176.7203	44.437
11257.7114	44.780
11339.2894	45.297
11421.4586	45.561
11504.2232	45.540
11587.5876	45.608
11671.5560	45.772
11756.1329	45.942
11841.3227	46.118
11927.1298	46.303
12013.5587	46.497
12100.6139	46.617
12188.2999	46.662
12276.6214	46.697
12365.5828	46.723
12455.1889	46.595
12545.4444	46.320
12636.3538	45.804
12727.9221	45.063
12820.1538	44.672
12913.0540	44.599
13006.6273	44.655
13100.8786	44.823
13195.8130	44.760
13291.4353	44.498
13387.7505	44.328
13484.7637	44.236
13582.4798	44.183
13680.9041	44.162
13780.0416	43.942
13879.8974	43.565
13980.4769	43.190
14081.7852	42.816
14183.8276	42.604
14286.6095	42.514
14390.1361	42.545
14494.4130	42.665
14599.4455	43.033
14705.2391	43.578
14811.7993	43.997
14919.1317	44.329
15027.2419	44.516
15136.1355	44.607
15245.8182	44.921
15356.2956	45.381
15467.5737	45.355
15579.6581	45.022
15692.5547	45.050
15806.2694	45.298
15920.8082	45.680
16036.1769	46.139
16152.3817	46.290
16269.4285	46.261
16387.3235	46.329
16506.0728	46.452
16625.6826	46.455
16746.1591	46.392
16867.5087	46.393
16989.7376	46.428
17112.8523	46.354
17236.8591	46.224
17361.7644	46.052
17487.5749	45.861
17614.2971	45.557
17741.9376	45.201
17870.5030	45.282
18000.0000	45.569
18130.4354	45.690
18261.8160	45.735
18394.1487	45.664
18527.4403	45.542
18661.6977	45.292
18796.9281	44.988
18933.1384	45.047
19070.3357	45.254
19208.5272	45.212
19347.7201	45.071
19487.9217	44.818
19629.1392	44.520
19771.3800	44.346
19914.6516	44.218
20058.9614	43.835
20204.3169	43.361
20350.7257	42.690
20498.1954	41.952
20646.7338	40.909
20796.3485	39.765
20947.0475	39.254
21098.8384	38.948
21251.7293	38.829
21405.7281	38.768
21560.8428	38.839
21717.0816	38.950
21874.4525	38.908
22032.9638	38.822
22192.6237	38.765
22353.4406	38.716
22515.4229	38.516
22678.5789	38.276
22842.9172	37.915
23008.4464	37.523
23175.1751	37.260
23343.1120	37.028
23512.2658	36.689
23682.6454	36.324
23854.2596	35.838
24027.1174	35.323
24201.2278	34.985
24376.5998	34.684
24553.2427	34.196
24731.1657	33.670
24910.3779	33.001
25090.8887	32.303
25272.7077	31.774
25455.8441	31.275
25640.3077	30.962
25826.1079	30.682
26013.2545	30.425
26201.7573	30.172
26391.6260	29.754
26582.8706	29.310
26775.5011	29.101
26969.5274	28.926
27164.9597	28.874
27361.8082	28.838
27560.0831	28.618
27759.7949	28.375
27960.9538	28.369
28163.5704	28.391
28367.6552	28.138
28573.2189	27.854
28780.2723	27.733
28988.8260	27.628
29198.8910	27.292
29410.4782	26.935
29623.5986	26.821
29838.2634	26.729
30054.4838	26.424
30272.2709	26.103
30491.6363	25.457
30712.5913	24.789
30935.1474	24.446
31159.3162	24.124
31385.1094	23.726
31612.5389	23.323
31841.6164	22.464
32072.3539	21.583
32304.7634	21.026
32538.8570	20.482
32774.6470	20.048
33012.1456	19.617
33251.3652	18.723
33492.3183	17.817
33735.0174	17.141
33979.4753	16.470
34225.7045	16.144
34473.7181	15.822
34723.5289	15.392
34975.1499	14.963
35228.5942	14.873
35483.8752	14.780
35741.0059	14.360
36000.0000	13.943
36260.8708	13.727
36523.6321	13.512
36788.2974	13.357
37054.8805	13.196
37323.3955	12.861
37593.8562	12.530
37866.2767	12.327
38140.6714	12.104
38417.0544	11.479
38695.4402	10.872
38975.8433	10.586
39258.2784	10.311
39542.7600	10.183
39829.3032	10.048
40117.9227	9.798
40408.6337	9.562
40701.4514	9.497
40996.3909	9.427
41293.4676	9.303
41592.6971	9.175
41894.0949	8.989
42197.6768	8.801
42503.4586	8.593
42811.4561	8.380
43121.6856	8.127
43434.1631	7.882
43748.9050	7.705
44065.9276	7.539
44385.2474	7.464
44706.8812	7.389
45030.8457	7.309
45357.1578	7.250
45685.8345	7.335
46016.8928	7.401
46350.3502	7.345
46686.2240	7.292
47024.5316	7.263
