# w-L_01 (rta) ver-vol — REW moving-mic RTA (spatial average over the listening area), as REW serves it with display smoothing off: unit SPL, smoothing field None (a 1/48-oct RTA's native resolution; 'None' and '1/48' are the same curve), ppo 96
# REW date 2026-Aug-24 10:19:01, uuid ecad4af5-72ae-41be-9ad5-ba9197298620, notes: "65536-point 1/48 octave RTA using Hann window, no smoothing and 150 averages\n\nInput RMS 75.71 dB\n75.4 dB C, 62.7 dB A\n75.7 dB 22 - 22k UNW\n25.1 dB >22k\n"
# freq_Hz	SPL_dB
4.3945	32.354
4.4264	32.378
4.4585	32.402
4.4908	32.426
4.5233	32.450
4.5561	32.474
4.5891	32.498
4.6223	32.522
4.6558	32.546
4.6896	32.570
4.7236	32.594
4.7578	32.618
4.7923	32.642
4.8270	32.666
4.8620	32.690
4.8972	32.714
4.9327	32.738
4.9684	32.762
5.0044	32.785
5.0407	32.809
5.0772	32.833
5.1140	32.857
5.1511	32.881
5.1884	32.905
5.2260	32.929
5.2639	32.953
5.3020	32.977
5.3404	33.001
5.3791	33.025
5.4181	33.049
5.4574	33.073
5.4969	33.097
5.5368	33.121
5.5769	33.145
5.6173	33.169
5.6580	33.193
5.6990	33.217
5.7403	33.241
5.7819	33.265
5.8238	33.288
5.8660	33.304
5.9085	33.275
5.9513	33.246
5.9944	33.217
6.0379	33.188
6.0816	33.159
6.1257	33.130
6.1701	33.101
6.2148	33.072
6.2598	33.043
6.3052	33.014
6.3509	32.985
6.3969	32.955
6.4433	32.926
6.4900	32.897
6.5370	32.868
6.5844	32.839
6.6321	32.810
6.6801	32.781
6.7285	32.752
6.7773	32.723
6.8264	32.694
6.8759	32.665
6.9257	32.636
6.9759	32.607
7.0264	32.578
7.0774	32.549
7.1286	32.520
7.1803	32.491
7.2323	32.461
7.2847	32.432
7.3375	32.409
7.3907	32.402
7.4442	32.396
7.4982	32.389
7.5525	32.382
7.6073	32.376
7.6624	32.369
7.7179	32.362
7.7738	32.355
7.8302	32.349
7.8869	32.342
7.9441	32.335
8.0016	32.329
8.0596	32.322
8.1180	32.315
8.1768	32.309
8.2361	32.302
8.2958	32.295
8.3559	32.289
8.4164	32.282
8.4774	32.275
8.5389	32.268
8.6007	32.262
8.6631	32.255
8.7258	32.248
8.7891	32.242
8.8528	32.176
8.9169	32.111
8.9815	32.045
9.0466	31.980
9.1122	31.914
9.1782	31.849
9.2447	31.783
9.3117	31.717
9.3792	31.652
9.4471	31.586
9.5156	31.521
9.5845	31.455
9.6540	31.390
9.7240	31.324
9.7944	31.259
9.8654	31.193
9.9369	31.128
10.0089	31.062
10.0814	30.997
10.1545	30.931
10.2281	30.866
10.3022	30.861
10.3768	30.888
10.4520	30.916
10.5278	30.944
10.6040	30.972
10.6809	30.999
10.7583	31.027
10.8362	31.055
10.9148	31.083
10.9939	31.110
11.0735	31.138
11.1538	31.166
11.2346	31.194
11.3160	31.221
11.3980	31.249
11.4806	31.277
11.5638	31.304
11.6476	31.332
11.7320	31.350
11.8170	31.316
11.9026	31.282
11.9889	31.248
12.0758	31.214
12.1633	31.180
12.2514	31.145
12.3402	31.111
12.4296	31.077
12.5197	31.043
12.6104	31.009
12.7018	30.975
12.7938	30.941
12.8865	30.906
12.9799	30.872
13.0740	30.838
13.1687	30.804
13.2641	30.672
13.3603	30.522
13.4571	30.371
13.5546	30.221
13.6528	30.071
13.7517	29.921
13.8514	29.770
13.9518	29.620
14.0529	29.470
14.1547	29.320
14.2573	29.169
14.3606	29.019
14.4646	28.869
14.5695	28.719
14.6750	28.608
14.7814	28.614
14.8885	28.620
14.9964	28.626
15.1051	28.633
15.2145	28.639
15.3248	28.645
15.4358	28.651
15.5477	28.658
15.6603	28.664
15.7738	28.670
15.8881	28.676
16.0032	28.682
16.1192	28.684
16.2360	28.594
16.3537	28.505
16.4722	28.416
16.5915	28.326
16.7118	28.237
16.8329	28.148
16.9548	28.058
17.0777	27.969
17.2015	27.880
17.3261	27.790
17.4517	27.701
17.5781	27.612
17.7055	27.523
17.8338	27.433
17.9630	27.344
18.0932	27.255
18.2243	27.165
18.3564	27.076
18.4894	26.987
18.6234	26.898
18.7583	26.808
18.8943	26.719
19.0312	26.630
19.1691	26.554
19.3080	26.480
19.4479	26.406
19.5888	26.332
19.7308	26.258
19.8738	26.184
20.0178	26.110
20.1628	26.036
20.3089	25.962
20.4561	25.888
20.6043	25.814
20.7536	25.741
20.9040	25.668
21.0555	25.595
21.2081	25.522
21.3618	25.449
21.5166	25.376
21.6725	25.303
21.8295	25.230
21.9877	25.172
22.1470	25.266
22.3075	25.360
22.4692	25.453
22.6320	25.547
22.7960	25.641
22.9612	25.734
23.1276	25.828
23.2952	25.922
23.4640	25.990
23.6340	25.921
23.8053	25.852
23.9778	25.782
24.1515	25.713
24.3265	25.644
24.5028	25.575
24.6804	25.506
24.8592	25.436
25.0394	25.404
25.2208	25.382
25.4036	25.361
25.5877	25.340
25.7731	25.319
25.9598	25.298
26.1480	25.276
26.3374	25.255
26.5283	25.198
26.7205	25.135
26.9141	25.071
27.1092	25.008
27.3056	24.944
27.5035	24.881
27.7028	24.817
27.9035	24.752
28.1057	24.684
28.3094	24.616
28.5145	24.548
28.7212	24.480
28.9293	24.411
29.1389	24.343
29.3501	24.290
29.5628	24.283
29.7770	24.275
29.9928	24.267
30.2101	24.260
30.4290	24.252
30.6495	24.244
30.8716	24.322
31.0953	24.486
31.3207	24.650
31.5476	24.814
31.7762	24.979
32.0065	25.143
32.2384	25.290
32.4720	25.110
32.7073	24.929
32.9444	24.749
33.1831	24.569
33.4235	24.389
33.6657	24.209
33.9097	24.330
34.1554	24.486
34.4029	24.642
34.6522	24.799
34.9033	24.955
35.1562	25.112
35.4110	25.193
35.6676	25.275
35.9261	25.356
36.1864	25.438
36.4486	25.520
36.7128	25.753
36.9788	26.271
37.2467	26.789
37.5167	27.308
37.7885	27.826
38.0623	28.345
38.3382	29.107
38.6160	29.891
38.8958	30.676
39.1777	31.461
39.4616	32.246
39.7475	32.729
40.0355	33.074
40.3257	33.420
40.6179	33.765
40.9122	34.111
41.2087	34.656
41.5073	35.310
41.8081	35.963
42.1110	36.617
42.4162	37.270
42.7235	37.825
43.0331	38.353
43.3450	38.881
43.6591	39.409
43.9754	39.922
44.2941	40.292
44.6151	40.662
44.9384	41.032
45.2640	41.402
45.5920	41.512
45.9224	41.413
46.2552	41.314
46.5904	41.215
46.9280	41.092
47.2680	40.842
47.6105	40.592
47.9556	40.342
48.3031	40.092
48.6531	40.362
49.0056	40.694
49.3608	41.025
49.7184	41.357
50.0787	41.922
50.4416	42.562
50.8071	43.201
51.1753	43.840
51.5461	44.309
51.9197	44.720
52.2959	45.131
52.6749	45.542
53.0566	46.075
53.4410	46.632
53.8283	47.188
54.2183	47.735
54.6112	48.106
55.0070	48.476
55.4056	48.846
55.8071	49.196
56.2115	49.509
56.6188	49.822
57.0291	50.135
57.4423	50.546
57.8586	50.989
58.2779	51.432
58.7002	51.781
59.1255	51.850
59.5540	51.918
59.9855	51.987
60.4202	52.067
60.8580	52.149
61.2990	52.232
61.7432	52.303
62.1907	52.363
62.6413	52.423
63.0952	52.563
63.5525	52.959
64.0130	53.356
64.4768	53.722
64.9441	53.511
65.4147	53.300
65.8887	53.089
66.3662	53.308
66.8471	53.556
67.3315	53.803
67.8194	54.223
68.3108	54.662
68.8058	55.102
69.3044	55.211
69.8067	55.290
70.3125	55.368
70.8220	55.823
71.3352	56.279
71.8521	56.658
72.3728	56.582
72.8973	56.506
73.4255	56.437
73.9576	56.381
74.4935	56.325
75.0333	56.570
75.5770	57.015
76.1247	57.459
76.6763	57.874
77.2320	58.287
77.7916	58.500
78.3553	58.187
78.9231	57.874
79.4950	57.729
80.0711	57.661
80.6513	57.604
81.2357	57.619
81.8244	57.634
82.4173	57.615
83.0146	57.577
83.6161	57.539
84.2220	57.495
84.8323	57.451
85.4471	57.690
86.0663	58.004
86.6899	58.164
87.3181	58.116
87.9509	58.053
88.5882	57.847
89.2301	57.641
89.8767	57.677
90.5280	57.771
91.1840	57.756
91.8448	57.653
92.5103	57.486
93.1807	57.195
93.8559	56.882
94.5360	56.450
95.2211	56.024
95.9111	56.144
96.6061	56.264
97.3062	56.131
98.0113	55.969
98.7215	55.369
99.4369	54.668
100.1575	54.330
100.8832	54.107
101.6143	53.849
102.3506	53.578
103.0923	53.171
103.8393	52.717
104.5918	52.465
105.3497	52.271
106.1131	52.606
106.8821	53.039
107.6566	53.279
108.4367	53.482
109.2225	53.214
110.0139	53.123
110.8112	53.781
111.6141	54.213
112.4229	54.234
113.2376	54.200
114.0582	54.119
114.8847	54.808
115.7172	55.742
116.5557	56.134
117.4003	56.304
118.2511	55.828
119.1080	55.501
119.9711	55.306
120.8404	55.611
121.7161	55.875
122.5981	55.345
123.4865	55.125
124.3813	55.224
125.2826	55.203
126.1905	55.023
127.1049	54.390
128.0260	54.181
128.9537	54.223
129.8881	54.367
130.8294	54.330
131.7774	54.102
132.7323	53.860
133.6942	53.029
134.6630	51.342
135.6388	50.251
136.6217	49.123
137.6117	47.830
138.6089	45.477
139.6133	43.901
140.6250	43.392
141.6440	43.125
142.6704	42.726
143.7043	42.363
144.7456	42.821
145.7945	43.875
146.8510	45.019
147.9151	45.934
148.9870	45.348
150.0666	45.400
151.1541	45.961
152.2494	46.692
153.3526	45.503
154.4639	44.501
155.5832	43.680
156.7106	42.669
157.8462	40.982
158.9900	40.674
160.1422	41.335
161.3026	42.308
162.4715	42.285
163.6488	44.568
164.8347	46.697
166.0291	48.324
167.2323	49.693
168.4441	51.527
169.6647	53.104
170.8942	54.015
172.1325	55.077
173.3799	56.143
174.6363	56.661
175.9017	56.506
177.1764	57.107
178.4603	57.447
179.7535	56.567
181.0561	56.036
182.3681	56.306
183.6896	56.785
185.0207	57.403
186.3614	58.310
187.7119	57.953
189.0721	58.303
190.4422	58.363
191.8222	57.939
193.2122	57.291
194.6123	57.611
196.0226	57.092
197.4430	57.755
198.8738	56.922
200.3149	55.200
201.7665	54.186
203.2286	53.972
204.7012	53.942
206.1846	53.676
207.6787	53.226
209.1836	52.827
210.6994	52.469
212.2262	52.455
213.7641	52.697
215.3131	53.039
216.8734	53.454
218.4450	53.889
220.0279	54.338
221.6223	54.929
223.2283	55.618
224.8459	55.685
226.4752	55.339
228.1163	55.254
229.7694	55.337
231.4344	55.201
233.1114	54.929
234.8007	54.555
236.5021	54.120
238.2159	54.091
239.9421	54.300
241.6808	54.792
243.4322	55.445
245.1962	55.879
246.9730	56.191
248.7626	56.043
250.5653	55.646
252.3810	55.616
254.2098	55.779
256.0519	55.536
257.9074	55.086
259.7763	54.638
261.6587	54.191
263.5548	53.667
265.4647	53.105
267.3883	53.046
269.3259	53.221
271.2776	52.917
273.2434	52.398
275.2234	52.006
277.2178	51.669
279.2266	51.131
281.2500	50.508
283.2881	49.973
285.3409	49.474
287.4086	49.206
289.4913	49.030
291.5890	49.098
293.7020	49.259
295.8303	49.455
297.9740	49.663
300.1332	49.809
302.3081	49.934
304.4988	50.189
306.7053	50.488
308.9278	50.569
311.1664	50.577
313.4213	50.411
315.6925	50.190
317.9801	50.474
320.2843	50.913
322.6052	50.880
324.9429	50.708
327.2976	50.956
329.6693	51.323
332.0583	50.928
334.4645	50.327
336.8882	49.889
339.3294	49.494
341.7883	49.377
344.2651	49.330
346.7597	49.251
349.2725	49.165
351.8035	48.776
354.3528	48.317
356.9206	47.911
359.5070	47.516
362.1121	47.010
364.7361	46.480
367.3792	45.881
370.0413	45.268
372.7228	44.758
375.4237	44.267
378.1442	43.689
380.8844	43.095
383.6444	42.786
386.4245	42.526
389.2247	42.030
392.0451	41.495
394.8861	41.074
397.7476	40.670
400.6298	40.133
403.5329	39.576
406.4571	39.054
409.4025	38.537
412.3692	37.667
415.3574	36.752
418.3672	35.981
421.3989	35.226
424.4525	34.057
427.5283	32.842
430.6263	30.897
433.7468	28.879
436.8899	28.114
440.0558	27.464
443.2446	25.654
446.4565	23.747
449.6918	22.318
452.9504	20.925
456.2327	19.021
459.5387	17.081
462.8687	16.768
466.2229	16.552
469.6013	17.391
473.0042	18.284
476.4318	19.416
479.8842	20.558
483.3617	21.666
486.8643	22.773
490.3923	23.716
493.9459	24.655
497.5253	24.421
501.1305	24.160
504.7619	24.436
508.4196	24.721
512.1039	25.710
515.8148	26.705
519.5526	27.028
523.3175	27.349
527.1096	27.774
530.9293	28.188
534.7766	27.660
538.6518	27.140
542.5551	27.055
546.4867	26.954
550.4468	26.211
554.4355	25.490
558.4532	25.414
562.5000	25.344
566.5761	25.419
570.6818	25.462
574.8171	24.864
578.9825	24.305
583.1781	24.448
587.4040	24.583
591.6606	24.597
595.9480	24.567
600.2665	23.902
604.6163	23.285
608.9976	23.271
613.4106	23.244
617.8556	23.053
622.3329	22.829
626.8425	22.262
631.3849	21.732
635.9602	21.561
640.5686	21.314
645.2104	20.376
649.8859	19.451
654.5952	18.624
659.3387	17.720
664.1165	16.227
668.9290	14.833
673.7763	14.157
678.6588	13.610
683.5766	13.942
688.5301	14.319
693.5195	14.985
698.5450	15.644
703.6070	16.259
708.7056	16.866
713.8412	17.425
719.0140	17.806
724.2242	17.225
729.4722	16.617
734.7583	15.879
740.0827	15.221
745.4456	14.957
750.8474	14.787
756.2884	15.057
761.7687	15.305
767.2888	15.455
772.8489	15.685
778.4493	16.252
784.0903	16.769
789.7721	17.082
795.4951	17.370
801.2596	17.564
807.0659	17.550
812.9142	16.751
818.8049	15.868
824.7383	14.683
830.7147	13.461
836.7344	12.115
842.7977	10.993
848.9050	10.615
855.0565	10.300
861.2526	10.184
867.4936	10.120
873.7798	10.220
880.1116	10.197
886.4892	9.806
892.9131	9.513
899.3835	9.499
905.9008	9.401
912.4653	9.066
919.0774	8.857
925.7375	8.985
932.4457	9.221
939.2026	9.733
946.0085	10.086
952.8636	10.040
959.7685	10.073
966.7234	10.295
973.7286	10.328
980.7847	9.917
987.8918	9.521
995.0505	9.155
1002.2611	8.917
1009.5239	8.959
1016.8393	8.875
1024.2077	8.524
1031.6295	8.304
1039.1052	8.354
1046.6349	8.174
1054.2193	7.535
1061.8586	7.034
1069.5533	6.799
1077.3037	6.759
1085.1103	7.086
1092.9734	7.184
1100.8936	6.866
1108.8711	6.703
1116.9064	6.817
1125.0000	6.867
1133.1522	6.807
1141.3635	6.797
1149.6343	6.868
1157.9650	6.877
1166.3561	6.786
1174.8080	6.692
1183.3211	6.593
1191.8960	6.522
1200.5330	6.493
1209.2325	6.436
1217.9951	6.340
1226.8212	6.301
1235.7113	6.344
1244.6657	6.487
1253.6851	6.770
1262.7698	6.887
1271.9204	6.776
1281.1372	6.682
1290.4209	6.609
1299.7718	6.617
1309.1905	6.727
1318.6774	6.836
1328.2331	6.944
1337.8580	6.937
1347.5527	6.791
1357.3176	6.843
1367.1533	7.133
1377.0602	7.219
1387.0390	7.069
1397.0900	6.974
1407.2139	6.941
1417.4112	6.988
1427.6823	7.121
1438.0279	7.162
1448.4484	7.104
1458.9445	7.129
1469.5166	7.240
1480.1653	7.172
1490.8912	6.922
1501.6948	6.838
1512.5767	6.919
1523.5375	6.942
1534.5777	6.910
1545.6979	6.904
1556.8986	6.923
1568.1805	6.812
1579.5442	6.584
1590.9903	6.578
1602.5192	6.768
1614.1317	6.870
1625.8284	6.899
1637.6098	6.868
1649.4766	6.788
1661.4294	6.748
1673.4688	6.740
1685.5955	6.902
1697.8100	7.196
1710.1130	7.224
1722.5052	7.046
1734.9872	6.922
1747.5596	6.837
1760.2231	6.848
1772.9785	6.928
1785.8262	6.943
1798.7670	6.912
1811.8016	6.987
1824.9307	7.133
1838.1549	7.063
1851.4749	6.850
1864.8915	6.741
1878.4052	6.699
1892.0169	6.672
1905.7273	6.653
1919.5370	6.744
1933.4467	6.903
1947.4573	6.977
1961.5693	7.001
1975.7837	6.877
1990.1010	6.669
2004.5221	6.769
2019.0477	7.042
2033.6786	7.022
2048.4154	6.843
2063.2591	6.924
2078.2103	7.141
2093.2699	7.053
2108.4386	6.807
2123.7172	6.816
2139.1065	6.950
2154.6074	6.966
2170.2206	6.925
2185.9469	7.040
2201.7871	7.227
2217.7422	7.067
2233.8129	6.749
2250.0000	6.805
2266.3044	7.023
2282.7270	7.028
2299.2686	6.943
2315.9300	6.852
2332.7122	6.758
2349.6160	6.780
2366.6423	6.849
2383.7920	6.886
2401.0659	6.912
2418.4650	6.970
2435.9902	7.041
2453.6424	7.021
2471.4225	6.969
2489.3314	7.000
2507.3702	7.060
2525.5396	7.097
2543.8407	7.128
2562.2744	7.060
2580.8417	6.961
2599.5436	6.972
2618.3809	7.018
2637.3548	6.911
2656.4662	6.760
2675.7160	6.848
2695.1053	7.004
2714.6352	6.984
2734.3066	6.915
2754.1205	6.879
2774.0780	6.853
2794.1801	6.836
2814.4279	6.822
2834.8224	6.837
2855.3647	6.859
2876.0558	6.675
2896.8969	6.443
2917.8890	6.549
2939.0332	6.730
2960.3307	6.787
2981.7824	6.820
3003.3897	6.777
3025.1535	6.720
3047.0750	6.719
3069.1553	6.730
3091.3957	6.656
3113.7972	6.567
3136.3611	6.635
3159.0885	6.730
3181.9805	6.799
3205.0385	6.864
3228.2635	6.743
3251.6568	6.594
3275.2197	6.689
3298.9533	6.820
3322.8588	6.717
3346.9376	6.584
3371.1909	6.498
3395.6200	6.419
3420.2260	6.505
3445.0104	6.612
3469.9744	6.599
3495.1192	6.572
3520.4463	6.738
3545.9569	6.924
3571.6524	6.820
3597.5340	6.689
3623.6032	6.748
3649.8614	6.824
3676.3098	6.987
3702.9498	7.157
3729.7829	7.156
3756.8105	7.143
3784.0339	7.187
3811.4545	7.234
3839.0739	7.184
3866.8934	7.129
3894.9145	7.139
3923.1387	7.152
3951.5674	7.136
3980.2020	7.120
4009.0442	7.192
4038.0954	7.267
4067.3571	7.139
4096.8309	7.005
4126.5182	7.169
4156.4206	7.338
4186.5398	7.149
4216.8772	6.958
4247.4344	7.143
4278.2131	7.329
4309.2148	7.287
4340.4411	7.244
4371.8937	7.171
4403.5743	7.105
4435.4844	7.428
4467.6257	7.741
4500.0000	7.625
4532.6089	7.511
4565.4540	7.431
4598.5372	7.359
4631.8601	7.524
4665.4244	7.682
4699.2320	7.700
4733.2846	7.712
4767.5839	7.636
4802.1318	7.566
4836.9300	7.602
4871.9804	7.632
4907.2848	7.568
4942.8450	7.513
4978.6629	7.563
5014.7403	7.606
5051.0792	7.581
5087.6814	7.561
5124.5489	7.595
5161.6834	7.638
5199.0871	7.755
5236.7619	7.847
5274.7096	7.701
5312.9323	7.588
5351.4320	7.741
5390.2107	7.898
5429.2704	8.080
5468.6131	8.219
5508.2409	8.049
5548.1559	7.885
5588.3602	7.763
5628.8557	7.668
5669.6447	7.743
5710.7293	7.829
5752.1116	7.985
5793.7938	8.126
5835.7780	8.185
5878.0664	8.224
5920.6613	8.146
5963.5649	8.078
6006.7793	8.057
6050.3069	8.034
6094.1500	8.001
6138.3107	7.999
6182.7914	8.138
6227.5945	8.254
6272.7222	8.263
6318.1769	8.289
6363.9610	8.385
6410.0769	8.457
6456.5270	8.432
6503.3136	8.427
6550.4393	8.500
6597.9065	8.545
6645.7177	8.484
6693.8753	8.478
6742.3818	8.670
6791.2399	8.818
6840.4520	8.814
6890.0208	8.795
6939.9487	8.729
6990.2384	8.681
7040.8926	8.694
7091.9138	8.760
7143.3047	8.993
7195.0681	9.155
7247.2065	9.109
7299.7227	9.080
7352.6195	9.098
7405.8997	9.132
7459.5659	9.210
7513.6209	9.295
7568.0677	9.399
7622.9091	9.444
7678.1478	9.339
7733.7868	9.249
7789.8290	9.195
7846.2774	9.182
7903.1347	9.266
7960.4041	9.336
8018.0885	9.375
8076.1908	9.428
8134.7142	9.515
8193.6617	9.586
8253.0364	9.621
8312.8413	9.626
8373.0796	9.566
8433.7544	9.541
8494.8688	9.591
8556.4261	9.621
8618.4295	9.613
8680.8822	9.622
8743.7875	9.662
8807.1486	9.668
8870.9688	9.610
8935.2515	9.623
9000.0000	9.767
9065.2177	9.856
9130.9080	9.848
9197.0743	9.848
9263.7201	9.860
9330.8489	9.895
9398.4640	9.966
9466.5692	10.012
9535.1678	10.018
9604.2636	10.118
9673.8601	10.368
9743.9608	10.701
9814.5696	11.159
9885.6900	11.333
9957.3258	11.079
10029.4807	10.907
10102.1584	10.853
10175.3628	10.733
10249.0977	10.521
10323.3669	10.401
10398.1743	10.408
10473.5237	10.439
10549.4192	10.501
10625.8646	10.509
10702.8640	10.449
10780.4214	10.436
10858.5408	10.484
10937.2262	10.521
11016.4819	10.543
11096.3119	10.496
11176.7203	10.366
11257.7114	10.326
11339.2894	10.389
11421.4586	10.423
11504.2232	10.423
11587.5876	10.430
11671.5560	10.446
11756.1329	10.491
11841.3227	10.565
11927.1298	10.568
12013.5587	10.498
12100.6139	10.488
12188.2999	10.539
12276.6214	10.628
12365.5828	10.756
12455.1889	10.852
12545.4444	10.919
12636.3538	10.958
12727.9221	10.971
12820.1538	11.029
12913.0540	11.127
13006.6273	11.229
13100.8786	11.336
13195.8130	11.384
13291.4353	11.382
13387.7505	11.345
13484.7637	11.281
13582.4798	11.255
13680.9041	11.259
13780.0416	11.213
13879.8974	11.126
13980.4769	11.187
14081.7852	11.361
14183.8276	11.348
14286.6095	11.197
14390.1361	11.121
14494.4130	11.100
14599.4455	11.124
14705.2391	11.182
14811.7993	11.208
14919.1317	11.213
15027.2419	11.234
15136.1355	11.267
15245.8182	11.293
15356.2956	11.317
15467.5737	11.283
15579.6581	11.215
15692.5547	11.220
15806.2694	11.272
15920.8082	11.330
16036.1769	11.393
16152.3817	11.417
16269.4285	11.418
16387.3235	11.413
16506.0728	11.404
16625.6826	11.470
16746.1591	11.576
16867.5087	11.632
16989.7376	11.662
17112.8523	11.646
17236.8591	11.607
17361.7644	11.709
17487.5749	11.881
17614.2971	11.990
17741.9376	12.068
17870.5030	12.235
18000.0000	12.444
18130.4354	12.550
18261.8160	12.611
18394.1487	13.048
18527.4403	13.650
18661.6977	14.063
18796.9281	14.396
18933.1384	14.784
19070.3357	15.196
19208.5272	14.789
19347.7201	14.057
19487.9217	13.513
19629.1392	13.042
19771.3800	13.134
19914.6516	13.436
20058.9614	13.285
20204.3169	12.971
20350.7257	12.539
20498.1954	12.067
20646.7338	11.406
20796.3485	10.683
20947.0475	9.660
21098.8384	8.542
21251.7293	8.175
21405.7281	8.040
21560.8428	7.967
21717.0816	7.912
21874.4525	7.871
22032.9638	7.834
22192.6237	7.869
22353.4406	7.923
22515.4229	7.851
22678.5789	7.746
22842.9172	7.721
23008.4464	7.717
23175.1751	7.801
23343.1120	7.906
23512.2658	7.846
23682.6454	7.747
23854.2596	8.795
24027.1174	10.099
24201.2278	11.372
24376.5998	12.638
24553.2427	12.010
24731.1657	10.998
24910.3779	10.338
25090.8887	9.746
25272.7077	8.755
25455.8441	7.691
25640.3077	7.561
25826.1079	7.593
26013.2545	7.549
26201.7573	7.493
26391.6260	7.541
26582.8706	7.606
26775.5011	7.617
26969.5274	7.620
27164.9597	7.572
27361.8082	7.518
27560.0831	7.534
27759.7949	7.559
27960.9538	7.582
28163.5704	7.605
28367.6552	7.576
28573.2189	7.542
28780.2723	7.541
28988.8260	7.543
29198.8910	7.556
29410.4782	7.570
29623.5986	7.519
29838.2634	7.462
30054.4838	7.517
30272.2709	7.580
30491.6363	7.575
30712.5913	7.564
30935.1474	7.539
31159.3162	7.514
31385.1094	7.511
31612.5389	7.509
31841.6164	7.558
32072.3539	7.609
32304.7634	7.639
32538.8570	7.668
32774.6470	7.559
33012.1456	7.446
33251.3652	7.479
33492.3183	7.515
33735.0174	7.483
33979.4753	7.449
34225.7045	7.437
34473.7181	7.426
34723.5289	7.457
34975.1499	7.489
35228.5942	7.472
35483.8752	7.455
35741.0059	7.427
36000.0000	7.402
36260.8708	7.490
36523.6321	7.576
36788.2974	7.546
37054.8805	7.517
37323.3955	7.532
37593.8562	7.544
37866.2767	7.461
38140.6714	7.384
38417.0544	7.407
38695.4402	7.427
38975.8433	7.381
39258.2784	7.342
39542.7600	7.407
39829.3032	7.467
40117.9227	7.453
40408.6337	7.439
40701.4514	7.428
40996.3909	7.415
41293.4676	7.383
41592.6971	7.353
41894.0949	7.327
42197.6768	7.305
42503.4586	7.325
42811.4561	7.342
43121.6856	7.326
43434.1631	7.307
43748.9050	7.276
44065.9276	7.253
44385.2474	7.290
44706.8812	7.321
45030.8457	7.310
45357.1578	7.298
45685.8345	7.284
46016.8928	7.272
46350.3502	7.269
46686.2240	7.263
47024.5316	7.242
