# w-R_01 (rta) ver-vol — REW moving-mic RTA (spatial average over the listening area), as REW serves it with display smoothing off: unit SPL, smoothing field None (a 1/48-oct RTA's native resolution; 'None' and '1/48' are the same curve), ppo 96
# REW date 2026-Aug-24 10:19:48, uuid bdafcd08-a547-46d7-8619-2c7f35d870e0, notes: "65536-point 1/48 octave RTA using Hann window, no smoothing and 150 averages\n\nInput RMS 77.88 dB\n77.5 dB C, 62.7 dB A\n77.9 dB 22 - 22k UNW\n25.1 dB >22k\n"
# freq_Hz	SPL_dB
4.3945	32.892
4.4264	32.914
4.4585	32.936
4.4908	32.958
4.5233	32.979
4.5561	33.001
4.5891	33.023
4.6223	33.044
4.6558	33.066
4.6896	33.088
4.7236	33.110
4.7578	33.131
4.7923	33.153
4.8270	33.175
4.8620	33.197
4.8972	33.218
4.9327	33.240
4.9684	33.262
5.0044	33.283
5.0407	33.305
5.0772	33.327
5.1140	33.349
5.1511	33.370
5.1884	33.392
5.2260	33.414
5.2639	33.436
5.3020	33.457
5.3404	33.479
5.3791	33.501
5.4181	33.522
5.4574	33.544
5.4969	33.566
5.5368	33.588
5.5769	33.609
5.6173	33.631
5.6580	33.653
5.6990	33.674
5.7403	33.696
5.7819	33.718
5.8238	33.740
5.8660	33.757
5.9085	33.753
5.9513	33.748
5.9944	33.743
6.0379	33.738
6.0816	33.734
6.1257	33.729
6.1701	33.724
6.2148	33.719
6.2598	33.715
6.3052	33.710
6.3509	33.705
6.3969	33.701
6.4433	33.696
6.4900	33.691
6.5370	33.686
6.5844	33.682
6.6321	33.677
6.6801	33.672
6.7285	33.667
6.7773	33.663
6.8264	33.658
6.8759	33.653
6.9257	33.649
6.9759	33.644
7.0264	33.639
7.0774	33.634
7.1286	33.630
7.1803	33.625
7.2323	33.620
7.2847	33.615
7.3375	33.615
7.3907	33.629
7.4442	33.643
7.4982	33.656
7.5525	33.670
7.6073	33.683
7.6624	33.697
7.7179	33.711
7.7738	33.724
7.8302	33.738
7.8869	33.752
7.9441	33.765
8.0016	33.779
8.0596	33.792
8.1180	33.806
8.1768	33.820
8.2361	33.833
8.2958	33.847
8.3559	33.861
8.4164	33.874
8.4774	33.888
8.5389	33.901
8.6007	33.915
8.6631	33.929
8.7258	33.942
8.7891	33.956
8.8528	33.890
8.9169	33.825
8.9815	33.760
9.0466	33.694
9.1122	33.629
9.1782	33.563
9.2447	33.498
9.3117	33.432
9.3792	33.367
9.4471	33.301
9.5156	33.236
9.5845	33.170
9.6540	33.105
9.7240	33.039
9.7944	32.974
9.8654	32.908
9.9369	32.843
10.0089	32.777
10.0814	32.712
10.1545	32.646
10.2281	32.581
10.3022	32.503
10.3768	32.418
10.4520	32.333
10.5278	32.249
10.6040	32.164
10.6809	32.080
10.7583	31.995
10.8362	31.910
10.9148	31.826
10.9939	31.741
11.0735	31.657
11.1538	31.572
11.2346	31.487
11.3160	31.403
11.3980	31.318
11.4806	31.233
11.5638	31.149
11.6476	31.064
11.7320	30.998
11.8170	31.030
11.9026	31.062
11.9889	31.094
12.0758	31.126
12.1633	31.158
12.2514	31.190
12.3402	31.222
12.4296	31.254
12.5197	31.286
12.6104	31.318
12.7018	31.350
12.7938	31.382
12.8865	31.414
12.9799	31.446
13.0740	31.477
13.1687	31.509
13.2641	31.407
13.3603	31.279
13.4571	31.151
13.5546	31.023
13.6528	30.895
13.7517	30.767
13.8514	30.639
13.9518	30.511
14.0529	30.383
14.1547	30.255
14.2573	30.127
14.3606	29.999
14.4646	29.871
14.5695	29.743
14.6750	29.605
14.7814	29.437
14.8885	29.269
14.9964	29.101
15.1051	28.934
15.2145	28.766
15.3248	28.598
15.4358	28.430
15.5477	28.262
15.6603	28.094
15.7738	27.926
15.8881	27.758
16.0032	27.590
16.1192	27.430
16.2360	27.410
16.3537	27.390
16.4722	27.371
16.5915	27.351
16.7118	27.331
16.8329	27.311
16.9548	27.291
17.0777	27.271
17.2015	27.251
17.3261	27.232
17.4517	27.212
17.5781	27.192
17.7055	27.212
17.8338	27.232
17.9630	27.252
18.0932	27.272
18.2243	27.292
18.3564	27.312
18.4894	27.332
18.6234	27.352
18.7583	27.372
18.8943	27.392
19.0312	27.412
19.1691	27.369
19.3080	27.319
19.4479	27.270
19.5888	27.221
19.7308	27.171
19.8738	27.122
20.0178	27.073
20.1628	27.023
20.3089	26.974
20.4561	26.925
20.6043	26.955
20.7536	27.027
20.9040	27.100
21.0555	27.173
21.2081	27.246
21.3618	27.319
21.5166	27.391
21.6725	27.464
21.8295	27.537
21.9877	27.604
22.1470	27.613
22.3075	27.622
22.4692	27.632
22.6320	27.641
22.7960	27.650
22.9612	27.659
23.1276	27.669
23.2952	27.678
23.4640	27.655
23.6340	27.457
23.8053	27.260
23.9778	27.062
24.1515	26.865
24.3265	26.668
24.5028	26.470
24.6804	26.273
24.8592	26.075
25.0394	25.937
25.2208	25.816
25.4036	25.696
25.5877	25.576
25.7731	25.456
25.9598	25.335
26.1480	25.215
26.3374	25.095
26.5283	25.125
26.7205	25.182
26.9141	25.239
27.1092	25.297
27.3056	25.354
27.5035	25.411
27.7028	25.468
27.9035	25.558
28.1057	25.705
28.3094	25.852
28.5145	25.999
28.7212	26.146
28.9293	26.293
29.1389	26.440
29.3501	26.519
29.5628	26.397
29.7770	26.276
29.9928	26.154
30.2101	26.032
30.4290	25.910
30.6495	25.788
30.8716	25.756
31.0953	25.817
31.3207	25.878
31.5476	25.939
31.7762	26.000
32.0065	26.060
32.2384	26.128
32.4720	26.324
32.7073	26.520
32.9444	26.716
33.1831	26.912
33.4235	27.108
33.6657	27.304
33.9097	27.800
34.1554	28.332
34.4029	28.863
34.6522	29.394
34.9033	29.926
35.1562	30.457
35.4110	30.747
35.6676	31.038
35.9261	31.328
36.1864	31.618
36.4486	31.909
36.7128	32.214
36.9788	32.546
37.2467	32.879
37.5167	33.211
37.7885	33.543
38.0623	33.876
38.3382	34.253
38.6160	34.634
38.8958	35.015
39.1777	35.396
39.4616	35.777
39.7475	35.974
40.0355	36.086
40.3257	36.199
40.6179	36.311
40.9122	36.424
41.2087	36.687
41.5073	37.032
41.8081	37.377
42.1110	37.722
42.4162	38.067
42.7235	38.805
43.0331	39.648
43.3450	40.491
43.6591	41.333
43.9754	42.167
44.2941	42.909
44.6151	43.651
44.9384	44.393
45.2640	45.135
45.5920	45.697
45.9224	46.112
46.2552	46.527
46.5904	46.943
46.9280	47.299
47.2680	47.334
47.6105	47.370
47.9556	47.406
48.3031	47.441
48.6531	47.391
49.0056	47.330
49.3608	47.269
49.7184	47.208
50.0787	47.535
50.4416	47.983
50.8071	48.431
51.1753	48.879
51.5461	49.214
51.9197	49.510
52.2959	49.806
52.6749	50.102
53.0566	50.284
53.4410	50.446
53.8283	50.607
54.2183	50.756
54.6112	50.657
55.0070	50.559
55.4056	50.460
55.8071	50.509
56.2115	50.825
56.6188	51.142
57.0291	51.458
57.4423	52.274
57.8586	53.251
58.2779	54.227
58.7002	54.997
59.1255	55.148
59.5540	55.300
59.9855	55.452
60.4202	55.386
60.8580	55.276
61.2990	55.167
61.7432	55.181
62.1907	55.323
62.6413	55.465
63.0952	55.571
63.5525	55.564
64.0130	55.556
64.4768	55.573
64.9441	56.040
65.4147	56.508
65.8887	56.976
66.3662	57.180
66.8471	57.368
67.3315	57.555
67.8194	58.000
68.3108	58.475
68.8058	58.950
69.3044	59.581
69.8067	60.226
70.3125	60.871
70.8220	61.001
71.3352	61.131
71.8521	61.210
72.3728	60.988
72.8973	60.765
73.4255	60.420
73.9576	59.844
74.4935	59.268
75.0333	58.982
75.5770	58.886
76.1247	58.789
76.6763	58.903
77.2320	59.037
77.7916	59.067
78.3553	58.826
78.9231	58.585
79.4950	58.476
80.0711	58.427
80.6513	58.343
81.2357	58.059
81.8244	57.775
82.4173	57.494
83.0146	57.215
83.6161	57.000
84.2220	57.045
84.8323	57.090
85.4471	57.544
86.0663	58.105
86.6899	58.344
87.3181	58.142
87.9509	57.978
88.5882	58.170
89.2301	58.363
89.8767	58.575
90.5280	58.792
91.1840	58.992
91.8448	59.178
92.5103	59.187
93.1807	58.848
93.8559	58.366
94.5360	57.120
95.2211	55.889
95.9111	56.266
96.6061	56.643
97.3062	56.911
98.0113	57.167
98.7215	57.072
99.4369	56.896
100.1575	56.668
100.8832	56.422
101.6143	56.266
102.3506	56.141
103.0923	55.791
103.8393	55.364
104.5918	54.452
105.3497	53.403
106.1131	52.506
106.8821	51.636
107.6566	52.267
108.4367	53.022
109.2225	54.081
110.0139	55.028
110.8112	55.493
111.6141	56.023
112.4229	56.671
113.2376	57.053
114.0582	57.213
114.8847	57.603
115.7172	58.067
116.5557	58.778
117.4003	59.291
118.2511	59.211
119.1080	59.398
119.9711	59.823
120.8404	60.640
121.7161	61.461
122.5981	61.861
123.4865	62.024
124.3813	61.944
125.2826	61.725
126.1905	61.458
127.1049	61.106
128.0260	60.880
128.9537	60.754
129.8881	61.154
130.8294	61.398
131.7774	61.479
132.7323	61.648
133.6942	61.805
134.6630	61.938
135.6388	61.760
136.6217	61.460
137.6117	61.029
138.6089	60.860
139.6133	60.908
140.6250	61.191
141.6440	61.228
142.6704	60.828
143.7043	60.185
144.7456	60.093
145.7945	59.483
146.8510	58.941
147.9151	58.876
148.9870	58.453
150.0666	58.071
151.1541	57.591
152.2494	56.717
153.3526	56.427
154.4639	56.159
155.5832	55.682
156.7106	54.711
157.8462	54.244
158.9900	53.401
160.1422	52.883
161.3026	53.112
162.4715	53.487
163.6488	53.214
164.8347	53.359
166.0291	53.124
167.2323	52.249
168.4441	52.403
169.6647	52.290
170.8942	52.285
172.1325	52.242
173.3799	52.092
174.6363	51.662
175.9017	50.689
177.1764	49.946
178.4603	52.012
179.7535	52.878
181.0561	53.830
182.3681	54.508
183.6896	54.257
185.0207	53.895
186.3614	54.373
187.7119	53.800
189.0721	52.738
190.4422	53.058
191.8222	54.170
193.2122	55.481
194.6123	55.431
196.0226	54.924
197.4430	54.722
198.8738	54.474
200.3149	53.904
201.7665	53.476
203.2286	52.686
204.7012	51.740
206.1846	51.763
207.6787	52.546
209.1836	52.517
210.6994	51.866
212.2262	51.681
213.7641	51.843
215.3131	51.402
216.8734	50.526
218.4450	49.647
220.0279	48.765
221.6223	48.911
223.2283	49.761
224.8459	50.197
226.4752	50.358
228.1163	50.478
229.7694	50.573
231.4344	50.952
233.1114	51.508
234.8007	51.980
236.5021	52.401
238.2159	52.252
239.9421	51.767
241.6808	51.327
243.4322	50.914
245.1962	50.839
246.9730	50.953
248.7626	50.902
250.5653	50.764
252.3810	50.297
254.2098	49.657
256.0519	49.069
257.9074	48.506
259.7763	48.044
261.6587	47.633
263.5548	47.410
265.4647	47.277
267.3883	47.482
269.3259	47.844
271.2776	48.021
273.2434	48.115
275.2234	48.377
277.2178	48.711
279.2266	49.017
281.2500	49.312
283.2881	49.197
285.3409	48.915
287.4086	49.077
289.4913	49.416
291.5890	49.179
293.7020	48.724
295.8303	48.928
297.9740	49.374
300.1332	49.687
302.3081	49.953
304.4988	50.638
306.7053	51.468
308.9278	51.801
311.1664	51.971
313.4213	51.401
315.6925	50.595
317.9801	50.700
320.2843	51.083
322.6052	50.369
324.9429	49.332
327.2976	48.819
329.6693	48.455
332.0583	48.291
334.4645	48.181
336.8882	47.734
339.3294	47.199
341.7883	46.947
344.2651	46.767
346.7597	47.117
349.2725	47.595
351.8035	47.204
354.3528	46.613
356.9206	46.211
359.5070	45.850
362.1121	45.567
364.7361	45.301
367.3792	44.736
370.0413	44.112
372.7228	44.342
375.4237	44.734
378.1442	44.158
380.8844	43.408
383.6444	43.641
386.4245	44.042
389.2247	43.820
392.0451	43.498
394.8861	43.581
397.7476	43.725
400.6298	43.953
403.5329	44.192
406.4571	44.109
409.4025	43.983
412.3692	43.789
415.3574	43.586
418.3672	43.520
421.3989	43.471
424.4525	43.190
427.5283	42.883
430.6263	41.610
433.7468	40.240
436.8899	40.320
440.0558	40.532
443.2446	40.321
446.4565	40.074
449.6918	39.842
452.9504	39.611
456.2327	38.739
459.5387	37.824
462.8687	36.515
466.2229	35.183
469.6013	34.159
473.0042	33.151
476.4318	32.557
479.8842	31.983
483.3617	31.266
486.8643	30.545
490.3923	29.772
493.9459	28.998
497.5253	28.460
501.1305	27.929
504.7619	27.348
508.4196	26.766
512.1039	26.198
515.8148	25.630
519.5526	24.854
523.3175	24.080
527.1096	23.853
530.9293	23.634
534.7766	24.098
538.6518	24.543
542.5551	24.039
546.4867	23.557
550.4468	23.921
554.4355	24.294
558.4532	24.937
562.5000	25.566
566.5761	25.837
570.6818	26.114
574.8171	26.532
578.9825	26.900
583.1781	26.393
587.4040	25.923
591.6606	26.047
595.9480	26.127
600.2665	25.583
604.6163	25.013
608.9976	24.113
613.4106	23.262
617.8556	22.972
622.3329	22.705
626.8425	22.676
631.3849	22.677
635.9602	22.976
640.5686	23.234
645.2104	23.128
649.8859	23.008
654.5952	22.762
659.3387	22.420
664.1165	21.329
668.9290	20.237
673.7763	19.143
678.6588	18.122
683.5766	17.602
688.5301	17.056
693.5195	16.342
698.5450	15.792
703.6070	16.234
708.7056	16.614
713.8412	16.641
719.0140	16.635
724.2242	16.458
729.4722	16.320
734.7583	16.384
740.0827	16.444
745.4456	16.487
750.8474	16.535
756.2884	16.610
761.7687	16.676
767.2888	16.698
772.8489	16.629
778.4493	16.169
784.0903	15.671
789.7721	15.022
795.4951	14.278
801.2596	13.161
807.0659	12.497
812.9142	13.534
818.8049	14.680
824.7383	16.218
830.7147	17.627
836.7344	18.586
842.7977	19.299
848.9050	19.195
855.0565	19.057
861.2526	18.809
867.4936	18.294
873.7798	16.954
880.1116	16.102
886.4892	16.710
892.9131	16.818
899.3835	15.493
905.9008	14.425
912.4653	14.072
919.0774	13.679
925.7375	13.180
932.4457	12.619
939.2026	11.898
946.0085	11.411
952.8636	11.510
959.7685	11.465
966.7234	11.071
973.7286	10.592
980.7847	9.915
987.8918	9.329
995.0505	8.949
1002.2611	8.732
1009.5239	8.872
1016.8393	8.757
1024.2077	8.099
1031.6295	7.842
1039.1052	8.409
1046.6349	8.764
1054.2193	8.691
1061.8586	8.578
1069.5533	8.383
1077.3037	8.096
1085.1103	7.634
1092.9734	7.495
1100.8936	7.949
1108.8711	8.225
1116.9064	8.186
1125.0000	8.050
1133.1522	7.747
1141.3635	7.501
1149.6343	7.350
1157.9650	7.273
1166.3561	7.314
1174.8080	7.438
1183.3211	7.692
1191.8960	7.834
1200.5330	7.802
1209.2325	7.805
1217.9951	7.863
1226.8212	7.873
1235.7113	7.817
1244.6657	7.821
1253.6851	7.908
1262.7698	7.846
1271.9204	7.581
1281.1372	7.466
1290.4209	7.554
1299.7718	7.511
1309.1905	7.302
1318.6774	7.132
1328.2331	7.010
1337.8580	6.976
1347.5527	7.052
1357.3176	7.161
1367.1533	7.309
1377.0602	7.368
1387.0390	7.321
1397.0900	7.345
1407.2139	7.451
1417.4112	7.464
1427.6823	7.376
1438.0279	7.353
1448.4484	7.399
1458.9445	7.362
1469.5166	7.239
1480.1653	7.226
1490.8912	7.324
1501.6948	7.346
1512.5767	7.293
1523.5375	7.379
1534.5777	7.596
1545.6979	7.671
1556.8986	7.614
1568.1805	7.521
1579.5442	7.396
1590.9903	7.209
1602.5192	6.967
1614.1317	6.943
1625.8284	7.106
1637.6098	7.083
1649.4766	6.906
1661.4294	6.824
1673.4688	6.819
1685.5955	6.984
1697.8100	7.283
1710.1130	7.396
1722.5052	7.368
1734.9872	7.196
1747.5596	6.916
1760.2231	6.795
1772.9785	6.790
1785.8262	6.811
1798.7670	6.850
1811.8016	6.900
1824.9307	6.955
1838.1549	6.994
1851.4749	7.021
1864.8915	7.044
1878.4052	7.065
1892.0169	7.112
1905.7273	7.177
1919.5370	7.251
1933.4467	7.331
1947.4573	7.424
1961.5693	7.525
1975.7837	7.493
1990.1010	7.384
2004.5221	7.349
2019.0477	7.357
2033.6786	7.245
2048.4154	7.068
2063.2591	7.115
2078.2103	7.278
2093.2699	7.318
2108.4386	7.295
2123.7172	7.323
2139.1065	7.376
2154.6074	7.415
2170.2206	7.447
2185.9469	7.459
2201.7871	7.460
2217.7422	7.414
2233.8129	7.346
2250.0000	7.115
2266.3044	6.814
2282.7270	6.847
2299.2686	7.020
2315.9300	7.036
2332.7122	6.987
2349.6160	7.010
2366.6423	7.061
2383.7920	7.069
2401.0659	7.062
2418.4650	7.073
2435.9902	7.090
2453.6424	7.123
2471.4225	7.162
2489.3314	7.145
2507.3702	7.109
2525.5396	6.984
2543.8407	6.828
2562.2744	6.873
2580.8417	6.981
2599.5436	6.960
2618.3809	6.899
2637.3548	6.946
2656.4662	7.025
2675.7160	7.028
2695.1053	7.009
2714.6352	6.924
2734.3066	6.820
2754.1205	6.851
2774.0780	6.918
2794.1801	6.874
2814.4279	6.801
2834.8224	6.746
2855.3647	6.695
2876.0558	6.706
2896.8969	6.731
2917.8890	6.946
2939.0332	7.204
2960.3307	7.045
2981.7824	6.798
3003.3897	6.707
3025.1535	6.647
3047.0750	6.780
3069.1553	6.950
3091.3957	6.850
3113.7972	6.703
3136.3611	6.550
3159.0885	6.396
3181.9805	6.569
3205.0385	6.794
3228.2635	6.690
3251.6568	6.535
3275.2197	6.676
3298.9533	6.860
3322.8588	6.776
3346.9376	6.656
3371.1909	6.845
3395.6200	7.074
3420.2260	7.107
3445.0104	7.118
3469.9744	6.989
3495.1192	6.844
3520.4463	6.835
3545.9569	6.839
3571.6524	6.972
3597.5340	7.118
3623.6032	7.195
3649.8614	7.266
3676.3098	7.246
3702.9498	7.218
3729.7829	7.044
3756.8105	6.860
3784.0339	6.912
3811.4545	6.978
3839.0739	6.930
3866.8934	6.875
3894.9145	7.001
3923.1387	7.135
3951.5674	7.179
3980.2020	7.220
4009.0442	7.254
4038.0954	7.287
4067.3571	7.258
4096.8309	7.228
4126.5182	7.245
4156.4206	7.262
4186.5398	7.330
4216.8772	7.399
4247.4344	7.435
4278.2131	7.471
4309.2148	7.419
4340.4411	7.368
4371.8937	7.444
4403.5743	7.522
4435.4844	7.676
4467.6257	7.825
4500.0000	7.773
4532.6089	7.721
4565.4540	7.691
4598.5372	7.660
4631.8601	7.606
4665.4244	7.553
4699.2320	7.527
4733.2846	7.498
4767.5839	7.420
4802.1318	7.356
4836.9300	7.518
4871.9804	7.659
4907.2848	7.516
4942.8450	7.398
4978.6629	7.592
5014.7403	7.787
5051.0792	7.988
5087.6814	8.166
5124.5489	8.097
5161.6834	8.017
5199.0871	7.823
5236.7619	7.651
5274.7096	7.666
5312.9323	7.676
5351.4320	7.637
5390.2107	7.611
5429.2704	7.692
5468.6131	7.761
5508.2409	7.745
5548.1559	7.745
5588.3602	7.854
5628.8557	7.962
5669.6447	8.069
5710.7293	8.176
5752.1116	8.288
5793.7938	8.382
5835.7780	8.376
5878.0664	8.363
5920.6613	8.317
5963.5649	8.272
6006.7793	8.239
6050.3069	8.188
6094.1500	8.044
6138.3107	7.965
6182.7914	8.191
6227.5945	8.388
6272.7222	8.455
6318.1769	8.529
6363.9610	8.627
6410.0769	8.727
6456.5270	8.830
6503.3136	8.900
6550.4393	8.841
6597.9065	8.781
6645.7177	8.719
6693.8753	8.663
6742.3818	8.629
6791.2399	8.617
6840.4520	8.680
6890.0208	8.736
6939.9487	8.766
6990.2384	8.819
7040.8926	8.945
7091.9138	9.086
7143.3047	9.277
7195.0681	9.388
7247.2065	9.262
7299.7227	9.170
7352.6195	9.176
7405.8997	9.191
7459.5659	9.229
7513.6209	9.268
7568.0677	9.307
7622.9091	9.327
7678.1478	9.298
7733.7868	9.293
7789.8290	9.347
7846.2774	9.424
7903.1347	9.560
7960.4041	9.662
8018.0885	9.686
8076.1908	9.690
8134.7142	9.649
8193.6617	9.631
8253.0364	9.663
8312.8413	9.695
8373.0796	9.725
8433.7544	9.768
8494.8688	9.836
8556.4261	9.859
8618.4295	9.789
8680.8822	9.728
8743.7875	9.686
8807.1486	9.703
8870.9688	9.832
8935.2515	9.956
9000.0000	10.066
9065.2177	10.089
9130.9080	9.954
9197.0743	9.917
9263.7201	10.047
9330.8489	10.103
9398.4640	10.035
9466.5692	10.052
9535.1678	10.207
9604.2636	10.325
9673.8601	10.384
9743.9608	10.456
9814.5696	10.549
9885.6900	10.616
9957.3258	10.644
10029.4807	10.622
10102.1584	10.525
10175.3628	10.519
10249.0977	10.640
10323.3669	10.699
10398.1743	10.674
10473.5237	10.660
10549.4192	10.662
10625.8646	10.691
10702.8640	10.755
10780.4214	10.786
10858.5408	10.774
10937.2262	10.733
11016.4819	10.654
11096.3119	10.619
11176.7203	10.634
11257.7114	10.627
11339.2894	10.591
11421.4586	10.585
11504.2232	10.610
11587.5876	10.614
11671.5560	10.593
11756.1329	10.625
11841.3227	10.714
11927.1298	10.748
12013.5587	10.725
12100.6139	10.728
12188.2999	10.758
12276.6214	10.817
12365.5828	10.906
12455.1889	10.978
12545.4444	11.035
12636.3538	11.059
12727.9221	11.052
12820.1538	11.153
12913.0540	11.353
13006.6273	11.401
13100.8786	11.317
13195.8130	11.316
13291.4353	11.388
13387.7505	11.440
13484.7637	11.475
13582.4798	11.463
13680.9041	11.415
13780.0416	11.380
13879.8974	11.356
13980.4769	11.356
14081.7852	11.374
14183.8276	11.358
14286.6095	11.317
14390.1361	11.268
14494.4130	11.213
14599.4455	11.204
14705.2391	11.227
14811.7993	11.217
14919.1317	11.183
15027.2419	11.175
15136.1355	11.185
15245.8182	11.243
15356.2956	11.332
15467.5737	11.367
15579.6581	11.368
15692.5547	11.394
15806.2694	11.436
15920.8082	11.420
16036.1769	11.368
16152.3817	11.385
16269.4285	11.442
16387.3235	11.431
16506.0728	11.382
16625.6826	11.393
16746.1591	11.438
16867.5087	11.507
16989.7376	11.589
17112.8523	11.647
17236.8591	11.694
17361.7644	11.739
17487.5749	11.782
17614.2971	11.857
17741.9376	11.947
17870.5030	12.068
18000.0000	12.203
18130.4354	12.277
18261.8160	12.325
18394.1487	12.303
18527.4403	12.252
18661.6977	12.532
18796.9281	12.953
18933.1384	13.027
19070.3357	12.959
19208.5272	12.989
19347.7201	13.058
19487.9217	12.786
19629.1392	12.382
19771.3800	12.276
19914.6516	12.280
20058.9614	12.255
20204.3169	12.219
20350.7257	11.519
20498.1954	10.590
20646.7338	9.982
20796.3485	9.481
20947.0475	8.924
21098.8384	8.350
21251.7293	8.112
21405.7281	7.977
21560.8428	7.889
21717.0816	7.814
21874.4525	7.760
22032.9638	7.712
22192.6237	7.720
22353.4406	7.742
22515.4229	7.739
22678.5789	7.729
22842.9172	7.698
23008.4464	7.662
23175.1751	7.668
23343.1120	7.683
23512.2658	7.700
23682.6454	7.716
23854.2596	8.823
24027.1174	10.172
24201.2278	11.426
24376.5998	12.660
24553.2427	12.101
24731.1657	11.180
24910.3779	10.167
25090.8887	9.136
25272.7077	8.411
25455.8441	7.742
25640.3077	7.638
25826.1079	7.633
26013.2545	7.617
26201.7573	7.599
26391.6260	7.609
26582.8706	7.623
26775.5011	7.558
26969.5274	7.482
27164.9597	7.545
27361.8082	7.626
27560.0831	7.557
27759.7949	7.468
27960.9538	7.467
28163.5704	7.477
28367.6552	7.463
28573.2189	7.448
28780.2723	7.491
28988.8260	7.539
29198.8910	7.542
29410.4782	7.540
29623.5986	7.462
29838.2634	7.378
30054.4838	7.427
30272.2709	7.486
30491.6363	7.456
30712.5913	7.419
30935.1474	7.448
31159.3162	7.481
31385.1094	7.474
31612.5389	7.465
31841.6164	7.461
32072.3539	7.456
32304.7634	7.468
32538.8570	7.481
32774.6470	7.443
33012.1456	7.404
33251.3652	7.485
33492.3183	7.569
33735.0174	7.515
33979.4753	7.458
34225.7045	7.509
34473.7181	7.561
34723.5289	7.491
34975.1499	7.420
35228.5942	7.419
35483.8752	7.418
35741.0059	7.418
36000.0000	7.417
36260.8708	7.422
36523.6321	7.426
36788.2974	7.428
37054.8805	7.431
37323.3955	7.448
37593.8562	7.464
37866.2767	7.422
38140.6714	7.382
38417.0544	7.373
38695.4402	7.366
38975.8433	7.400
39258.2784	7.429
39542.7600	7.396
39829.3032	7.364
40117.9227	7.357
40408.6337	7.349
40701.4514	7.335
40996.3909	7.320
41293.4676	7.294
41592.6971	7.270
41894.0949	7.251
42197.6768	7.239
42503.4586	7.284
42811.4561	7.325
43121.6856	7.324
43434.1631	7.319
43748.9050	7.281
44065.9276	7.252
44385.2474	7.284
44706.8812	7.304
45030.8457	7.238
45357.1578	7.183
45685.8345	7.203
46016.8928	7.217
46350.3502	7.198
46686.2240	7.184
47024.5316	7.199
