* Helix DSP Ultra S, output layer - LR 24 dB/oct high-pass at 500 Hz AND low-pass at 5000 Hz together.
* ELECTRICAL loop, no microphone: Scarlett 2i2 out L -> Helix line in,
* Helix line out -> Scarlett in 1; out R -> in 2 direct as the timing
* reference, timing offset 0. Everything else in the channel off; no gain,
* level or routing changed within a set, so the ratio to the set's reference
* is the filter alone.
* REW V5.40 beta 134 measurement #80 'n3_lr24_500hp_5000lp', 2026-Sep-02 11:09:51, 512k sweep, 1 average, 96 kHz,
* 20 Hz - 20 kHz, loopback timing reference. SNR 39.9 dB, delay -8.9415 ms.
* Levels are REW's electrical dB (splOffset 120.00); only ratios within a set carry meaning.
* frequency_Hz<TAB>dB<TAB>phase_deg - REW's UNSMOOTHED raw spectrum (linear bins) resampled to 1/96 octave by complex averaging within each cell,
* with the measurement's own delay removed before averaging and restored after, so the cell average carries no rotation loss.
20.0000	51.7819	-10.189
20.1449	51.7819	-9.722
20.2909	51.7955	-11.010
20.4379	51.8293	-13.054
20.5860	51.7363	-13.865
20.7352	51.5698	-15.901
20.8855	51.4288	-17.827
21.0368	50.9234	-20.223
21.1893	50.2911	-23.805
21.3428	49.7222	-24.442
21.4975	48.8014	-25.957
21.6532	48.1014	-27.154
21.8102	46.3743	-24.295
21.9682	44.7323	-21.042
22.1274	43.7120	-10.259
22.2877	42.7737	7.884
22.4492	43.6379	15.883
22.6119	44.9488	24.944
22.7758	45.6784	29.304
22.9408	47.8077	27.462
23.1071	48.7912	27.087
23.2745	49.9356	20.303
23.4432	50.8226	16.241
23.6130	51.3395	9.716
23.7841	51.9862	3.602
23.9565	52.1357	-1.008
24.1301	52.4469	-7.247
24.3049	52.3899	-9.416
24.4811	52.3385	-13.552
24.6585	52.2229	-13.196
24.8372	51.9900	-13.063
25.0171	52.0067	-10.690
25.1984	52.0719	-6.242
25.3810	52.3465	-3.500
25.5649	52.9694	1.445
25.7502	53.3638	2.917
25.9368	54.1638	5.163
26.1247	54.4659	5.261
26.3141	55.0267	4.977
26.5047	55.1320	4.248
26.6968	55.3130	2.720
26.8903	55.1833	1.615
27.0851	55.0213	-0.127
27.2814	54.6446	-1.283
27.4791	54.2574	-2.614
27.6782	53.6478	-3.542
27.8788	53.1859	-4.173
28.0808	52.4074	-4.567
28.2843	52.0179	-4.473
28.4892	51.0074	-4.006
28.6957	50.8018	-2.980
28.9036	50.4244	-1.622
29.1131	50.4336	-0.227
29.3240	50.4441	1.173
29.5365	50.8158	2.270
29.7506	51.0048	3.162
29.9661	51.8392	3.006
30.1833	52.1968	2.787
30.4020	52.6670	2.348
30.6223	53.0701	1.362
30.8442	53.3109	1.115
31.0677	53.7008	-0.905
31.2929	53.7539	-1.321
31.5196	53.8225	-1.956
31.7480	53.6808	-3.246
31.9781	53.5585	-2.854
32.2098	53.2973	-2.873
32.4432	52.9821	-1.796
32.6783	52.7590	-0.802
32.9151	52.2955	2.772
33.1536	52.2535	5.777
33.3939	52.2275	8.527
33.6359	52.6514	12.320
33.8796	52.9794	13.048
34.1251	53.2771	13.788
34.3724	53.7346	11.721
34.6215	53.7817	10.410
34.8723	53.8305	9.446
35.1250	53.5927	7.405
35.3796	53.4035	8.037
35.6359	53.2810	8.739
35.8942	53.3005	11.368
36.1543	53.8196	13.347
36.4163	54.1450	13.394
36.6802	54.5414	13.319
36.9460	55.0529	9.914
37.2137	55.0762	7.652
37.4834	55.1032	6.611
37.7550	54.6108	3.785
38.0286	53.6552	4.486
38.3041	53.0115	8.289
38.5817	52.5634	11.415
38.8613	51.9158	22.292
39.1429	52.0622	33.825
39.4265	52.7105	41.955
39.7122	53.0279	44.195
40.0000	53.4184	46.657
40.2899	53.9477	46.555
40.5818	54.2044	43.217
40.8759	54.1769	37.555
41.1721	54.0555	35.346
41.4704	53.9340	31.964
41.7710	53.6393	26.428
42.0736	53.5538	23.451
42.3785	53.9234	22.761
42.6856	54.3701	22.858
42.9949	54.7052	23.216
43.3065	55.5206	21.234
43.6203	55.9665	18.099
43.9364	55.8199	15.321
44.2548	55.0729	14.997
44.5755	54.0174	19.260
44.8985	53.2954	28.136
45.2238	53.2952	33.199
45.5515	53.3395	38.377
45.8816	53.7885	43.926
46.2141	54.1643	46.373
46.5490	54.3942	47.792
46.8863	54.6535	49.003
47.2261	55.0327	49.105
47.5683	55.3610	47.021
47.9130	55.3447	42.961
48.2602	54.7668	38.446
48.6099	53.6087	35.978
48.9621	52.2653	38.542
49.3169	51.7288	45.805
49.6743	52.4971	50.269
50.0343	53.7347	47.339
50.3968	54.6718	39.575
50.7620	55.0150	30.960
51.1299	54.6810	25.054
51.5004	53.8217	25.431
51.8736	53.1508	34.370
52.2495	53.6037	46.919
52.6281	54.7469	54.582
53.0095	55.5214	56.754
53.3936	55.4856	56.901
53.7805	54.6755	58.457
54.1702	53.5279	64.005
54.5628	52.8568	72.513
54.9581	53.0030	77.676
55.3564	53.3919	75.396
55.7575	53.5232	67.018
56.1616	53.2806	56.017
56.5685	52.3001	44.538
56.9785	51.6263	48.623
57.3914	52.7621	58.840
57.8072	54.6994	63.675
58.2261	56.2724	62.642
58.6481	57.0052	59.010
59.0730	56.8123	55.740
59.5011	55.1523	58.236
59.9323	53.9201	73.453
60.3666	54.5962	82.884
60.8040	55.5340	84.427
61.2446	56.0149	80.518
61.6884	55.5835	71.638
62.1355	54.4326	67.164
62.5857	53.7989	70.722
63.0392	53.8035	77.080
63.4960	54.6632	83.445
63.9562	55.3704	85.893
64.4196	55.4529	86.758
64.8864	55.1988	87.186
65.3566	54.0712	86.850
65.8302	52.1936	88.616
66.3073	50.9708	94.248
66.7877	50.9059	102.685
67.2717	52.1572	101.812
67.7592	52.8489	96.683
68.2502	52.7828	90.043
68.7448	51.7675	92.882
69.2429	51.3656	104.499
69.7447	52.5752	121.612
70.2501	54.1706	129.639
70.7591	54.8388	132.225
71.2719	55.4228	133.654
71.7884	55.8540	133.133
72.3086	56.1155	129.376
72.8325	56.2039	123.998
73.3603	56.0603	118.405
73.8919	55.7081	113.983
74.4274	55.2916	113.570
74.9667	54.7129	116.990
75.5099	54.7054	123.404
76.0571	55.1397	126.269
76.6083	55.0441	125.836
77.1634	54.0883	128.076
77.7226	53.5876	137.846
78.2858	54.3749	141.185
78.8531	54.8206	137.217
79.4245	54.5695	133.172
80.0000	53.8671	133.786
80.5797	53.1857	137.999
81.1636	52.6039	146.316
81.7518	53.2595	161.043
82.3442	54.9992	164.802
82.9409	56.2538	158.218
83.5419	56.5439	149.762
84.1473	55.8454	145.979
84.7570	54.9668	149.278
85.3712	54.6505	153.243
85.9899	53.8286	157.394
86.6130	53.1294	171.162
87.2406	54.7048	179.592
87.8728	55.6045	177.937
88.5096	55.5063	177.700
89.1509	55.4176	-177.318
89.7970	55.4178	179.837
90.4477	53.9858	169.541
91.1031	50.1129	159.410
91.7633	44.3828	-176.429
92.4282	50.1080	-159.976
93.0980	53.4633	-171.332
93.7726	53.9675	-173.027
94.4521	53.7284	-164.690
95.1366	53.8321	-147.972
95.8260	54.8939	-133.257
96.5204	56.2896	-131.305
97.2198	56.0396	-138.170
97.9243	53.9823	-133.096
98.6339	54.9443	-113.328
99.3486	57.2605	-117.226
100.0685	57.2644	-130.446
100.7937	55.8829	-133.939
101.5241	55.8539	-125.309
102.2598	56.5419	-121.292
103.0008	55.9240	-115.998
103.7472	55.6567	-104.367
104.4990	56.4194	-103.358
105.2562	56.3938	-110.686
106.0189	56.2278	-107.797
106.7872	58.0208	-99.252
107.5610	59.2936	-100.506
108.3404	58.0586	-100.045
109.1255	56.4750	-85.349
109.9163	56.3950	-84.011
110.7128	55.9264	-82.177
111.5151	57.3958	-75.028
112.3231	58.5697	-76.135
113.1371	57.5812	-67.829
113.9569	58.5431	-56.910
114.7827	58.7568	-65.079
115.6145	57.4472	-66.758
116.4523	58.5189	-50.514
117.2961	60.3993	-46.144
118.1461	60.2830	-42.981
119.0022	59.4195	-38.989
119.8646	58.5546	-36.143
120.7332	59.2718	-34.593
121.6080	60.3559	-39.728
122.4893	59.8423	-36.798
123.3769	60.3003	-24.651
124.2709	60.8910	-26.036
125.1714	60.3807	-27.309
126.0785	61.1594	-21.819
126.9921	61.9977	-18.057
127.9123	62.1914	-7.757
128.8392	62.9738	-1.540
129.7728	62.7525	-4.018
130.7132	62.0218	-3.946
131.6604	62.0252	0.193
132.6145	62.7175	7.949
133.5755	63.7239	12.977
134.5434	63.9894	14.973
135.5184	64.2286	15.272
136.5004	64.2733	18.419
137.4895	64.9983	25.235
138.4858	65.1840	26.097
139.4894	64.3751	28.381
140.5002	64.0760	30.126
141.5183	64.4095	36.714
142.5438	65.8494	42.076
143.5767	66.3657	44.944
144.6171	66.4293	50.609
145.6651	66.5248	54.681
146.7206	67.2358	58.113
147.7838	67.5026	59.004
148.8547	67.3729	62.948
149.9334	67.2403	66.451
151.0199	67.2947	70.818
152.1142	67.9093	74.337
153.2165	68.6949	78.401
154.3268	69.1409	80.301
155.4451	68.7952	84.555
156.5715	68.7787	89.498
157.7061	69.1667	92.942
158.8489	69.3295	96.012
160.0000	69.9285	103.049
161.1594	70.6983	102.812
162.3273	70.3176	104.566
163.5035	70.6679	109.460
164.6884	70.8227	113.196
165.8818	71.6135	117.974
167.0838	71.8146	118.863
168.2946	71.7748	125.503
169.5141	72.1596	128.370
170.7425	72.0512	131.873
171.9797	72.3487	136.059
173.2260	72.5975	138.182
174.4812	72.9585	141.248
175.7456	73.2578	144.797
177.0191	73.2653	150.612
178.3019	73.6802	156.121
179.5939	74.0008	157.647
180.8953	74.0457	160.864
182.2062	74.5577	165.811
183.5265	75.2920	167.757
184.8564	75.0957	172.108
186.1960	75.1453	177.929
187.5452	75.1866	-179.168
188.9043	75.6217	-174.660
190.2731	75.9537	-171.177
191.6519	76.0082	-167.109
193.0407	76.4178	-162.884
194.4396	76.6744	-158.719
195.8486	76.7640	-154.231
197.2678	77.1625	-150.970
198.6972	77.3975	-146.243
200.1371	77.7361	-140.510
201.5874	77.7979	-137.600
203.0482	78.1548	-133.745
204.5195	78.5089	-129.941
206.0016	78.7314	-124.777
207.4943	78.9388	-120.226
208.9979	79.1701	-115.901
210.5124	79.4730	-111.492
212.0379	79.6633	-106.729
213.5744	79.9619	-102.438
215.1220	80.0963	-97.864
216.6809	80.2481	-92.997
218.2510	80.6576	-88.479
219.8326	80.9339	-84.964
221.4256	81.1318	-80.418
223.0301	81.3074	-75.831
224.6463	81.4676	-69.999
226.2742	81.8438	-63.963
227.9138	81.9159	-61.754
229.5654	82.2994	-57.125
231.2289	82.5422	-52.273
232.9045	82.7502	-47.648
234.5922	82.9864	-42.145
236.2922	83.2345	-37.181
238.0045	83.4425	-33.118
239.7291	83.6675	-28.326
241.4663	83.8439	-22.850
243.2161	84.1921	-17.908
244.9785	84.3902	-13.417
246.7537	84.6842	-7.910
248.5418	84.8954	-2.677
250.3428	85.2003	2.594
252.1569	85.4848	7.778
253.9842	85.5783	12.801
255.8246	85.7868	18.278
257.6785	86.0064	22.947
259.5457	86.3148	28.023
261.4265	86.6242	34.131
263.3209	86.7210	39.365
265.2290	86.7097	45.231
267.1510	86.3157	49.273
269.0869	87.1820	57.554
271.0368	87.7835	60.712
273.0008	87.7235	66.611
274.9791	88.1497	72.023
276.9717	88.3786	78.290
278.9788	88.5604	83.387
281.0003	88.8247	89.047
283.0366	89.0779	94.717
285.0876	89.1761	100.836
287.1535	89.4406	107.052
289.2343	89.6374	113.176
291.3302	89.8943	118.491
293.4413	90.1194	124.678
295.5677	90.3418	130.652
297.7095	90.5381	136.575
299.8668	90.7377	142.605
302.0398	90.9719	148.906
304.2285	91.1912	154.984
306.4330	91.4223	161.261
308.6536	91.5906	167.751
310.8902	91.8204	173.550
313.1431	92.1134	-179.799
315.4122	92.3082	-173.511
317.6978	92.5286	-167.020
320.0000	92.6943	-160.576
322.3189	92.8953	-153.878
324.6545	93.1449	-147.475
327.0071	93.3532	-140.693
329.3767	93.5653	-134.078
331.7635	93.7740	-127.268
334.1676	93.9777	-120.637
336.5891	94.1948	-113.744
339.0282	94.3980	-106.688
341.4849	94.5899	-99.980
343.9595	94.7770	-92.944
346.4519	94.9975	-85.949
348.9625	95.2050	-78.900
351.4912	95.4186	-71.643
354.0383	95.5995	-64.446
356.6038	95.7918	-57.165
359.1879	95.9820	-49.976
361.7907	96.1725	-42.617
364.4124	96.3709	-35.275
367.0530	96.5433	-27.711
369.7129	96.7539	-20.412
372.3920	96.9606	-12.683
375.0905	97.1504	-5.116
377.8085	97.3332	2.588
380.5463	97.5260	10.348
383.3039	97.6932	18.059
386.0814	97.8905	25.848
388.8792	98.0678	33.735
391.6971	98.2501	41.771
394.5355	98.4270	49.821
397.3945	98.6070	57.883
400.2742	98.7817	66.072
403.1747	98.9494	74.332
406.0963	99.1257	82.516
409.0390	99.2900	90.983
412.0031	99.4670	99.208
414.9887	99.6534	107.704
417.9958	99.8209	116.258
421.0248	99.9853	124.889
424.0757	100.1444	133.438
427.1488	100.3092	142.236
430.2440	100.4674	151.073
433.3618	100.6279	159.950
436.5021	100.7897	168.836
439.6652	100.9413	177.841
442.8512	101.0943	-173.008
446.0602	101.2435	-163.905
449.2926	101.3969	-154.682
452.5483	101.5583	-145.423
455.8277	101.7029	-136.059
459.1308	101.8354	-126.660
462.4579	101.9925	-117.146
465.8090	102.1338	-107.511
469.1845	102.2640	-97.800
472.5844	102.4111	-88.085
476.0089	102.5548	-78.368
479.4583	102.6873	-68.380
482.9326	102.8104	-58.394
486.4321	102.9512	-48.371
489.9570	103.0771	-38.200
493.5075	103.2000	-27.955
497.0836	103.3291	-17.771
500.6857	103.4593	-7.354
504.3139	103.5821	3.118
507.9683	103.7062	13.707
511.6493	103.8207	24.327
515.3569	103.9413	35.092
519.0914	104.0543	45.849
522.8529	104.1576	56.845
526.6418	104.2801	67.768
530.4580	104.3851	78.866
534.3019	104.5032	90.128
538.1737	104.6046	101.352
542.0735	104.7103	112.664
546.0016	104.8220	124.058
549.9582	104.9302	135.582
553.9434	105.0215	147.200
557.9575	105.1214	158.963
562.0007	105.2206	170.774
566.0732	105.3104	-177.289
570.1752	105.4068	-165.235
574.3069	105.4965	-153.083
578.4686	105.5873	-140.857
582.6604	105.6721	-128.575
586.8826	105.7591	-116.142
591.1354	105.8531	-103.663
595.4190	105.9359	-91.004
599.7336	106.0025	-78.299
604.0796	106.0929	-65.472
608.4570	106.1656	-52.507
612.8661	106.2523	-39.440
617.3072	106.3230	-26.262
621.7804	106.4010	-13.038
626.2861	106.4726	0.282
630.8244	106.5440	13.850
635.3957	106.6100	27.389
640.0000	106.6840	41.134
644.6377	106.7510	54.923
649.3090	106.8120	68.865
654.0142	106.8798	82.860
658.7534	106.9420	97.043
663.5270	107.0051	111.316
668.3352	107.0643	125.706
673.1783	107.1222	140.278
678.0564	107.1854	154.852
682.9699	107.2338	169.598
687.9189	107.2936	-175.551
692.9039	107.3493	-160.520
697.9249	107.4022	-145.413
702.9824	107.4501	-130.201
708.0765	107.5049	-114.847
713.2075	107.5547	-99.361
718.3757	107.5964	-83.725
723.5814	107.6484	-68.010
728.8247	107.6949	-52.139
734.1061	107.7379	-36.155
739.4257	107.7813	-20.033
744.7839	107.8283	-3.788
750.1809	107.8678	12.621
755.6170	107.9050	29.155
761.0926	107.9475	45.811
766.6077	107.9868	62.587
772.1629	108.0263	79.473
777.7583	108.0629	96.536
783.3943	108.0985	113.756
789.0711	108.1393	131.078
794.7890	108.1664	148.528
800.5484	108.2014	166.106
806.3495	108.2367	-176.086
812.1926	108.2695	-158.221
818.0781	108.3029	-140.165
824.0062	108.3322	-122.000
829.9773	108.3639	-103.678
835.9917	108.3902	-85.228
842.0496	108.4188	-66.616
848.1515	108.4477	-47.836
854.2975	108.4725	-28.921
860.4881	108.4975	-9.843
866.7236	108.5240	9.341
873.0042	108.5508	28.692
879.3303	108.5734	48.236
885.7023	108.6025	67.905
892.1205	108.6222	87.751
898.5852	108.6410	107.729
905.0967	108.6665	127.864
911.6554	108.6876	148.145
918.2616	108.7082	168.587
924.9157	108.7292	-170.786
931.6180	108.7436	-150.011
938.3689	108.7711	-129.072
945.1687	108.7835	-107.967
952.0178	108.8045	-86.721
958.9165	108.8238	-65.261
965.8652	108.8390	-43.633
972.8643	108.8536	-21.853
979.9141	108.8747	0.059
987.0149	108.8885	22.161
994.1672	108.9056	44.459
1001.3714	108.9221	66.863
1008.6277	108.9311	89.503
1015.9367	108.9514	112.296
1023.2986	108.9659	135.312
1030.7138	108.9774	158.423
1038.1828	108.9890	-178.227
1045.7059	109.0004	-154.682
1053.2835	109.0148	-131.036
1060.9160	109.0257	-107.171
1068.6039	109.0389	-83.101
1076.3474	109.0450	-58.872
1084.1471	109.0627	-34.425
1092.0032	109.0714	-9.816
1099.9164	109.0800	14.963
1107.8868	109.0886	39.969
1115.9150	109.1041	65.150
1124.0014	109.1094	90.521
1132.1464	109.1200	116.087
1140.3504	109.1244	141.878
1148.6138	109.1378	167.837
1156.9371	109.1480	-166.036
1165.3208	109.1558	-139.673
1173.7652	109.1614	-113.128
1182.2708	109.1684	-86.368
1190.8380	109.1788	-59.409
1199.4673	109.1834	-32.213
1208.1591	109.1883	-4.857
1216.9139	109.1973	22.713
1225.7322	109.1998	50.493
1234.6144	109.2103	78.470
1243.5609	109.2098	106.696
1252.5722	109.2193	135.137
1261.6489	109.2252	163.776
1270.7913	109.2285	-167.390
1280.0000	109.2373	-138.332
1289.2754	109.2381	-109.035
1298.6180	109.2397	-79.536
1308.0284	109.2511	-49.804
1317.5069	109.2556	-19.851
1327.0541	109.2530	10.296
1336.6704	109.2602	40.722
1346.3565	109.2605	71.365
1356.1128	109.2656	102.169
1365.9397	109.2640	133.288
1375.8379	109.2717	164.640
1385.8078	109.2741	-163.828
1395.8499	109.2729	-132.042
1405.9648	109.2785	-100.020
1416.1530	109.2806	-67.729
1426.4150	109.2823	-35.246
1436.7514	109.2823	-2.497
1447.1627	109.2853	30.482
1457.6495	109.2891	63.759
1468.2122	109.2908	97.238
1478.8515	109.2891	130.991
1489.5678	109.2907	164.964
1500.3618	109.2931	-160.792
1511.2341	109.2903	-126.288
1522.1851	109.2946	-91.554
1533.2155	109.2921	-56.529
1544.3258	109.2940	-21.262
1555.5166	109.2911	14.255
1566.7885	109.2925	50.061
1578.1421	109.2918	86.136
1589.5780	109.2870	122.447
1601.0967	109.2933	159.038
1612.6989	109.2870	-164.084
1624.3852	109.2838	-126.973
1636.1562	109.2863	-89.548
1648.0125	109.2853	-51.872
1659.9546	109.2809	-13.857
1671.9833	109.2790	24.378
1684.0992	109.2755	62.911
1696.3029	109.2747	101.715
1708.5950	109.2711	140.824
1720.9762	109.2751	-179.794
1733.4471	109.2673	-140.106
1746.0084	109.2645	-100.124
1758.6607	109.2659	-59.861
1771.4046	109.2580	-19.306
1784.2410	109.2556	21.567
1797.1703	109.2525	62.746
1810.1934	109.2494	104.220
1823.3108	109.2439	146.002
1836.5232	109.2398	-171.942
1849.8314	109.2347	-129.550
1863.2361	109.2316	-86.855
1876.7379	109.2246	-43.831
1890.3375	109.2232	-0.500
1904.0356	109.2159	43.121
1917.8331	109.2104	87.086
1931.7305	109.2083	131.411
1945.7286	109.2034	176.022
1959.8281	109.1968	-139.030
1974.0299	109.1901	-93.743
1988.3345	109.1863	-48.137
2002.7428	109.1775	-2.203
2017.2555	109.1734	44.067
2031.8733	109.1652	90.704
2046.5971	109.1561	137.645
2061.4276	109.1535	-175.063
2076.3656	109.1471	-127.393
2091.4118	109.1379	-79.394
2106.5670	109.1301	-31.063
2121.8321	109.1215	17.660
2137.2077	109.1165	66.715
2152.6948	109.1073	116.141
2168.2941	109.0988	165.901
2184.0065	109.0890	-143.927
2199.8327	109.0843	-93.428
2215.7736	109.0736	-42.555
2231.8300	109.0623	8.698
2248.0028	109.0533	60.331
2264.2927	109.0448	112.321
2280.7007	109.0357	164.730
2297.2276	109.0246	-142.514
2313.8743	109.0120	-89.363
2330.6416	109.0080	-35.797
2347.5304	108.9956	18.103
2364.5415	108.9841	72.463
2381.6760	108.9734	127.187
2398.9346	108.9598	-177.702
2416.3182	108.9470	-122.160
2433.8279	108.9344	-66.244
2451.4644	108.9266	-9.900
2469.2287	108.9108	46.855
2487.1218	108.8965	104.000
2505.1445	108.8825	161.610
2523.2978	108.8699	-140.379
2541.5826	108.8582	-81.956
2560.0000	108.8459	-23.105
2578.5508	108.8277	36.170
2597.2361	108.8137	95.904
2616.0567	108.7976	156.071
2635.0137	108.7801	-143.343
2654.1081	108.7649	-82.311
2673.3409	108.7453	-20.842
2692.7130	108.7278	41.092
2712.2255	108.7132	103.472
2731.8794	108.6921	166.308
2751.6758	108.6734	-130.398
2771.6155	108.6535	-66.633
2791.6998	108.6355	-2.409
2811.9296	108.6119	62.259
2832.3060	108.5935	127.428
2852.8301	108.5654	-166.930
2873.5028	108.5414	-100.817
2894.3254	108.5260	-34.194
2915.2989	108.4971	32.885
2936.4244	108.4745	100.441
2957.7029	108.4420	168.489
2979.1356	108.4216	-122.917
3000.7237	108.3938	-53.863
3022.4682	108.3666	15.689
3044.3702	108.3363	85.743
3066.4310	108.3033	156.332
3088.6516	108.2777	-132.562
3111.0332	108.2445	-60.927
3133.5771	108.2152	11.187
3156.2843	108.1790	83.845
3179.1560	108.1428	157.046
3202.1935	108.1093	-129.241
3225.3979	108.0719	-54.967
3248.7705	108.0339	19.823
3272.3124	107.9979	95.169
3296.0249	107.9579	171.073
3319.9093	107.9204	-112.500
3343.9667	107.8752	-35.510
3368.1985	107.8334	42.069
3392.6058	107.7916	120.212
3417.1900	107.7435	-161.120
3441.9524	107.7012	-81.835
3466.8942	107.6507	-2.005
3492.0167	107.6011	78.425
3517.3213	107.5551	159.429
3542.8093	107.4995	-118.951
3568.4820	107.4493	-36.744
3594.3406	107.3947	46.031
3620.3867	107.3400	129.429
3646.6215	107.2882	-146.575
3673.0465	107.2308	-61.967
3699.6629	107.1690	23.269
3726.4721	107.1073	109.105
3753.4757	107.0474	-164.401
3780.6749	106.9852	-77.286
3808.0713	106.9190	10.437
3835.6661	106.8590	98.794
3863.4609	106.7890	-172.171
3891.4572	106.7202	-82.508
3919.6563	106.6551	7.798
3948.0597	106.5801	98.814
3976.6690	106.5102	-169.574
4005.4856	106.4365	-77.272
4034.5110	106.3591	15.742
4063.7467	106.2896	109.386
4093.1943	106.2106	-156.247
4122.8552	106.1298	-61.246
4152.7312	106.0530	34.481
4182.8236	105.9703	130.911
4213.1340	105.8872	-131.948
4243.6641	105.8072	-34.083
4274.4155	105.7194	64.444
4305.3896	105.6321	163.716
4336.5883	105.5469	-96.262
4368.0130	105.4562	4.465
4399.6654	105.3648	105.945
4431.5472	105.2698	-151.842
4463.6600	105.1809	-48.881
4496.0055	105.0874	54.850
4528.5854	104.9828	159.340
4561.4014	104.8858	-95.442
4594.4552	104.7865	10.591
4627.7485	104.6850	117.398
4661.2831	104.5784	-135.013
4695.0607	104.4763	-26.613
4729.0830	104.3641	82.539
4763.3519	104.2523	-167.488
4797.8691	104.1469	-56.697
4832.6365	104.0308	54.889
4867.6558	103.9190	167.338
4902.9288	103.8003	-79.423
4938.4574	103.6830	34.655
4974.2435	103.5557	149.564
5010.2890	103.4311	-94.678
5046.5956	103.3017	21.943
5083.1653	103.1764	139.428
5120.0000	103.0442	-102.256
5157.1016	102.9080	16.909
5194.4721	102.7819	137.024
5232.1134	102.6392	-101.988
5270.0275	102.4986	19.848
5308.2162	102.3533	142.528
5346.6818	102.2113	-93.816
5385.4260	102.0626	30.713
5424.4510	101.9126	156.186
5463.7589	101.7581	-77.442
5503.3515	101.6037	49.868
5543.2311	101.4448	178.106
5583.3996	101.2839	-52.760
5623.8592	101.1215	77.399
5664.6120	100.9591	-151.516
5705.6601	100.7861	-19.536
5747.0057	100.6191	113.477
5788.6509	100.4457	-112.570
5830.5978	100.2862	22.378
5872.8487	100.1021	158.257
5915.4058	99.9295	-64.805
5958.2713	99.7520	73.135
6001.4474	99.5763	-147.957
6044.9363	99.3921	-8.042
6088.7404	99.2212	132.940
6132.8620	99.0314	-85.009
6177.3032	98.8502	58.022
6222.0665	98.6731	-157.903
6267.1541	98.4825	-12.747
6312.5685	98.2995	133.440
6358.3120	98.1185	-79.270
6404.3869	97.9222	69.049
6450.7958	97.7431	-141.432
6497.5409	97.5504	9.117
6544.6248	97.3646	160.793
6592.0498	97.1850	-46.380
6639.8185	96.9936	107.526
6687.9334	96.8144	-97.382
6736.3969	96.6175	58.727
6785.2116	96.4346	-143.834
6834.3801	96.2388	14.685
6883.9048	96.0479	174.399
6933.7884	95.8543	-24.746
6984.0335	95.6493	137.377
7034.6427	95.4422	-59.435
7085.6186	95.2504	105.189
7136.9639	95.0466	-89.094
7188.6813	94.8398	77.716
7240.7734	94.6293	-114.113
7293.2431	94.4161	55.371
7346.0929	94.1892	-133.980
7399.3257	93.9965	37.938
7452.9443	93.7508	-148.973
7506.9514	93.5284	25.538
7561.3499	93.2971	-158.822
7616.1425	93.0662	18.113
7671.3322	92.8143	-163.511
7726.9219	92.5908	15.858
7782.9143	92.3519	-163.087
7839.3125	92.0907	18.953
7896.1194	91.8556	-157.580
7953.3380	91.6045	27.290
8010.9711	91.2611	-146.475
8069.0219	91.1119	40.818
8127.4934	90.8588	-130.326
8186.3886	90.5932	59.940
8245.7105	90.3379	-108.651
8305.4623	90.0831	84.416
8365.6471	89.8609	-81.222
8426.2680	89.6118	114.490
8487.3283	89.3496	-48.340
8548.8309	89.1369	150.106
8610.7793	88.9038	-9.672
8673.1765	88.6700	-168.105
8736.0260	88.4825	34.857
8799.3308	88.2320	-120.478
8863.0944	88.0386	85.395
8927.3200	87.8177	-66.809
8992.0111	87.6231	142.134
9057.1709	87.4047	-7.145
9122.8029	87.1630	-154.715
9188.9105	87.0005	59.253
9255.4971	86.7460	-85.228
9322.5662	86.5113	132.003
9390.1214	86.3038	-9.475
9458.1661	86.0858	-148.919
9526.7039	85.8214	73.169
9595.7383	85.5864	-63.132
9665.2730	85.3378	162.059
9735.3115	85.0343	28.844
9805.8576	84.7853	-102.434
9876.9149	84.5188	127.929
9948.4871	84.2069	-0.592
10020.5779	83.8830	-126.972
10093.1912	83.5649	107.877
10166.3306	83.2877	-14.725
10240.0000	82.9480	-136.595
10314.2033	82.6284	103.568
10388.9442	82.3284	-14.704
10464.2268	82.0282	-131.402
10540.0549	81.6776	113.686
10616.4325	81.3959	0.587
10693.3635	81.0804	-110.621
10770.8521	80.8349	139.495
10848.9021	80.6228	31.710
10927.5177	80.4165	-73.759
11006.7030	80.2553	-177.829
11086.4621	79.9405	79.563
11166.7992	79.8224	-19.902
11247.7184	79.6326	-118.468
11329.2240	79.4914	145.810
11411.3202	79.4265	51.861
11494.0114	79.2577	-40.292
11577.3017	78.9543	-130.395
11661.1956	78.7727	142.557
11745.6975	78.5945	55.936
11830.8116	78.2531	-26.916
11916.5426	78.0181	-108.101
12002.8947	77.8296	171.966
12089.8727	77.4738	94.281
12177.4809	77.0979	18.371
12265.7239	76.7626	-54.137
12354.6064	76.3647	-126.004
12444.1330	75.9681	164.657
12534.3083	75.5708	96.240
12625.1370	75.1089	30.602
12716.6240	74.7075	-33.779
12808.7739	74.2388	-95.137
12901.5916	73.8249	-155.783
12995.0818	73.4132	147.156
13089.2495	73.1497	90.391
13184.0996	72.9665	36.684
13279.6370	72.6636	-15.103
13375.8668	72.4503	-64.026
13472.7938	72.5464	-111.680
13570.4232	72.4833	-156.368
13668.7601	72.4036	162.947
13767.8096	72.4029	124.791
13867.5768	72.3004	87.572
13968.0670	72.2630	54.709
14069.2853	71.8880	23.640
14171.2372	71.6760	-3.926
14273.9278	71.4817	-28.580
14377.3626	71.4262	-52.042
14481.5469	71.0286	-73.243
14586.4861	70.4331	-91.509
14692.1858	70.0366	-106.559
14798.6515	69.3415	-121.244
14905.8886	68.8846	-131.783
15013.9028	67.8950	-141.843
15122.6997	67.1231	-151.674
15232.2851	66.6542	-157.590
15342.6645	66.0274	-160.835
15453.8437	65.6726	-167.036
15565.8287	65.0529	-165.353
15678.6251	65.3387	-164.509
15792.2389	65.3480	-156.617
15906.6759	65.7465	-146.576
16021.9423	66.1525	-135.850
16138.0439	66.2432	-117.292
16254.9868	66.3046	-98.227
16372.7771	66.4977	-72.779
16491.4210	66.1330	-46.354
16610.9246	66.2559	-13.486
16731.2942	65.5417	22.072
16852.5361	65.3648	56.094
16974.6565	64.5811	94.681
17097.6619	64.2125	138.707
17221.5586	63.2536	-178.748
17346.3531	62.2103	-132.507
17472.0519	61.1849	-82.148
17598.6616	59.1527	-37.520
17726.1888	58.9619	5.150
17854.6400	58.0840	61.440
17984.0221	57.7202	110.981
18114.3418	58.5249	163.976
18245.6057	59.0260	-132.114
18377.8209	59.5484	-76.640
18510.9942	61.0559	5.796
18645.1325	61.4541	84.688
18780.2428	61.6514	166.976
18916.3322	61.6618	-105.175
19053.4077	61.7627	-11.502
19191.4766	60.9207	82.700
19330.5459	60.5977	-178.686
19470.6230	59.5688	-75.791
19611.7152	59.2084	24.630
19753.8298	57.0788	130.047
19896.9742	53.8744	-131.117
