* Helix DSP Ultra S, output layer - no filter - intended as the set's reference.
* ELECTRICAL loop, no microphone: Scarlett 2i2 out L -> Helix line in,
* Helix line out -> Scarlett in 1; out R -> in 2 direct as the timing
* reference, timing offset 0. Everything else in the channel off; no gain,
* level or routing changed within a set, so the ratio to the set's reference
* is the filter alone.
* REW V5.40 beta 134 measurement #77 'n0_bypass', 2026-Sep-02 11:09:02, 512k sweep, 1 average, 96 kHz,
* 20 Hz - 20 kHz, loopback timing reference. SNR 45.8 dB, delay -9.0180 ms.
* Levels are REW's electrical dB (splOffset 120.00); only ratios within a set carry meaning.
* DISTURBED CAPTURE - do not use as a reference. Its bin-to-bin phase step is three times the session norm and every ratio against it is wrong by up to 10 dB. Use level-gain0 (REW #81, the same bypassed state two minutes later) instead.
* frequency_Hz<TAB>dB<TAB>phase_deg - REW's UNSMOOTHED raw spectrum (linear bins) resampled to 1/96 octave by complex averaging within each cell,
* with the measurement's own delay removed before averaging and restored after, so the cell average carries no rotation loss.
20.0000	106.0980	171.607
20.1449	106.0980	172.077
20.2909	106.0573	172.963
20.4379	105.9992	174.040
20.5860	105.9737	174.710
20.7352	105.9254	175.557
20.8855	105.8809	176.383
21.0368	105.8037	177.455
21.1893	105.7085	178.683
21.3428	105.6660	179.826
21.4975	105.6039	-178.695
21.6532	105.5616	-177.497
21.8102	105.5752	-175.244
21.9682	105.5917	-173.356
22.1274	105.7059	-171.628
22.2877	105.8643	-169.517
22.4492	105.9856	-168.531
22.6119	106.1614	-167.349
22.7758	106.2604	-166.457
22.9408	106.4731	-165.747
23.1071	106.5878	-165.115
23.2745	106.6765	-164.500
23.4432	106.7465	-163.897
23.6130	106.7717	-162.774
23.7841	106.7997	-161.606
23.9565	106.8574	-159.942
24.1301	106.9420	-157.872
24.3049	107.0858	-156.158
24.4811	107.3322	-153.722
24.6585	107.5280	-152.492
24.8372	107.9059	-150.700
25.0171	108.0751	-150.042
25.1984	108.4323	-149.302
25.3810	108.5229	-148.902
25.5649	108.7228	-148.720
25.7502	108.7299	-148.134
25.9368	108.7451	-147.561
26.1247	108.7096	-146.391
26.3141	108.6426	-144.674
26.5047	108.6505	-142.782
26.6968	108.6730	-140.064
26.8903	108.8105	-137.885
27.0851	108.9988	-135.272
27.2814	109.2545	-133.629
27.4791	109.5073	-132.031
27.6782	109.7598	-131.339
27.8788	109.9371	-130.657
28.0808	110.0478	-130.562
28.2843	110.0995	-130.159
28.4892	109.9567	-129.752
28.6957	109.8378	-128.536
28.9036	109.6240	-126.851
29.1131	109.4774	-124.357
29.3240	109.3372	-121.794
29.5365	109.3100	-118.076
29.7506	109.3054	-115.786
29.9661	109.5070	-111.529
30.1833	109.5955	-110.240
30.4020	109.7168	-108.749
30.6223	109.7165	-108.445
30.8442	109.7165	-107.977
31.0677	109.4043	-109.162
31.2929	109.1324	-109.427
31.5196	108.7946	-109.987
31.7480	108.0026	-111.160
31.9781	107.7621	-110.724
32.2098	107.2354	-110.685
32.4432	106.9508	-110.002
32.6783	106.7499	-109.294
32.9151	106.7336	-108.404
33.1536	106.9737	-107.885
33.3939	107.1790	-107.318
33.6359	107.9003	-107.934
33.8796	108.3018	-108.254
34.1251	108.6659	-108.414
34.3724	109.2948	-109.836
34.6215	109.5043	-110.074
34.8723	109.6804	-110.109
35.1250	109.7801	-110.467
35.3796	109.6727	-109.737
35.6359	109.6036	-108.967
35.8942	109.2095	-107.050
36.1543	108.7070	-103.846
36.4163	108.5024	-101.568
36.6802	108.2453	-98.810
36.9460	107.9678	-94.458
37.2137	107.9513	-92.003
37.4834	107.9444	-90.151
37.7550	108.1468	-88.430
38.0286	108.4924	-88.539
38.3041	108.7335	-89.087
38.5817	108.8955	-89.115
38.8613	109.2850	-91.276
39.1429	109.6018	-93.527
39.4265	109.7965	-95.466
39.7122	109.8101	-95.567
40.0000	109.8312	-95.926
40.2899	109.6854	-96.624
40.5818	109.3639	-96.506
40.8759	108.9047	-95.463
41.1721	108.6834	-94.071
41.4704	108.3799	-92.491
41.7710	107.8834	-89.635
42.0736	107.5079	-86.200
42.3785	107.3223	-82.530
42.6856	107.3432	-80.085
42.9949	107.3633	-77.954
43.3065	107.6293	-74.792
43.6203	108.0738	-72.333
43.9364	108.6121	-70.725
44.2548	109.1514	-69.909
44.5755	109.6244	-69.676
44.8985	110.0042	-69.816
45.2238	110.1479	-69.505
45.5515	110.2951	-69.184
45.8816	110.5098	-69.962
46.2141	110.6508	-71.191
46.5490	110.7095	-72.853
46.8863	110.6816	-74.754
47.2261	110.5823	-76.599
47.5683	110.4449	-78.167
47.9130	110.3006	-79.447
48.2602	110.1487	-80.604
48.6099	109.9492	-81.767
48.9621	109.6496	-82.826
49.3169	109.2294	-83.448
49.6743	108.7273	-83.314
50.0343	108.2232	-82.461
50.3968	107.7688	-81.391
50.7620	107.3248	-80.656
51.1299	106.7870	-80.238
51.5004	106.0838	-79.359
51.8736	105.2693	-76.910
52.2495	104.5426	-72.405
52.6281	104.0902	-66.892
53.0095	103.8352	-62.108
53.3936	103.4883	-58.346
53.7805	102.8586	-53.931
54.1702	102.0974	-46.467
54.5628	101.7364	-35.585
54.9581	102.1016	-25.116
55.3564	102.7560	-18.460
55.7575	103.1428	-14.549
56.1616	103.1268	-10.214
56.5685	103.1948	1.264
56.9785	104.3525	12.950
57.3914	105.3802	16.781
57.8072	106.0547	18.277
58.2261	106.2924	20.064
58.6481	106.3167	24.242
59.0730	106.5483	30.922
59.5011	107.6768	38.983
59.9323	108.8212	41.982
60.3666	109.1675	43.029
60.8040	109.2014	45.338
61.2446	109.1774	50.014
61.6884	109.6881	58.521
62.1355	110.6155	64.196
62.5857	111.0690	66.153
63.0392	111.2116	67.871
63.4960	111.0275	72.531
63.9562	111.0143	80.576
64.4196	111.3365	86.483
64.8864	111.7447	90.712
65.3566	111.9961	93.708
65.8302	111.7026	96.921
66.3073	111.2888	101.446
66.7877	110.9114	109.913
67.2717	110.9521	117.315
67.7592	110.9884	120.308
68.2502	110.5523	121.342
68.7448	109.5277	122.157
69.2429	108.6295	124.565
69.7447	107.6227	128.957
70.2501	107.2980	131.321
70.7591	107.4161	129.970
71.2719	107.6556	122.946
71.7884	107.8301	115.183
72.3086	107.8792	111.444
72.8325	108.0786	113.209
73.3603	108.8616	119.578
73.8919	109.9764	125.395
74.4274	110.6420	128.558
74.9667	111.1091	131.445
75.5099	110.9561	135.003
76.0571	110.2407	141.313
76.6083	109.4724	149.895
77.1634	109.0164	157.090
77.7226	108.6434	157.828
78.2858	108.3932	152.175
78.8531	108.3138	144.288
79.4245	108.4628	139.310
80.0000	108.7751	141.475
80.5797	109.2772	148.731
81.1636	109.9916	158.029
81.7518	110.6674	166.434
82.3442	110.5783	169.786
82.9409	109.8021	170.050
83.5419	108.6832	168.354
84.1473	107.7652	166.301
84.7570	107.6819	166.619
85.3712	108.4980	170.760
85.9899	109.5968	175.789
86.6130	110.5464	-179.726
87.2406	110.4517	-177.591
87.8728	109.7605	-176.834
88.5096	108.8057	-176.751
89.1509	107.9159	-176.169
89.7970	108.1293	-172.012
90.4477	108.8687	-167.010
91.1031	109.6839	-162.597
91.7633	110.3118	-159.719
92.4282	110.2101	-159.803
93.0980	109.5867	-161.947
93.7726	109.0318	-162.862
94.4521	108.6087	-161.478
95.1366	108.3863	-156.010
95.8260	108.6429	-147.500
96.5204	109.1798	-140.582
97.2198	109.6735	-137.895
97.9243	110.0017	-139.008
98.6339	110.1605	-141.692
99.3486	110.0727	-143.489
100.0685	109.6491	-142.972
100.7937	108.9484	-139.820
101.5241	108.2514	-134.292
102.2598	107.9641	-127.403
103.0008	108.2660	-120.964
103.7472	108.9486	-116.259
104.4990	109.6777	-113.644
105.2562	110.2160	-112.974
106.0189	110.4959	-113.725
106.7872	110.5528	-115.230
107.5610	110.4048	-116.687
108.3404	110.0524	-117.265
109.1255	109.3517	-116.709
109.9163	108.4718	-113.769
110.7128	107.8441	-108.525
111.5151	107.4777	-101.645
112.3231	107.4531	-93.858
113.1371	107.9219	-85.644
113.9569	108.6385	-79.834
114.7827	109.2979	-76.442
115.6145	109.9355	-74.653
116.4523	110.5553	-74.282
117.2961	111.0610	-74.617
118.1461	111.3248	-75.111
119.0022	111.5001	-76.351
119.8646	111.6141	-77.837
120.7332	111.5550	-78.535
121.6080	111.4190	-79.543
122.4893	111.2157	-81.058
123.3769	110.8376	-81.879
124.2709	110.5193	-82.545
125.1714	109.9892	-83.554
126.0785	109.4521	-83.296
126.9921	108.9349	-84.279
127.9123	108.1346	-84.431
128.8392	107.5829	-84.191
129.7728	106.7648	-86.119
130.7132	105.8510	-85.452
131.6604	105.2985	-87.419
132.6145	104.1371	-90.680
133.5755	103.3692	-93.300
134.5434	102.8502	-101.360
135.5184	102.0270	-105.895
136.5004	102.6041	-113.381
137.4895	102.8229	-122.317
138.4858	103.3828	-122.869
139.4894	104.9721	-126.770
140.5002	105.7205	-126.905
141.5183	106.9769	-122.378
142.5438	107.9181	-121.065
143.5767	108.6095	-114.129
144.6171	109.7505	-108.057
145.6651	110.1172	-100.948
146.7206	110.8398	-91.329
147.7838	111.0594	-84.222
148.8547	111.0622	-74.300
149.9334	111.3022	-66.499
151.0199	110.8198	-58.574
152.1142	110.4698	-48.394
153.2165	109.8703	-43.598
154.3268	108.7421	-37.554
155.4451	108.2738	-36.705
156.5715	107.6076	-40.098
157.7061	108.2134	-38.287
158.8489	109.1902	-38.377
160.0000	109.6091	-32.058
161.1594	110.4376	-22.523
162.3273	110.5326	-15.436
163.5035	109.9874	-3.596
164.6884	109.5211	2.289
165.8818	108.3835	3.961
167.0838	108.2341	6.242
168.2946	109.0970	3.906
169.5141	109.5556	9.508
170.7425	110.2866	19.873
171.9797	110.0913	27.374
173.2260	109.0380	36.658
174.4812	108.8240	37.811
175.7456	108.7884	34.674
177.0191	109.5134	42.246
178.3019	110.3438	50.369
179.5939	109.5404	58.570
180.8953	108.8186	66.306
182.2062	109.0517	63.593
183.5265	109.3506	65.417
184.8564	109.9327	77.596
186.1960	109.7127	84.645
187.5452	108.4918	86.897
188.9043	109.0561	90.405
190.2731	110.1402	95.057
191.6519	109.2936	105.148
193.0407	108.9271	110.668
194.4396	109.6139	108.811
195.8486	109.6444	116.119
197.2678	109.3241	128.867
198.6972	109.3218	127.988
200.1371	109.4304	130.407
201.5874	109.4612	143.646
203.0482	109.4480	146.439
204.5195	109.3646	146.263
206.0016	109.3145	157.941
207.4943	109.5030	164.446
208.9979	109.5673	163.525
210.5124	109.2013	171.566
212.0379	109.3240	-178.817
213.5744	109.7932	-178.380
215.1220	109.2987	-173.285
216.6809	108.9371	-163.435
218.2510	109.7326	-158.509
219.8326	109.6897	-156.669
221.4256	108.9365	-150.632
223.0301	109.2476	-140.496
224.6463	109.8825	-136.371
226.2742	109.5518	-135.206
227.9138	108.8793	-127.303
229.5654	109.2689	-117.239
231.2289	109.9586	-113.976
232.9045	109.6489	-112.747
234.5922	108.8712	-105.999
236.2922	109.0298	-94.752
238.0045	109.8692	-89.616
239.7291	109.9673	-88.864
241.4663	109.2306	-85.093
243.2161	108.6905	-74.319
244.9785	109.3946	-64.448
246.7537	110.0978	-62.015
248.5418	109.8773	-61.679
250.3428	108.9635	-56.602
252.1569	108.5448	-44.725
253.9842	109.2841	-34.435
255.8246	110.1233	-30.901
257.6785	110.2681	-30.757
259.5457	109.6203	-29.028
261.4265	108.6488	-21.832
263.3209	108.2859	-9.218
265.2290	108.9635	2.089
267.1510	110.0371	7.435
269.0869	110.6363	8.587
271.0368	110.5011	8.384
273.0008	109.7639	9.833
274.9791	108.6219	15.654
276.9717	107.7173	27.516
278.9788	107.7318	42.445
281.0003	108.6627	54.334
283.0366	109.8050	61.327
285.0876	110.7271	64.521
287.1535	111.3384	65.893
289.2343	111.6149	66.415
291.3302	111.6033	66.190
293.4413	111.3160	66.168
295.5677	110.7852	66.604
297.7095	110.1042	68.049
299.8668	109.2634	69.951
302.0398	108.1592	71.735
304.2285	106.8639	73.639
306.4330	105.3516	75.160
308.6536	103.6179	75.162
310.8902	101.5257	71.142
313.1431	99.7704	60.179
315.4122	99.3952	44.901
317.6978	100.7596	32.830
320.0000	102.8733	29.313
322.3189	105.1793	33.000
324.6545	107.1251	41.723
327.0071	108.7347	54.070
329.3767	109.9920	68.396
331.7635	110.8904	84.686
334.1676	111.4340	101.934
336.5891	111.5424	119.878
339.0282	111.1483	138.243
341.4849	110.2606	154.254
343.9595	108.9095	165.813
346.4519	107.6333	169.720
348.9625	107.8781	169.241
351.4912	109.3376	176.215
354.0383	110.5037	-168.047
356.6038	110.6694	-148.738
359.1879	109.7275	-131.728
361.7907	108.3481	-123.849
364.4124	108.4770	-122.923
367.0530	109.8887	-113.011
369.7129	110.4185	-93.655
372.3920	109.3657	-76.539
375.0905	108.3654	-72.117
377.8085	109.5086	-66.745
380.5463	110.2889	-48.546
383.3039	109.2260	-32.276
386.0814	108.8017	-29.431
388.8792	110.0948	-17.196
391.6971	109.6686	1.871
394.5355	108.7227	7.693
397.3945	109.9442	18.084
400.2742	109.5516	36.711
403.1747	108.8736	42.077
406.0963	110.0176	54.850
409.0390	109.1448	71.316
412.0031	109.4931	76.595
414.9887	109.5888	95.249
417.9958	109.0628	101.212
421.0248	109.9176	116.760
424.0757	109.0250	127.512
427.1488	109.8864	140.388
430.2440	109.0246	152.253
433.3618	109.8361	164.235
436.5021	109.1009	176.195
439.6652	109.8436	-170.327
442.8512	109.1379	-159.904
446.0602	109.5790	-144.943
449.2926	109.4718	-136.368
452.5483	109.2980	-120.318
455.8277	109.6984	-109.248
459.1308	109.2090	-98.039
462.4579	109.4473	-83.141
465.8090	109.6682	-72.426
469.1845	109.2323	-59.647
472.5844	109.3964	-46.021
476.0089	109.6535	-34.104
479.4583	109.4183	-21.878
482.9326	109.3178	-8.572
486.4321	109.4784	4.282
489.9570	109.5707	17.401
493.5075	109.3945	29.438
497.0836	109.4571	42.069
500.6857	109.4663	55.983
504.3139	109.3673	68.566
507.9683	109.5105	81.119
511.6493	109.4655	94.992
515.3569	109.3871	106.961
519.0914	109.5447	120.556
522.8529	109.3531	133.768
526.6418	109.5006	146.133
530.4580	109.4524	160.559
534.3019	109.4017	172.418
538.1737	109.5469	-173.175
542.0735	109.3396	-160.852
546.0016	109.5805	-147.207
549.9582	109.3176	-133.670
553.9434	109.5853	-120.907
557.9575	109.3155	-106.676
562.0007	109.5980	-94.267
566.0732	109.2958	-79.836
570.1752	109.6319	-67.132
574.3069	109.2559	-53.393
578.4686	109.6424	-39.492
582.6604	109.2707	-27.085
586.8826	109.5725	-11.444
591.1354	109.4290	-0.612
595.4190	109.3387	16.151
599.7336	109.7028	27.630
604.0796	109.1833	41.355
608.4570	109.5892	57.473
612.8661	109.6081	67.591
617.3072	109.1070	83.457
621.7804	109.6789	98.876
626.2861	109.6462	108.562
630.8244	109.0318	124.143
635.3957	109.4886	141.568
640.0000	109.9336	151.989
644.6377	109.3582	163.093
649.3090	108.8889	-178.706
654.0142	109.5480	-161.562
658.7534	110.1088	-151.150
663.5270	109.7914	-141.857
668.3352	108.9372	-127.842
673.1783	108.5215	-108.181
678.0564	109.0969	-88.947
682.9699	109.9967	-74.870
687.9189	110.5940	-64.533
692.9039	110.7583	-55.460
697.9249	110.5334	-46.192
702.9824	110.0071	-36.281
708.0765	109.2871	-25.143
713.2075	108.4625	-12.908
718.3757	107.6106	0.135
723.5814	106.8026	13.368
728.8247	106.2167	26.324
734.1061	106.0279	39.262
739.4257	106.4093	53.008
744.7839	107.3645	69.705
750.1809	108.5495	90.877
755.6170	109.6589	116.482
761.0926	110.4076	145.947
766.6077	110.5207	177.158
772.1629	109.8579	-152.734
777.7583	108.8120	-128.985
783.3943	108.7311	-111.133
789.0711	109.7429	-87.326
794.7890	110.0452	-55.861
800.5484	109.1689	-28.383
806.3495	109.0632	-9.177
812.1926	109.9165	18.003
818.0781	109.3884	47.908
824.0062	109.2334	68.600
829.9773	109.8305	97.659
835.9917	109.1231	123.495
842.0496	109.7367	147.904
848.1515	109.2778	176.755
854.2975	109.6343	-159.686
860.4881	109.2896	-130.798
866.7236	109.6583	-106.096
873.0042	109.2613	-78.804
879.3303	109.6309	-51.826
885.7023	109.4194	-26.502
892.1205	109.3828	2.078
898.5852	109.5821	28.221
905.0967	109.4617	54.567
911.6554	109.3798	82.435
918.2616	109.4722	110.035
924.9157	109.5363	136.870
931.6180	109.4922	164.027
938.3689	109.4589	-168.573
945.1687	109.4556	-140.879
952.0178	109.4561	-113.091
958.9165	109.4473	-85.398
965.8652	109.4681	-57.780
972.8643	109.4863	-29.823
979.9141	109.4832	-1.749
987.0149	109.4896	26.268
994.1672	109.4819	54.564
1001.3714	109.4511	82.870
1008.6277	109.4343	111.005
1015.9367	109.4770	139.223
1023.2986	109.5108	167.929
1030.7138	109.4651	-163.347
1038.1828	109.4436	-135.097
1045.7059	109.5155	-106.116
1053.2835	109.4329	-77.150
1060.9160	109.4908	-48.754
1068.6039	109.4734	-19.117
1076.3474	109.4801	9.382
1084.1471	109.4502	38.942
1092.0032	109.5173	67.965
1099.9164	109.4469	97.335
1107.8868	109.4665	126.888
1115.9150	109.5063	156.260
1124.0014	109.4615	-174.190
1132.1464	109.4693	-144.615
1140.3504	109.4716	-114.700
1148.6138	109.4706	-85.064
1156.9371	109.4798	-55.086
1165.3208	109.4674	-25.292
1173.7652	109.4858	4.936
1182.2708	109.4650	34.883
1190.8380	109.4778	65.280
1199.4673	109.4723	95.326
1208.1591	109.4640	125.926
1216.9139	109.4898	156.207
1225.7322	109.4562	-173.318
1234.6144	109.4772	-142.602
1243.5609	109.4849	-112.125
1252.5722	109.4630	-81.407
1261.6489	109.4642	-50.448
1270.7913	109.4838	-19.651
1280.0000	109.4815	11.143
1289.2754	109.4638	42.175
1298.6180	109.4605	73.334
1308.0284	109.4727	104.589
1317.5069	109.4756	135.778
1327.0541	109.4840	167.051
1336.6704	109.4790	-161.639
1346.3565	109.4757	-130.168
1356.1128	109.4731	-98.689
1365.9397	109.4744	-67.133
1375.8379	109.4663	-35.472
1385.8078	109.4591	-3.792
1395.8499	109.4568	27.922
1405.9648	109.4592	59.660
1416.1530	109.4765	91.446
1426.4150	109.5027	123.507
1436.7514	109.4851	155.844
1447.1627	109.4222	-172.193
1457.6495	109.4481	-140.626
1468.2122	109.5360	-107.965
1478.8515	109.4113	-75.309
1489.5678	109.4554	-44.090
1500.3618	109.5413	-10.519
1511.2341	109.3510	20.869
1522.1851	109.6063	54.149
1533.2155	109.3060	85.749
1544.3258	109.6082	119.800
1555.5166	109.4042	149.955
1566.7885	109.3238	-174.180
1578.1421	109.7777	-143.123
1589.5780	109.3204	-112.672
1601.0967	109.0507	-75.974
1612.6989	109.6721	-41.316
1624.3852	110.1019	-11.831
1636.1562	109.8901	16.766
1648.0125	109.1890	47.466
1659.9546	108.3047	81.691
1671.9833	107.5423	119.537
1684.0992	107.1268	160.571
1696.3029	107.2068	-155.311
1708.5950	107.8086	-107.500
1720.9762	108.7752	-54.645
1733.4471	109.6773	3.571
1746.0084	109.9780	65.718
1758.6607	109.4465	126.247
1771.4046	109.0657	-179.579
1784.2410	109.6231	-122.431
1797.1703	109.4043	-61.250
1810.1934	109.3643	-5.642
1823.3108	109.4803	55.024
1836.5232	109.4047	112.366
1849.8314	109.3753	172.808
1863.2361	109.4855	-128.629
1876.7379	109.3883	-69.341
1890.3375	109.3847	-9.298
1904.0356	109.4164	50.623
1917.8331	109.4292	110.545
1931.7305	109.4130	170.579
1945.7286	109.4024	-128.828
1959.8281	109.4084	-68.165
1974.0299	109.4056	-7.387
1988.3345	109.4181	53.864
2002.7428	109.4349	115.366
2017.2555	109.4060	176.941
2031.8733	109.3992	-121.587
2046.5971	109.4319	-59.539
2061.4276	109.3854	2.546
2076.3656	109.4261	64.970
2091.4118	109.4015	127.412
2106.5670	109.3999	-169.673
2121.8321	109.4229	-106.862
2137.2077	109.4063	-43.702
2152.6948	109.4042	19.678
2168.2941	109.4081	83.283
2184.0065	109.4063	147.009
2199.8327	109.4077	-149.001
2215.7736	109.3992	-84.901
2231.8300	109.3978	-20.517
2248.0028	109.4117	43.927
2264.2927	109.3973	108.847
2280.7007	109.4067	173.712
2297.2276	109.4050	-121.073
2313.8743	109.4021	-55.754
2330.6416	109.4045	9.893
2347.5304	109.4016	75.597
2364.5415	109.3984	141.541
2381.6760	109.4016	-152.262
2398.9346	109.4045	-85.951
2416.3182	109.4058	-19.426
2433.8279	109.4063	47.327
2451.4644	109.4049	114.261
2469.2287	109.3991	-178.692
2487.1218	109.4059	-111.320
2505.1445	109.3960	-43.887
2523.2978	109.4036	23.799
2541.5826	109.4037	91.640
2560.0000	109.4054	159.633
2578.5508	109.4081	-132.091
2597.2361	109.4030	-63.607
2616.0567	109.4004	4.973
2635.0137	109.4068	73.771
2654.1081	109.4081	142.819
2673.3409	109.3961	-148.064
2692.7130	109.4178	-78.671
2712.2255	109.3964	-9.171
2731.8794	109.4160	60.565
2751.6758	109.3992	130.440
2771.6155	109.4081	-159.353
2791.6998	109.4184	-89.213
2811.9296	109.4055	-18.812
2832.3060	109.4075	51.920
2852.8301	109.4118	122.701
2873.5028	109.4124	-166.377
2894.3254	109.4139	-95.265
2915.2989	109.4122	-23.959
2936.4244	109.4102	47.462
2957.7029	109.4129	119.081
2979.1356	109.4176	-169.153
3000.7237	109.4339	-97.105
3022.4682	109.4167	-24.906
3044.3702	109.4030	47.232
3066.4310	109.4425	119.763
3088.6516	109.3997	-167.584
3111.0332	109.4478	-94.906
3133.5771	109.3994	-21.999
3156.2843	109.4332	51.289
3179.1560	109.4419	124.284
3202.1935	109.4133	-162.328
3225.3979	109.4109	-88.670
3248.7705	109.4229	-14.995
3272.3124	109.4286	58.821
3296.0249	109.4364	132.775
3319.9093	109.4465	-153.091
3343.9667	109.4420	-78.621
3368.1985	109.3879	-4.344
3392.6058	109.4513	69.743
3417.1900	109.4449	145.271
3441.9524	109.4178	-140.863
3466.8942	109.4146	-64.903
3492.0167	109.5134	9.346
3517.3213	109.4029	84.319
3542.8093	109.3672	160.091
3568.4820	109.3975	-124.352
3594.3406	109.4206	-48.939
3620.3867	109.4863	26.590
3646.6215	109.5610	103.125
3673.0465	109.3074	-179.979
3699.6629	109.2553	-107.937
3726.4721	109.8961	-26.863
3753.4757	108.8622	42.348
3780.6749	109.5317	131.421
3808.0713	110.9955	-163.230
3835.6661	109.6931	-100.334
3863.4609	106.7355	-29.298
3891.4572	103.2546	47.058
3919.6563	102.1372	120.763
3948.0597	105.7739	-142.724
3976.6690	109.4902	-11.973
4005.4856	110.4547	135.090
4034.5110	108.5306	-90.959
4063.7467	109.7099	37.512
4093.1943	108.9952	173.003
4122.8552	109.3299	-51.876
4152.7312	109.3055	81.857
4182.8236	109.2205	-142.852
4213.1340	109.2055	-7.293
4243.6641	109.3063	128.334
4274.4155	109.4006	-93.954
4305.3896	109.1974	43.154
4336.5883	109.3704	-179.376
4368.0130	109.2804	-41.689
4399.6654	109.2929	97.157
4431.5472	109.3159	-123.934
4463.6600	109.3356	15.478
4496.0055	109.3352	155.818
4528.5854	109.2667	-63.780
4561.4014	109.3348	76.845
4594.4552	109.2830	-141.442
4627.7485	109.3190	0.516
4661.2831	109.3082	142.796
4695.0607	109.3002	-74.331
4729.0830	109.3161	68.953
4763.3519	109.3432	-147.097
4797.8691	109.3029	-2.968
4832.6365	109.3318	141.827
4867.6558	109.3290	-72.923
4902.9288	109.3322	72.707
4938.4574	109.3268	-141.082
4974.2435	109.3205	5.523
5010.2890	109.3554	152.449
5046.5956	109.3320	-59.957
5083.1653	109.3483	88.131
5120.0000	109.3482	-123.434
5157.1016	109.3465	25.544
5194.4721	109.3616	174.919
5232.1134	109.3684	-35.137
5270.0275	109.3672	115.088
5308.2162	109.3688	-93.988
5346.6818	109.3781	57.267
5385.4260	109.3858	-151.056
5424.4510	109.3846	1.158
5463.7589	109.3928	153.749
5503.3515	109.3921	-53.027
5543.2311	109.4012	100.568
5583.3996	109.4110	-105.500
5623.8592	109.4133	49.023
5664.6120	109.4131	-156.108
5705.6601	109.4210	-0.720
5747.0057	109.4257	154.986
5788.6509	109.4303	-48.752
5830.5978	109.4426	108.071
5872.8487	109.4366	-94.886
5915.4058	109.4481	62.661
5958.2713	109.4517	-139.352
6001.4474	109.4560	19.074
6044.9363	109.4619	178.049
6088.7404	109.4623	-22.712
6132.8620	109.4687	137.051
6177.3032	109.4704	-62.787
6222.0665	109.4732	97.792
6267.1541	109.4775	-101.241
6312.5685	109.4800	60.189
6358.3120	109.4801	-137.954
6404.3869	109.4817	24.316
6450.7958	109.4848	-173.052
6497.5409	109.4854	-9.960
6544.6248	109.4847	153.496
6592.0498	109.4854	-42.608
6639.8185	109.4832	121.658
6687.9334	109.4834	-73.628
6736.3969	109.4842	91.447
6785.2116	109.4838	-103.063
6834.3801	109.4821	62.793
6883.9048	109.4779	-130.980
6933.7884	109.4775	35.620
6984.0335	109.4742	-157.362
7034.6427	109.4732	10.017
7085.6186	109.4711	177.754
7136.9639	109.4677	-14.134
7188.6813	109.4600	154.344
7240.7734	109.4629	-36.844
7293.2431	109.4600	132.417
7346.0929	109.4543	-58.072
7399.3257	109.4507	111.861
7452.9443	109.4504	-77.899
7506.9514	109.4476	92.674
7561.3499	109.4480	-96.375
7616.1425	109.4365	74.951
7671.3322	109.4398	-113.531
7726.9219	109.4295	58.479
7782.9143	109.4299	-129.260
7839.3125	109.4310	43.301
7896.1194	109.4341	-143.777
7953.3380	109.4141	29.459
8010.9711	109.4287	-157.102
8069.0219	109.4150	16.667
8127.4934	109.4164	-169.142
8186.3886	109.4121	5.316
8245.7105	109.3904	179.917
8305.4623	109.4275	-4.950
8365.6471	109.4058	170.057
8426.2680	109.3965	-14.283
8487.3283	109.3834	161.756
8548.8309	109.3426	-22.620
8610.7793	109.4079	154.426
8673.1765	109.4420	-29.621
8736.0260	109.3849	147.578
8799.3308	109.1391	-35.774
8863.0944	109.9421	140.993
8927.3200	108.0230	-48.549
8992.0111	104.7073	156.317
9057.1709	104.5492	44.446
9122.8029	107.2135	-31.767
9188.9105	109.0021	-81.841
9255.4971	108.4133	-132.683
9322.5662	108.5606	173.251
9390.1214	108.4989	121.387
9458.1661	108.6185	71.480
9526.7039	108.5218	22.413
9595.7383	108.5501	-26.131
9665.2730	108.5405	-73.348
9735.3115	108.5960	-119.155
9805.8576	108.5714	-164.065
9876.9149	108.5909	151.971
9948.4871	108.6132	109.273
10020.5779	108.6114	67.644
10093.1912	108.6184	26.940
10166.3306	108.6174	-12.278
10240.0000	108.6371	-50.528
10314.2033	108.6634	-87.690
10388.9442	108.6674	-123.822
10464.2268	108.6864	-158.845
10540.0549	108.7062	167.333
10616.4325	108.7189	134.557
10693.3635	108.7305	102.887
10770.8521	108.7606	72.344
10848.9021	108.7717	42.912
10927.5177	108.7833	14.719
11006.7030	108.8059	-12.448
11086.4621	108.8275	-38.649
11166.7992	108.8373	-63.611
11247.7184	108.8598	-87.554
11329.2240	108.8740	-110.396
11411.3202	108.8903	-132.000
11494.0114	108.9089	-152.762
11577.3017	108.9178	-172.291
11661.1956	108.9303	169.344
11745.6975	108.9482	151.847
11830.8116	108.9579	135.402
11916.5426	108.9742	120.125
12002.8947	108.9847	106.002
12089.8727	108.9977	92.879
12177.4809	109.0131	80.777
12265.7239	109.0264	69.792
12354.6064	109.0379	59.986
12444.1330	109.0496	51.101
12534.3083	109.0703	43.231
12625.1370	109.0813	36.491
12716.6240	109.0940	30.835
12808.7739	109.1152	26.170
12901.5916	109.1232	22.562
12995.0818	109.1457	20.053
13089.2495	109.1628	18.508
13184.0996	109.1774	18.017
13279.6370	109.1920	18.601
13375.8668	109.2051	20.238
13472.7938	109.2218	22.816
13570.4232	109.2343	26.443
13668.7601	109.2502	31.103
13767.8096	109.2571	36.780
13867.5768	109.2698	43.468
13968.0670	109.2795	51.147
14069.2853	109.2862	59.835
14171.2372	109.2924	69.425
14273.9278	109.2971	80.077
14377.3626	109.3026	91.680
14481.5469	109.3071	104.261
14586.4861	109.3097	117.793
14692.1858	109.3164	132.292
14798.6515	109.3178	147.764
14905.8886	109.3212	164.179
15013.9028	109.3284	-178.466
15122.6997	109.3341	-160.194
15232.2851	109.3426	-140.991
15342.6645	109.3451	-120.826
15453.8437	109.3539	-99.779
15565.8287	109.3628	-77.794
15678.6251	109.3700	-54.891
15792.2389	109.3758	-31.072
15906.6759	109.3827	-6.353
16021.9423	109.3864	19.249
16138.0439	109.3920	45.756
16254.9868	109.3955	73.107
16372.7771	109.3956	101.341
16491.4210	109.3971	130.407
16610.9246	109.3958	160.334
16731.2942	109.3949	-168.886
16852.5361	109.3899	-137.324
16974.6565	109.3887	-104.927
17097.6619	109.3841	-71.725
17221.5586	109.3781	-37.736
17346.3531	109.3714	-2.962
17472.0519	109.3689	32.631
17598.6616	109.3641	68.999
17726.1888	109.3593	106.101
17854.6400	109.3522	143.937
17984.0221	109.3462	-177.395
18114.3418	109.3396	-138.049
18245.6057	109.3357	-97.936
18377.8209	109.3233	-57.093
18510.9942	109.3122	-15.581
18645.1325	109.2946	26.709
18780.2428	109.2744	69.615
18916.3322	109.2562	113.177
19053.4077	109.2294	157.466
19191.4766	109.2005	-157.597
19330.5459	109.1663	-112.109
19470.6230	109.1318	-65.958
19611.7152	109.0973	-19.156
19753.8298	109.0554	28.224
19896.9742	109.0130	76.122
