* Helix DSP Ultra S, output layer - LR 24 dB/oct high-pass at 500 Hz, alone.
* ELECTRICAL loop, no microphone: Scarlett 2i2 out L -> Helix line in,
* Helix line out -> Scarlett in 1; out R -> in 2 direct as the timing
* reference, timing offset 0. Everything else in the channel off; no gain,
* level or routing changed within a set, so the ratio to the set's reference
* is the filter alone.
* REW V5.40 beta 134 measurement #78 'n1_lr24_500_hp', 2026-Sep-02 11:09:17, 512k sweep, 1 average, 96 kHz,
* 20 Hz - 20 kHz, loopback timing reference. SNR 48.7 dB, delay -9.0182 ms.
* Levels are REW's electrical dB (splOffset 120.00); only ratios within a set carry meaning.
* frequency_Hz<TAB>dB<TAB>phase_deg - REW's UNSMOOTHED raw spectrum (linear bins) resampled to 1/96 octave by complex averaging within each cell,
* with the measurement's own delay removed before averaging and restored after, so the cell average carries no rotation loss.
20.0000	51.1362	-13.005
20.1449	51.1362	-12.535
20.2909	51.0496	-10.557
20.4379	50.9343	-7.864
20.5860	50.9092	-6.716
20.7352	50.8647	-4.957
20.8855	50.8272	-3.279
21.0368	50.8123	-2.211
21.1893	50.7949	-0.999
21.3428	50.7718	-0.913
21.4975	50.7380	-1.033
21.6532	50.7148	-0.965
21.8102	50.5484	-2.710
21.9682	50.4244	-4.040
22.1274	50.1591	-5.783
22.2877	49.8103	-8.550
22.4492	49.5366	-9.390
22.6119	49.1295	-11.024
22.7758	48.8949	-11.817
22.9408	48.2827	-12.246
23.1071	47.9285	-12.299
23.2745	47.6703	-10.328
23.4432	47.4634	-8.582
23.6130	47.6706	-6.338
23.7841	47.8965	-4.047
23.9565	48.2987	-3.428
24.1301	48.8273	-2.789
24.3049	49.1214	-3.409
24.4811	49.6069	-4.682
24.6585	49.7187	-5.398
24.8372	49.9480	-7.274
25.0171	49.9438	-7.359
25.1984	49.9389	-8.227
25.3810	49.9383	-7.511
25.5649	49.9372	-6.637
25.7502	50.0462	-5.645
25.9368	50.2783	-4.229
26.1247	50.4854	-3.851
26.3141	50.8750	-3.657
26.5047	51.0532	-4.199
26.6968	51.3469	-5.392
26.8903	51.3843	-6.268
27.0851	51.4426	-7.607
27.2814	51.3274	-7.630
27.4791	51.2110	-7.671
27.6782	51.1192	-5.722
27.8788	51.0554	-4.117
28.0808	51.3254	-0.851
28.2843	51.4550	0.979
28.4892	52.2931	2.744
28.6957	52.5512	2.399
28.9036	52.9984	1.408
29.1131	53.0828	-0.153
29.3240	53.1795	-1.667
29.5365	52.9222	-2.990
29.7506	52.7886	-3.399
29.9661	52.1656	-1.674
30.1833	52.1022	1.120
30.4020	52.0338	4.737
30.6223	52.4578	7.775
30.8442	52.7133	9.808
31.0677	53.5764	8.934
31.2929	53.7370	7.095
31.5196	53.9499	4.844
31.7480	53.5557	-0.812
31.9781	53.2049	-1.136
32.2098	52.4314	-2.944
32.4432	51.6706	-0.644
32.6783	51.1113	1.352
32.9151	50.7692	10.037
33.1536	51.2688	12.938
33.3939	51.6928	15.395
33.6359	52.8061	12.249
33.8796	53.1073	8.717
34.1251	53.4222	5.727
34.3724	53.4031	-1.428
34.6215	53.1283	-2.711
34.8723	52.8979	-3.778
35.1250	52.4221	-0.336
35.3796	52.5883	4.805
35.6359	52.7170	8.291
35.8942	53.7180	14.028
36.1543	54.6288	15.632
36.4163	54.7851	15.969
36.6802	54.9794	16.203
36.9460	54.7686	16.737
37.2137	54.5007	18.813
37.4834	54.3338	20.469
37.7550	54.1318	24.513
38.0286	54.2830	26.501
38.3041	54.4055	25.799
38.5817	54.4910	25.648
38.8613	54.4642	21.347
39.1429	54.1346	17.182
39.4265	53.6756	15.987
39.7122	53.5983	17.812
40.0000	53.5029	19.903
40.2899	53.9600	24.625
40.5818	54.8053	27.239
40.8759	55.4713	26.797
41.1721	55.5252	26.461
41.4704	55.6034	25.724
41.7710	55.1270	24.119
42.0736	54.2195	24.944
42.3785	53.3642	29.190
42.6856	53.2363	32.716
42.9949	53.1472	35.748
43.3065	53.6408	38.359
43.6203	54.4036	36.460
43.9364	55.0625	31.598
44.2548	55.4504	25.964
44.5755	55.5162	21.337
44.8985	55.2906	18.921
45.2238	55.0994	19.691
45.5515	54.8979	20.445
45.8816	54.5572	23.578
46.2141	54.4619	27.949
46.5490	54.6208	31.549
46.8863	54.8543	33.240
47.2261	54.9677	33.328
47.5683	54.8734	33.034
47.9130	54.6149	33.806
48.2602	54.3576	36.549
48.6099	54.2958	40.839
48.9621	54.4506	45.152
49.3169	54.6235	48.436
49.6743	54.6084	51.173
50.0343	54.4202	54.711
50.3968	54.3585	59.673
50.7620	54.7792	64.289
51.1299	55.6546	65.492
51.5004	56.6138	62.227
51.8736	57.3193	55.803
52.2495	57.5752	48.306
52.6281	57.2611	41.877
53.0095	56.3287	38.892
53.3936	54.9526	42.261
53.7805	53.8625	53.760
54.1702	53.9670	68.145
54.5628	54.8360	76.981
54.9581	55.4727	79.347
55.3564	55.4740	77.826
55.7575	54.8370	74.396
56.1616	53.7382	70.179
56.5685	51.9902	62.921
56.9785	50.9862	54.993
57.3914	50.9338	50.534
57.8072	50.9797	47.603
58.2261	50.8154	48.128
58.6481	50.4800	54.543
59.0730	50.6248	67.415
59.5011	52.7632	83.902
59.9323	54.9994	87.485
60.3666	55.7233	84.931
60.8040	55.7539	81.090
61.2446	55.2211	77.809
61.6884	54.0707	76.761
62.1355	53.6085	79.712
62.5857	54.0066	81.344
63.0392	54.5608	81.178
63.4960	55.0830	80.130
63.9562	55.3006	82.352
64.4196	55.4759	86.368
64.8864	55.7052	90.041
65.3566	55.6025	91.725
65.8302	54.4852	91.656
66.3073	52.9420	93.725
66.7877	50.5394	104.199
67.2717	50.1453	116.820
67.7592	51.1003	115.881
68.2502	52.4225	101.080
68.7448	53.1241	84.098
69.2429	52.7770	76.426
69.7447	51.1839	78.434
70.2501	50.7825	98.687
70.7591	52.3762	109.785
71.2719	54.2198	109.924
71.7884	54.3648	104.734
72.3086	52.9162	105.370
72.8325	52.0672	115.941
73.3603	53.4615	120.396
73.8919	54.6690	113.288
74.4274	54.6669	105.959
74.9667	53.2447	99.456
75.5099	51.2321	108.526
76.0571	52.4699	129.009
76.6083	54.8522	133.964
77.1634	55.6488	130.266
77.7226	54.8586	130.721
78.2858	54.3178	138.274
78.8531	54.4192	141.796
79.4245	54.0561	140.177
80.0000	53.0965	140.216
80.5797	52.9023	144.326
81.1636	54.1092	143.770
81.7518	54.9923	135.812
82.3442	54.3257	134.771
82.9409	53.5141	147.585
83.5419	54.2217	163.694
84.1473	55.2963	170.909
84.7570	55.6413	173.730
85.3712	55.4691	173.533
85.9899	55.0043	168.552
86.6130	53.9266	160.517
87.2406	53.6527	164.215
87.8728	54.8168	170.802
88.5096	55.9004	173.887
89.1509	56.2020	178.572
89.7970	56.0828	-177.205
90.4477	55.4580	179.425
91.1031	53.3199	171.273
91.7633	49.1801	175.821
92.4282	51.8304	-160.436
93.0980	55.3912	-167.842
93.7726	55.5584	-175.353
94.4521	53.4554	-172.214
95.1366	52.1038	-145.767
95.8260	54.4884	-140.594
96.5204	55.6932	-153.740
97.2198	55.9258	-158.831
97.9243	56.7174	-149.152
98.6339	57.9037	-140.650
99.3486	57.3317	-134.256
100.0685	55.7038	-118.634
100.7937	55.6776	-105.650
101.5241	55.4644	-110.629
102.2598	54.0027	-118.969
103.0008	52.8985	-114.237
103.7472	53.8508	-105.716
104.4990	54.8400	-104.445
105.2562	55.0741	-103.254
106.0189	55.3182	-97.049
106.7872	56.3084	-86.877
107.5610	57.7114	-79.893
108.3404	58.1429	-78.418
109.1255	56.5820	-78.730
109.9163	54.0972	-78.360
110.7128	52.9057	-74.779
111.5151	54.0715	-66.002
112.3231	56.4393	-62.137
113.1371	57.8917	-60.232
113.9569	58.5645	-57.029
114.7827	58.5636	-58.345
115.6145	57.8917	-56.744
116.4523	58.4764	-49.331
117.2961	59.1835	-49.358
118.1461	58.7660	-46.326
119.0022	58.8002	-42.164
119.8646	58.2626	-39.539
120.7332	58.4879	-28.716
121.6080	59.8508	-26.385
122.4893	59.4924	-25.577
123.3769	60.1924	-17.045
124.2709	61.4679	-18.443
125.1714	61.6581	-19.781
126.0785	61.3895	-18.004
126.9921	60.9553	-8.680
127.9123	62.2371	-0.547
128.8392	63.0145	-3.605
129.7728	62.6702	-4.126
130.7132	62.1068	-2.775
131.6604	61.3435	-0.264
132.6145	61.5448	4.238
133.5755	62.4666	7.700
134.5434	63.1913	10.940
135.5184	63.0508	16.798
136.5004	63.7634	27.425
137.4895	64.2902	28.032
138.4858	64.0028	32.784
139.4894	64.4433	37.958
140.5002	64.4814	45.711
141.5183	65.5854	49.840
142.5438	65.4251	45.120
143.5767	64.7125	48.627
144.6171	65.4707	52.479
145.6651	66.3257	57.524
146.7206	67.1166	59.214
147.7838	66.9662	63.233
148.8547	67.3092	67.977
149.9334	67.2798	70.229
151.0199	67.2043	76.692
152.1142	67.7934	79.944
153.2165	67.9719	80.489
154.3268	68.2991	83.896
155.4451	68.5428	85.260
156.5715	68.3617	91.183
157.7061	68.9877	95.534
158.8489	69.4321	96.695
160.0000	69.7290	98.455
161.1594	69.9153	103.649
162.3273	70.4702	110.367
163.5035	70.6221	114.276
164.6884	70.6163	116.531
165.8818	70.7431	117.865
167.0838	71.2575	122.944
168.2946	71.7044	128.315
169.5141	71.4881	133.358
170.7425	71.4195	136.407
171.9797	71.9515	139.073
173.2260	72.4596	144.659
174.4812	72.9649	148.772
175.7456	72.8894	150.844
177.0191	73.6008	154.304
178.3019	73.5319	157.846
179.5939	73.8634	163.736
180.8953	73.9023	165.630
182.2062	74.0784	168.731
183.5265	73.4763	175.300
184.8564	74.5142	-179.517
186.1960	75.0800	-177.895
187.5452	75.6440	-173.025
188.9043	75.6316	-167.687
190.2731	75.8684	-164.768
191.6519	76.1263	-160.772
193.0407	76.4155	-157.133
194.4396	76.7885	-152.490
195.8486	76.9951	-149.302
197.2678	77.0568	-143.379
198.6972	77.4099	-141.209
200.1371	77.3864	-136.095
201.5874	77.7800	-131.081
203.0482	77.9676	-126.884
204.5195	78.2999	-123.267
206.0016	78.7967	-117.278
207.4943	78.7784	-111.985
208.9979	78.9660	-108.548
210.5124	79.3784	-106.185
212.0379	79.5579	-100.510
213.5744	79.7437	-96.270
215.1220	80.0255	-92.219
216.6809	80.2948	-86.227
218.2510	80.3322	-81.465
219.8326	80.6622	-78.440
221.4256	81.1058	-72.633
223.0301	81.3221	-68.088
224.6463	81.5505	-64.559
226.2742	81.9061	-60.921
227.9138	81.8679	-53.898
229.5654	82.2570	-50.555
231.2289	82.5233	-44.290
232.9045	82.5987	-39.235
234.5922	82.8884	-35.143
236.2922	83.2681	-30.111
238.0045	83.2936	-24.734
239.7291	83.6923	-19.976
241.4663	83.9029	-15.806
243.2161	84.1410	-10.223
244.9785	84.3293	-5.250
246.7537	84.6018	-0.508
248.5418	84.8980	5.040
250.3428	85.1655	10.265
252.1569	85.4007	14.652
253.9842	85.5190	20.297
255.8246	85.7207	26.480
257.6785	85.9558	31.098
259.5457	86.2467	36.741
261.4265	86.5241	42.957
263.3209	86.6887	47.885
265.2290	87.1755	52.574
267.1510	87.7276	61.799
269.0869	87.8642	63.855
271.0368	87.4491	68.829
273.0008	87.8251	75.775
274.9791	87.9047	81.061
276.9717	88.3450	86.958
278.9788	88.5173	92.423
281.0003	88.7526	98.484
283.0366	89.0508	104.452
285.0876	89.2505	109.986
287.1535	89.3542	115.792
289.2343	89.6516	121.612
291.3302	89.8318	127.788
293.4413	90.1250	134.101
295.5677	90.3939	139.934
297.7095	90.5499	145.913
299.8668	90.7156	152.511
302.0398	90.9668	158.431
304.2285	91.2059	164.511
306.4330	91.3828	170.860
308.6536	91.6790	177.262
310.8902	91.9031	-176.069
313.1431	92.0884	-169.946
315.4122	92.2962	-163.459
317.6978	92.5250	-156.981
320.0000	92.7362	-150.255
322.3189	92.9177	-143.707
324.6545	93.1600	-136.978
327.0071	93.3568	-130.414
329.3767	93.5840	-123.635
331.7635	93.7738	-116.665
334.1676	93.9707	-109.975
336.5891	94.1592	-103.125
339.0282	94.3685	-96.141
341.4849	94.6039	-88.941
343.9595	94.8100	-81.839
346.4519	95.0055	-74.845
348.9625	95.1883	-67.757
351.4912	95.3960	-60.678
354.0383	95.6115	-53.334
356.6038	95.8156	-45.904
359.1879	96.0201	-38.544
361.7907	96.2005	-31.185
364.4124	96.3696	-23.678
367.0530	96.5640	-15.958
369.7129	96.7617	-8.546
372.3920	96.9720	-0.826
375.0905	97.1426	6.769
377.8085	97.3296	14.631
380.5463	97.5233	22.356
383.3039	97.6959	30.249
386.0814	97.9032	38.198
388.8792	98.0680	46.192
391.6971	98.2554	54.341
394.5355	98.4336	62.375
397.3945	98.6043	70.547
400.2742	98.7809	78.866
403.1747	98.9527	87.218
406.0963	99.1288	95.519
409.0390	99.2932	104.033
412.0031	99.4847	112.447
414.9887	99.6652	120.978
417.9958	99.8244	129.614
421.0248	99.9906	138.368
424.0757	100.1566	147.113
427.1488	100.3190	155.875
430.2440	100.4687	164.793
433.3618	100.6345	173.805
436.5021	100.7868	-177.102
439.6652	100.9522	-167.976
442.8512	101.1032	-158.874
446.0602	101.2645	-149.588
449.2926	101.4003	-140.296
452.5483	101.5642	-130.885
455.8277	101.7136	-121.393
459.1308	101.8443	-111.855
462.4579	102.0041	-102.300
465.8090	102.1447	-92.522
469.1845	102.2771	-82.793
472.5844	102.4165	-72.953
476.0089	102.5677	-63.001
479.4583	102.6785	-52.940
482.9326	102.8230	-42.838
486.4321	102.9591	-32.738
489.9570	103.0940	-22.446
493.5075	103.2165	-12.110
497.0836	103.3440	-1.699
500.6857	103.4653	8.817
504.3139	103.5969	19.363
507.9683	103.7182	30.062
511.6493	103.8358	40.840
515.3569	103.9538	51.692
519.0914	104.0678	62.658
522.8529	104.1835	73.735
526.6418	104.2912	84.774
530.4580	104.3994	95.976
534.3019	104.4951	107.334
538.1737	104.6177	118.658
542.0735	104.7262	130.181
546.0016	104.8290	141.713
549.9582	104.9336	153.353
553.9434	105.0317	165.109
557.9575	105.1327	176.996
562.0007	105.2306	-171.058
566.0732	105.3247	-159.008
570.1752	105.4178	-146.862
574.3069	105.5060	-134.559
578.4686	105.5950	-122.190
582.6604	105.6872	-109.732
586.8826	105.7699	-97.187
591.1354	105.8619	-84.569
595.4190	105.9429	-71.764
599.7336	106.0236	-58.863
604.0796	106.1058	-45.897
608.4570	106.1789	-32.850
612.8661	106.2618	-19.639
617.3072	106.3348	-6.307
621.7804	106.4088	7.058
626.2861	106.4834	20.539
630.8244	106.5551	34.238
635.3957	106.6239	47.953
640.0000	106.6887	61.844
644.6377	106.7601	75.836
649.3090	106.8251	89.865
654.0142	106.8839	104.079
658.7534	106.9539	118.364
663.5270	107.0139	132.803
668.3352	107.0724	147.399
673.1783	107.1273	162.066
678.0564	107.1845	176.828
682.9699	107.2468	-168.272
687.9189	107.3038	-153.225
692.9039	107.3574	-138.079
697.9249	107.4060	-122.817
702.9824	107.4597	-107.428
708.0765	107.5111	-91.885
713.2075	107.5624	-76.208
718.3757	107.6066	-60.434
723.5814	107.6542	-44.542
728.8247	107.7022	-28.531
734.1061	107.7486	-12.350
739.4257	107.7868	3.977
744.7839	107.8334	20.368
750.1809	107.8734	36.960
755.6170	107.9089	53.681
761.0926	107.9532	70.501
766.6077	107.9895	87.486
772.1629	108.0317	104.534
777.7583	108.0682	121.758
783.3943	108.1045	139.167
789.0711	108.1420	156.681
794.7890	108.1779	174.302
800.5484	108.2060	-167.828
806.3495	108.2378	-149.915
812.1926	108.2694	-131.781
818.0781	108.3038	-113.592
824.0062	108.3339	-95.254
829.9773	108.3650	-76.723
835.9917	108.3937	-58.079
842.0496	108.4192	-39.239
848.1515	108.4507	-20.292
854.2975	108.4773	-1.166
860.4881	108.5028	18.080
866.7236	108.5283	37.509
873.0042	108.5519	57.094
879.3303	108.5737	76.820
885.7023	108.6011	96.709
892.1205	108.6204	116.731
898.5852	108.6417	136.954
905.0967	108.6682	157.298
911.6554	108.6884	177.811
918.2616	108.7119	-161.522
924.9157	108.7326	-140.682
931.6180	108.7500	-119.685
938.3689	108.7689	-98.531
945.1687	108.7892	-77.207
952.0178	108.8045	-55.736
958.9165	108.8241	-34.046
965.8652	108.8414	-12.192
972.8643	108.8601	9.783
979.9141	108.8773	31.960
987.0149	108.8907	54.324
994.1672	108.9089	76.816
1001.3714	108.9208	99.509
1008.6277	108.9371	122.364
1015.9367	108.9548	145.396
1023.2986	108.9691	168.630
1030.7138	108.9800	-167.966
1038.1828	108.9944	-144.387
1045.7059	109.0058	-120.630
1053.2835	109.0195	-96.687
1060.9160	109.0277	-72.595
1068.6039	109.0452	-48.244
1076.3474	109.0584	-23.710
1084.1471	109.0721	0.937
1092.0032	109.0764	25.809
1099.9164	109.0884	50.865
1107.8868	109.1002	76.104
1115.9150	109.1075	101.584
1124.0014	109.1218	127.232
1132.1464	109.1314	153.053
1140.3504	109.1424	179.115
1148.6138	109.1485	-154.692
1156.9371	109.1597	-128.187
1165.3208	109.1657	-101.568
1173.7652	109.1739	-74.736
1182.2708	109.1858	-47.699
1190.8380	109.1916	-20.493
1199.4673	109.2040	6.974
1208.1591	109.2060	34.632
1216.9139	109.2162	62.511
1225.7322	109.2234	90.623
1234.6144	109.2289	118.875
1243.5609	109.2354	147.410
1252.5722	109.2450	176.127
1261.6489	109.2478	-154.929
1270.7913	109.2557	-125.767
1280.0000	109.2633	-96.405
1289.2754	109.2673	-66.807
1298.6180	109.2689	-36.973
1308.0284	109.2782	-6.910
1317.5069	109.2831	23.342
1327.0541	109.2930	53.853
1336.6704	109.2982	84.593
1346.3565	109.3010	115.509
1356.1128	109.3026	146.720
1365.9397	109.3083	178.141
1375.8379	109.3164	-150.210
1385.8078	109.3183	-118.303
1395.8499	109.3237	-86.154
1405.9648	109.3260	-53.782
1416.1530	109.3325	-21.190
1426.4150	109.3391	11.670
1436.7514	109.3404	44.815
1447.1627	109.3432	78.135
1457.6495	109.3487	111.742
1468.2122	109.3505	145.599
1478.8515	109.3541	179.718
1489.5678	109.3556	-145.910
1500.3618	109.3604	-111.309
1511.2341	109.3635	-76.444
1522.1851	109.3633	-41.292
1533.2155	109.3665	-5.920
1544.3258	109.3733	29.753
1555.5166	109.3735	65.679
1566.7885	109.3760	101.897
1578.1421	109.3784	138.327
1589.5780	109.3794	175.051
1601.0967	109.3813	-147.947
1612.6989	109.3860	-110.683
1624.3852	109.3829	-73.131
1636.1562	109.3894	-35.320
1648.0125	109.3951	2.871
1659.9546	109.3890	41.206
1671.9833	109.3928	79.883
1684.0992	109.3930	118.836
1696.3029	109.3976	158.105
1708.5950	109.3987	-162.348
1720.9762	109.4003	-122.544
1733.4471	109.3986	-82.395
1746.0084	109.4053	-41.981
1758.6607	109.4039	-1.265
1771.4046	109.4054	39.786
1784.2410	109.4078	81.081
1797.1703	109.4070	122.732
1810.1934	109.4087	164.666
1823.3108	109.4106	-153.086
1836.5232	109.4101	-110.513
1849.8314	109.4115	-67.659
1863.2361	109.4107	-24.462
1876.7379	109.4102	19.017
1890.3375	109.4097	62.839
1904.0356	109.4108	107.019
1917.8331	109.4102	151.479
1931.7305	109.4138	-163.740
1945.7286	109.4119	-118.584
1959.8281	109.4128	-73.122
1974.0299	109.4106	-27.330
1988.3345	109.4098	18.793
2002.7428	109.4103	65.279
2017.2555	109.4116	112.094
2031.8733	109.4123	159.239
2046.5971	109.4083	-153.229
2061.4276	109.4086	-105.403
2076.3656	109.4133	-57.213
2091.4118	109.4144	-8.649
2106.5670	109.4122	40.280
2121.8321	109.4117	89.566
2137.2077	109.4115	139.162
2152.6948	109.4093	-170.823
2168.2941	109.4098	-120.459
2184.0065	109.4076	-69.717
2199.8327	109.4080	-18.613
2215.7736	109.4113	32.862
2231.8300	109.4070	84.714
2248.0028	109.4058	136.950
2264.2927	109.4091	-170.419
2280.7007	109.4067	-117.443
2297.2276	109.4014	-64.039
2313.8743	109.4037	-10.261
2330.6416	109.4027	43.904
2347.5304	109.4024	98.483
2364.5415	109.4053	153.466
2381.6760	109.4026	-151.156
2398.9346	109.4011	-95.389
2416.3182	109.4001	-39.205
2433.8279	109.4027	17.387
2451.4644	109.4006	74.394
2469.2287	109.4026	131.843
2487.1218	109.4008	-170.330
2505.1445	109.4002	-112.046
2523.2978	109.4001	-53.336
2541.5826	109.4014	5.779
2560.0000	109.4004	65.324
2578.5508	109.3976	125.332
2597.2361	109.4028	-174.265
2616.0567	109.3976	-113.369
2635.0137	109.3952	-52.056
2654.1081	109.3986	9.717
2673.3409	109.3977	71.900
2692.7130	109.3968	134.579
2712.2255	109.3956	-162.283
2731.8794	109.4007	-98.701
2751.6758	109.4004	-34.647
2771.6155	109.3975	29.858
2791.6998	109.3969	94.857
2811.9296	109.4015	160.319
2832.3060	109.4003	-133.741
2852.8301	109.4006	-67.323
2873.5028	109.4004	-0.406
2894.3254	109.3994	66.989
2915.2989	109.4007	134.895
2936.4244	109.4020	-156.760
2957.7029	109.4032	-87.859
2979.1356	109.4047	-18.490
3000.7237	109.4034	51.414
3022.4682	109.4038	121.817
3044.3702	109.4065	-167.267
3066.4310	109.4061	-95.869
3088.6516	109.4081	-23.900
3111.0332	109.4075	48.602
3133.5771	109.4079	121.606
3156.2843	109.4118	-164.874
3179.1560	109.4133	-90.809
3202.1935	109.4110	-16.178
3225.3979	109.4146	58.998
3248.7705	109.4174	134.671
3272.3124	109.4142	-149.090
3296.0249	109.4206	-72.258
3319.9093	109.4198	5.125
3343.9667	109.4213	83.053
3368.1985	109.4228	161.571
3392.6058	109.4233	-119.365
3417.1900	109.4245	-39.715
3441.9524	109.4282	40.512
3466.8942	109.4267	121.331
3492.0167	109.4268	-157.244
3517.3213	109.4281	-75.260
3542.8093	109.4316	7.333
3568.4820	109.4348	90.555
3594.3406	109.4345	174.332
3620.3867	109.4362	-101.241
3646.6215	109.4373	-16.208
3673.0465	109.4378	69.432
3699.6629	109.4371	155.706
3726.4721	109.4398	-117.398
3753.4757	109.4415	-29.856
3780.6749	109.4429	58.309
3808.0713	109.4435	147.111
3835.6661	109.4438	-123.436
3863.4609	109.4445	-33.318
3891.4572	109.4439	57.439
3919.6563	109.4455	148.879
3948.0597	109.4468	-119.065
3976.6690	109.4484	-26.288
4005.4856	109.4456	67.126
4034.5110	109.4470	161.245
4063.7467	109.4484	-103.962
4093.1943	109.4464	-8.474
4122.8552	109.4449	87.692
4152.7312	109.4478	-175.429
4182.8236	109.4476	-77.845
4213.1340	109.4461	20.441
4243.6641	109.4474	119.440
4274.4155	109.4441	-140.835
4305.3896	109.4459	-40.394
4336.5883	109.4435	60.796
4368.0130	109.4452	162.690
4399.6654	109.4442	-94.663
4431.5472	109.4442	8.737
4463.6600	109.4421	112.874
4496.0055	109.4422	-142.203
4528.5854	109.4424	-36.578
4561.4014	109.4440	69.866
4594.4552	109.4402	177.062
4627.7485	109.4404	-74.959
4661.2831	109.4419	33.816
4695.0607	109.4370	143.348
4729.0830	109.4377	-106.279
4763.3519	109.4380	4.855
4797.8691	109.4365	116.797
4832.6365	109.4374	-130.442
4867.6558	109.4369	-16.847
4902.9288	109.4388	97.554
4938.4574	109.4365	-147.190
4974.2435	109.4353	-31.134
5010.2890	109.4365	85.788
5046.5956	109.4373	-156.432
5083.1653	109.4383	-37.818
5120.0000	109.4405	81.665
5157.1016	109.4427	-157.991
5194.4721	109.4418	-36.751
5232.1134	109.4438	85.339
5270.0275	109.4438	-151.658
5308.2162	109.4453	-27.777
5346.6818	109.4494	97.000
5385.4260	109.4509	-137.301
5424.4510	109.4505	-10.694
5463.7589	109.4531	116.809
5503.3515	109.4563	-114.721
5543.2311	109.4601	14.650
5583.3996	109.4600	144.977
5623.8592	109.4613	-83.753
5664.6120	109.4667	48.459
5705.6601	109.4701	-178.343
5747.0057	109.4707	-44.183
5788.6509	109.4743	90.959
5830.5978	109.4785	-132.928
5872.8487	109.4796	4.155
5915.4058	109.4816	142.260
5958.2713	109.4830	-78.633
6001.4474	109.4866	61.481
6044.9363	109.4896	-157.394
6088.7404	109.4897	-15.249
6132.8620	109.4923	127.940
6177.3032	109.4941	-87.813
6222.0665	109.4951	57.439
6267.1541	109.4957	-156.220
6312.5685	109.4999	-8.833
6358.3120	109.5003	139.633
6404.3869	109.4972	-70.841
6450.7958	109.4993	79.787
6497.5409	109.4965	-128.490
6544.6248	109.4975	24.324
6592.0498	109.4950	178.244
6639.8185	109.4968	-26.706
6687.9334	109.4945	129.463
6736.3969	109.4915	-73.249
6785.2116	109.4883	85.196
6834.3801	109.4862	-115.206
6883.9048	109.4841	45.519
6933.7884	109.4840	-152.557
6984.0335	109.4806	10.512
7034.6427	109.4769	174.771
7085.6186	109.4723	-19.788
7136.9639	109.4683	146.894
7188.6813	109.4673	-45.277
7240.7734	109.4627	123.803
7293.2431	109.4591	-65.904
7346.0929	109.4559	105.642
7399.3257	109.4536	-81.596
7452.9443	109.4527	92.430
7506.9514	109.4462	-92.280
7561.3499	109.4477	84.261
7616.1425	109.4455	-97.886
7671.3322	109.4405	81.231
7726.9219	109.4427	-98.332
7782.9143	109.4420	83.403
7839.3125	109.4397	-93.548
7896.1194	109.4381	90.837
7953.3380	109.4395	-83.453
8010.9711	109.4403	103.550
8069.0219	109.4388	-67.964
8127.4934	109.4366	121.854
8186.3886	109.4382	-46.975
8245.7105	109.4400	145.591
8305.4623	109.4396	-20.478
8365.6471	109.4419	174.924
8426.2680	109.4431	11.709
8487.3283	109.4423	-150.069
8548.8309	109.4438	49.593
8610.7793	109.4412	-109.298
8673.1765	109.4435	93.262
8736.0260	109.4430	-62.698
8799.3308	109.4396	142.843
8863.0944	109.4406	-10.175
8927.3200	109.4386	-161.652
8992.0111	109.4403	48.382
9057.1709	109.4366	-100.079
9122.8029	109.4322	112.993
9188.9105	109.4316	-32.376
9255.4971	109.4281	-176.203
9322.5662	109.4236	41.525
9390.1214	109.4226	-99.152
9458.1661	109.4189	121.768
9526.7039	109.4151	-15.751
9595.7383	109.4123	-151.637
9665.2730	109.4103	74.094
9735.3115	109.4076	-58.548
9805.8576	109.4057	170.468
9876.9149	109.4042	41.135
9948.4871	109.4036	-86.509
10020.5779	109.4011	147.508
10093.1912	109.4002	23.216
10166.3306	109.3997	-99.360
10240.0000	109.4025	139.797
10314.2033	109.4042	20.675
10388.9442	109.4094	-96.709
10464.2268	109.4112	147.707
10540.0549	109.4124	33.856
10616.4325	109.4192	-78.203
10693.3635	109.4221	171.559
10770.8521	109.4254	63.123
10848.9021	109.4338	-43.497
10927.5177	109.4353	-148.253
11006.7030	109.4432	108.821
11086.4621	109.4451	7.790
11166.7992	109.4473	-91.394
11247.7184	109.4526	171.326
11329.2240	109.4552	75.959
11411.3202	109.4560	-17.509
11494.0114	109.4599	-109.038
11577.3017	109.4573	161.385
11661.1956	109.4611	73.758
11745.6975	109.4590	-11.903
11830.8116	109.4607	-95.559
11916.5426	109.4616	-177.245
12002.8947	109.4586	103.113
12089.8727	109.4576	25.472
12177.4809	109.4557	-50.114
12265.7239	109.4524	-123.665
12354.6064	109.4542	164.895
12444.1330	109.4503	95.499
12534.3083	109.4535	28.244
12625.1370	109.4526	-36.904
12716.6240	109.4521	-99.929
12808.7739	109.4546	-160.775
12901.5916	109.4551	140.525
12995.0818	109.4582	84.003
13089.2495	109.4594	29.686
13184.0996	109.4614	-22.384
13279.6370	109.4627	-72.226
13375.8668	109.4659	-119.847
13472.7938	109.4660	-165.163
13570.4232	109.4687	151.769
13668.7601	109.4666	111.029
13767.8096	109.4691	72.594
13867.5768	109.4633	36.487
13968.0670	109.4608	2.726
14069.2853	109.4566	-28.683
14171.2372	109.4491	-57.722
14273.9278	109.4469	-84.331
14377.3626	109.4381	-108.564
14481.5469	109.4316	-130.371
14586.4861	109.4256	-149.713
14692.1858	109.4176	-166.620
14798.6515	109.4114	178.963
14905.8886	109.4075	167.048
15013.9028	109.4026	157.652
15122.6997	109.3983	150.768
15232.2851	109.3966	146.470
15342.6645	109.3944	144.739
15453.8437	109.3964	145.614
15565.8287	109.3951	149.085
15678.6251	109.3966	155.219
15792.2389	109.3976	163.982
15906.6759	109.3963	175.435
16021.9423	109.4011	-170.391
16138.0439	109.4008	-153.556
16254.9868	109.4011	-133.964
16372.7771	109.3978	-111.628
16491.4210	109.4014	-86.499
16610.9246	109.3994	-58.629
16731.2942	109.3959	-27.925
16852.5361	109.3955	5.572
16974.6565	109.3914	41.933
17097.6619	109.3907	81.117
17221.5586	109.3889	123.221
17346.3531	109.3914	168.224
17472.0519	109.3915	-143.855
17598.6616	109.3910	-92.987
17726.1888	109.3956	-39.125
17854.6400	109.3992	17.708
17984.0221	109.4055	77.593
18114.3418	109.4101	140.474
18245.6057	109.4172	-153.538
18377.8209	109.4228	-84.470
18510.9942	109.4261	-12.291
18645.1325	109.4304	63.023
18780.2428	109.4311	141.481
18916.3322	109.4313	-136.870
19053.4077	109.4296	-52.058
19191.4766	109.4234	35.979
19330.5459	109.4209	127.254
19470.6230	109.4154	-138.205
19611.7152	109.4074	-40.416
19753.8298	109.3978	60.699
19896.9742	109.3938	165.121
