* Helix DSP Ultra S, output layer - LR 24 dB/oct low-pass at 5000 Hz, alone.
* ELECTRICAL loop, no microphone: Scarlett 2i2 out L -> Helix line in,
* Helix line out -> Scarlett in 1; out R -> in 2 direct as the timing
* reference, timing offset 0. Everything else in the channel off; no gain,
* level or routing changed within a set, so the ratio to the set's reference
* is the filter alone.
* REW V5.40 beta 134 measurement #79 'n2_lr24_5000_lp', 2026-Sep-02 11:09:36, 512k sweep, 1 average, 96 kHz,
* 20 Hz - 20 kHz, loopback timing reference. SNR 40.6 dB, delay -8.9280 ms.
* Levels are REW's electrical dB (splOffset 120.00); only ratios within a set carry meaning.
* frequency_Hz<TAB>dB<TAB>phase_deg - REW's UNSMOOTHED raw spectrum (linear bins) resampled to 1/96 octave by complex averaging within each cell,
* with the measurement's own delay removed before averaging and restored after, so the cell average carries no rotation loss.
20.0000	107.5635	129.375
20.1449	107.5635	129.840
20.2909	107.5881	129.893
20.4379	107.6242	129.770
20.5860	107.6346	130.038
20.7352	107.6547	130.122
20.8855	107.6736	130.242
21.0368	107.6933	130.306
21.1893	107.7184	130.275
21.3428	107.7305	130.503
21.4975	107.7488	130.605
21.6532	107.7619	130.830
21.8102	107.7857	130.812
21.9682	107.8049	130.910
22.1274	107.8227	131.029
22.2877	107.8474	131.016
22.4492	107.8598	131.261
22.6119	107.8783	131.385
22.7758	107.8890	131.685
22.9408	107.9150	131.652
23.1071	107.9295	131.879
23.2745	107.9512	131.950
23.4432	107.9688	132.122
23.6130	107.9867	132.281
23.7841	108.0065	132.415
23.9565	108.0215	132.645
24.1301	108.0427	132.755
24.3049	108.0554	133.041
24.4811	108.0773	133.139
24.6585	108.0884	133.465
24.8372	108.1108	133.559
25.0171	108.1209	133.914
25.1984	108.1432	134.012
25.3810	108.1528	134.383
25.5649	108.1747	134.493
25.7502	108.1841	134.870
25.9368	108.2049	135.000
26.1247	108.2144	135.373
26.3141	108.2334	135.535
26.5047	108.2433	135.899
26.6968	108.2600	136.105
26.8903	108.2705	136.453
27.0851	108.2849	136.716
27.2814	108.2966	137.043
27.4791	108.3087	137.373
27.6782	108.3225	137.673
27.8788	108.3325	138.075
28.0808	108.3490	138.341
28.2843	108.3568	138.816
28.4892	108.3817	138.924
28.6957	108.3904	139.390
28.9036	108.4063	139.708
29.1131	108.4178	140.107
29.3240	108.4295	140.512
29.5365	108.4431	140.838
29.7506	108.4504	141.339
29.9661	108.4690	141.498
30.1833	108.4760	141.978
30.4020	108.4860	142.382
30.6223	108.4962	142.781
30.8442	108.5026	143.306
31.0677	108.5198	143.542
31.2929	108.5278	144.052
31.5196	108.5377	144.523
31.7480	108.5559	144.795
31.9781	108.5617	145.387
32.2098	108.5739	145.825
32.4432	108.5843	146.312
32.6783	108.5915	146.887
32.9151	108.6086	147.214
33.1536	108.6173	147.753
33.3939	108.6251	148.327
33.6359	108.6406	148.685
33.8796	108.6478	149.255
34.1251	108.6547	149.844
34.3724	108.6674	150.235
34.6215	108.6736	150.824
34.8723	108.6790	151.451
35.1250	108.6903	151.886
35.3796	108.6976	152.478
35.6359	108.7023	153.159
35.8942	108.7149	153.623
36.1543	108.7277	154.093
36.4163	108.7331	154.773
36.6802	108.7400	155.417
36.9460	108.7515	155.910
37.2137	108.7582	156.551
37.4834	108.7624	157.284
37.7550	108.7731	157.814
38.0286	108.7842	158.360
38.3041	108.7911	159.051
38.5817	108.7957	159.811
38.8613	108.8072	160.387
39.1429	108.8181	160.973
39.4265	108.8279	161.572
39.7122	108.8317	162.355
40.0000	108.8365	163.111
40.2899	108.8445	163.749
40.5818	108.8525	164.406
40.8759	108.8612	165.076
41.1721	108.8653	165.911
41.4704	108.8708	166.713
41.7710	108.8807	167.399
42.0736	108.8901	168.087
42.3785	108.8980	168.779
42.6856	108.9015	169.607
42.9949	108.9042	170.477
43.3065	108.9094	171.209
43.6203	108.9144	171.962
43.9364	108.9202	172.735
44.2548	108.9269	173.520
44.5755	108.9340	174.315
44.8985	108.9408	175.119
45.2238	108.9438	176.051
45.5515	108.9470	176.988
45.8816	108.9528	177.824
46.2141	108.9589	178.673
46.5490	108.9655	179.531
46.8863	108.9723	-179.605
47.2261	108.9791	-178.736
47.5683	108.9858	-177.860
47.9130	108.9922	-176.976
48.2602	108.9985	-176.084
48.6099	109.0043	-175.183
48.9621	109.0093	-174.271
49.3169	109.0134	-173.343
49.6743	109.0168	-172.396
50.0343	109.0205	-171.427
50.3968	109.0252	-170.442
50.7620	109.0307	-169.449
51.1299	109.0362	-168.452
51.5004	109.0407	-167.450
51.8736	109.0439	-166.437
52.2495	109.0464	-165.407
52.6281	109.0494	-164.361
53.0095	109.0536	-163.304
53.3936	109.0588	-162.241
53.7805	109.0639	-161.174
54.1702	109.0683	-160.099
54.5628	109.0721	-159.008
54.9581	109.0761	-157.898
55.3564	109.0811	-156.776
55.7575	109.0867	-155.647
56.1616	109.0918	-154.516
56.5685	109.0959	-153.456
56.9785	109.0977	-152.361
57.3914	109.1000	-151.164
57.8072	109.1046	-149.953
58.2261	109.1107	-148.741
58.6481	109.1168	-147.531
59.0730	109.1212	-146.317
59.5011	109.1247	-145.159
59.9323	109.1278	-143.971
60.3666	109.1311	-142.702
60.8040	109.1350	-141.429
61.2446	109.1387	-140.152
61.6884	109.1426	-138.936
62.1355	109.1457	-137.701
62.5857	109.1482	-136.381
63.0392	109.1511	-135.049
63.4960	109.1553	-133.766
63.9562	109.1588	-132.467
64.4196	109.1611	-131.092
64.8864	109.1635	-129.706
65.3566	109.1671	-128.369
65.8302	109.1701	-127.023
66.3073	109.1721	-125.606
66.7877	109.1762	-124.232
67.2717	109.1812	-122.849
67.7592	109.1843	-121.399
68.2502	109.1875	-119.987
68.7448	109.1901	-118.548
69.2429	109.1924	-117.038
69.7447	109.1967	-115.564
70.2501	109.2008	-114.091
70.7591	109.2024	-112.563
71.2719	109.2029	-111.077
71.7884	109.2028	-109.573
72.3086	109.2042	-108.044
72.8325	109.2079	-106.498
73.3603	109.2138	-104.942
73.8919	109.2196	-103.376
74.4274	109.2223	-101.750
74.9667	109.2246	-100.146
75.5099	109.2263	-98.519
76.0571	109.2278	-96.884
76.6083	109.2281	-95.247
77.1634	109.2261	-93.594
77.7226	109.2258	-91.948
78.2858	109.2303	-90.252
78.8531	109.2364	-88.562
79.4245	109.2404	-86.866
80.0000	109.2420	-85.137
80.5797	109.2442	-83.380
81.1636	109.2478	-81.611
81.7518	109.2515	-79.872
82.3442	109.2533	-78.079
82.9409	109.2554	-76.269
83.5419	109.2569	-74.449
84.1473	109.2565	-72.610
84.7570	109.2562	-70.774
85.3712	109.2585	-68.893
85.9899	109.2619	-67.020
86.6130	109.2640	-65.180
87.2406	109.2661	-63.300
87.8728	109.2698	-61.362
88.5096	109.2731	-59.415
89.1509	109.2734	-57.479
89.7970	109.2725	-55.505
90.4477	109.2739	-53.497
91.1031	109.2756	-51.497
91.7633	109.2751	-49.522
92.4282	109.2752	-47.499
93.0980	109.2803	-45.443
93.7726	109.2853	-43.355
94.4521	109.2881	-41.256
95.1366	109.2897	-39.166
95.8260	109.2902	-37.067
96.5204	109.2888	-34.961
97.2198	109.2874	-32.816
97.9243	109.2921	-30.630
98.6339	109.3025	-28.450
99.3486	109.3087	-26.286
100.0685	109.3074	-24.087
100.7937	109.3058	-21.840
101.5241	109.3061	-19.586
102.2598	109.3042	-17.321
103.0008	109.3037	-15.012
103.7472	109.3084	-12.692
104.4990	109.3120	-10.383
105.2562	109.3123	-8.050
106.0189	109.3138	-5.690
106.7872	109.3150	-3.322
107.5610	109.3143	-0.916
108.3404	109.3170	1.531
109.1255	109.3226	3.945
109.9163	109.3216	6.361
110.7128	109.3211	8.836
111.5151	109.3237	11.314
112.3231	109.3247	13.802
113.1371	109.3238	16.326
113.9569	109.3256	18.904
114.7827	109.3289	21.500
115.6145	109.3304	24.086
116.4523	109.3285	26.669
117.2961	109.3302	29.301
118.1461	109.3355	31.965
119.0022	109.3380	34.629
119.8646	109.3379	37.327
120.7332	109.3382	40.042
121.6080	109.3367	42.744
122.4893	109.3368	45.486
123.3769	109.3396	48.266
124.2709	109.3421	51.073
125.1714	109.3438	53.886
126.0785	109.3444	56.704
126.9921	109.3449	59.551
127.9123	109.3480	62.438
128.8392	109.3516	65.341
129.7728	109.3519	68.261
130.7132	109.3523	71.199
131.6604	109.3513	74.143
132.6145	109.3483	77.150
133.5755	109.3541	80.195
134.5434	109.3579	83.229
135.5184	109.3548	86.299
136.5004	109.3534	89.380
137.4895	109.3539	92.469
138.4858	109.3550	95.569
139.4894	109.3547	98.719
140.5002	109.3629	101.957
141.5183	109.3706	105.159
142.5438	109.3650	108.361
143.5767	109.3593	111.621
144.6171	109.3638	114.886
145.6651	109.3650	118.173
146.7206	109.3681	121.518
147.7838	109.3681	124.852
148.8547	109.3664	128.251
149.9334	109.3702	131.656
151.0199	109.3686	135.066
152.1142	109.3689	138.525
153.2165	109.3659	141.989
154.3268	109.3690	145.525
155.4451	109.3766	149.005
156.5715	109.3739	152.556
157.7061	109.3740	156.145
158.8489	109.3700	159.773
160.0000	109.3735	163.434
161.1594	109.3757	167.069
162.3273	109.3768	170.756
163.5035	109.3803	174.444
164.6884	109.3780	178.199
165.8818	109.3802	-178.004
167.0838	109.3812	-174.206
168.2946	109.3816	-170.365
169.5141	109.3862	-166.504
170.7425	109.3852	-162.623
171.9797	109.3859	-158.706
173.2260	109.3821	-154.764
174.4812	109.3828	-150.770
175.7456	109.3862	-146.760
177.0191	109.3897	-142.728
178.3019	109.3905	-138.663
179.5939	109.3884	-134.601
180.8953	109.3888	-130.447
182.2062	109.3904	-126.259
183.5265	109.3974	-122.030
184.8564	109.3959	-117.856
186.1960	109.3960	-113.627
187.5452	109.3925	-109.376
188.9043	109.3930	-105.053
190.2731	109.3935	-100.701
191.6519	109.3926	-96.294
193.0407	109.3949	-91.905
194.4396	109.3921	-87.460
195.8486	109.3972	-82.959
197.2678	109.4004	-78.439
198.6972	109.3991	-73.899
200.1371	109.3988	-69.320
201.5874	109.4007	-64.734
203.0482	109.3984	-60.089
204.5195	109.3986	-55.411
206.0016	109.3986	-50.689
207.4943	109.3985	-45.950
208.9979	109.3981	-41.131
210.5124	109.4030	-36.335
212.0379	109.3999	-31.445
213.5744	109.3997	-26.602
215.1220	109.4052	-21.649
216.6809	109.4059	-16.675
218.2510	109.4050	-11.648
219.8326	109.3983	-6.695
221.4256	109.4043	-1.576
223.0301	109.4107	3.550
224.6463	109.4037	8.680
226.2742	109.3996	13.896
227.9138	109.4060	19.112
229.5654	109.4085	24.327
231.2289	109.4073	29.663
232.9045	109.4072	34.995
234.5922	109.4104	40.398
236.2922	109.4080	45.776
238.0045	109.4119	51.267
239.7291	109.4133	56.764
241.4663	109.4152	62.344
243.2161	109.4108	67.909
244.9785	109.4139	73.508
246.7537	109.4166	79.161
248.5418	109.4114	84.885
250.3428	109.4181	90.623
252.1569	109.4123	96.422
253.9842	109.4105	102.286
255.8246	109.4140	108.124
257.6785	109.4160	114.052
259.5457	109.4191	119.988
261.4265	109.4334	126.067
263.3209	109.4150	132.104
265.2290	109.4270	138.078
267.1510	109.3625	144.325
269.0869	109.3876	150.576
271.0368	109.4156	156.644
273.0008	109.4244	162.998
274.9791	109.4174	169.352
276.9717	109.4220	175.684
278.9788	109.4229	-177.899
281.0003	109.4205	-171.415
283.0366	109.4216	-164.852
285.0876	109.4224	-158.364
287.1535	109.4251	-151.774
289.2343	109.4245	-145.123
291.3302	109.4288	-138.450
293.4413	109.4203	-131.642
295.5677	109.4244	-124.853
297.7095	109.4282	-118.029
299.8668	109.4224	-111.095
302.0398	109.4298	-104.125
304.2285	109.4304	-97.138
306.4330	109.4284	-90.121
308.6536	109.4284	-82.952
310.8902	109.4289	-75.786
313.1431	109.4308	-68.648
315.4122	109.4322	-61.359
317.6978	109.4316	-54.039
320.0000	109.4306	-46.669
322.3189	109.4335	-39.227
324.6545	109.4356	-31.769
327.0071	109.4339	-24.235
329.3767	109.4327	-16.674
331.7635	109.4336	-9.030
334.1676	109.4316	-1.306
336.5891	109.4335	6.440
339.0282	109.4382	14.253
341.4849	109.4352	22.107
343.9595	109.4376	30.025
346.4519	109.4374	38.009
348.9625	109.4368	46.058
351.4912	109.4357	54.112
354.0383	109.4369	62.323
356.6038	109.4382	70.530
359.1879	109.4377	78.798
361.7907	109.4411	87.132
364.4124	109.4360	95.546
367.0530	109.4437	104.031
369.7129	109.4411	112.546
372.3920	109.4402	121.144
375.0905	109.4425	129.763
377.8085	109.4401	138.469
380.5463	109.4437	147.239
383.3039	109.4410	156.071
386.0814	109.4439	164.955
388.8792	109.4385	173.929
391.6971	109.4397	-176.996
394.5355	109.4383	-167.908
397.3945	109.4440	-158.747
400.2742	109.4461	-149.525
403.1747	109.4435	-140.234
406.0963	109.4438	-130.866
409.0390	109.4446	-121.433
412.0031	109.4459	-111.953
414.9887	109.4416	-102.351
417.9958	109.4445	-92.722
421.0248	109.4496	-83.007
424.0757	109.4457	-73.224
427.1488	109.4464	-63.352
430.2440	109.4503	-53.419
433.3618	109.4460	-43.428
436.5021	109.4460	-33.377
439.6652	109.4464	-23.217
442.8512	109.4485	-12.999
446.0602	109.4462	-2.706
449.2926	109.4497	7.650
452.5483	109.4488	18.110
455.8277	109.4507	28.629
459.1308	109.4469	39.211
462.4579	109.4541	49.900
465.8090	109.4513	60.653
469.1845	109.4473	71.453
472.5844	109.4500	82.354
476.0089	109.4527	93.370
479.4583	109.4522	104.433
482.9326	109.4511	115.579
486.4321	109.4517	126.805
489.9570	109.4514	138.106
493.5075	109.4507	149.527
497.0836	109.4590	160.970
500.6857	109.4514	172.528
504.3139	109.4546	-175.828
507.9683	109.4552	-164.095
511.6493	109.4567	-152.282
515.3569	109.4553	-140.368
519.0914	109.4542	-128.401
522.8529	109.4555	-116.348
526.6418	109.4526	-104.178
530.4580	109.4560	-91.887
534.3019	109.4599	-79.603
538.1737	109.4593	-67.164
542.0735	109.4590	-54.661
546.0016	109.4586	-42.023
549.9582	109.4504	-29.337
553.9434	109.4588	-16.540
557.9575	109.4634	-3.639
562.0007	109.4575	9.307
566.0732	109.4590	22.388
570.1752	109.4576	35.586
574.3069	109.4581	48.838
578.4686	109.4628	62.172
582.6604	109.4609	75.635
586.8826	109.4590	89.217
591.1354	109.4629	102.848
595.4190	109.4624	116.623
599.7336	109.4647	130.462
604.0796	109.4621	144.403
608.4570	109.4585	158.473
612.8661	109.4579	172.633
617.3072	109.4643	-173.102
621.7804	109.4590	-158.761
626.2861	109.4621	-144.275
630.8244	109.4634	-129.722
635.3957	109.4636	-115.022
640.0000	109.4607	-100.260
644.6377	109.4667	-85.341
649.3090	109.4651	-70.350
654.0142	109.4634	-55.251
658.7534	109.4629	-40.035
663.5270	109.4663	-24.706
668.3352	109.4656	-9.248
673.1783	109.4648	6.281
678.0564	109.4631	21.966
682.9699	109.4669	37.739
687.9189	109.4660	53.639
692.9039	109.4678	69.632
697.9249	109.4668	85.787
702.9824	109.4674	102.012
708.0765	109.4663	118.364
713.2075	109.4668	134.841
718.3757	109.4678	151.443
723.5814	109.4643	168.179
728.8247	109.4687	-174.985
734.1061	109.4694	-158.025
739.4257	109.4657	-140.970
744.7839	109.4669	-123.732
750.1809	109.4657	-106.402
755.6170	109.4703	-88.951
761.0926	109.4650	-71.369
766.6077	109.4712	-53.658
772.1629	109.4680	-35.798
777.7583	109.4682	-17.846
783.3943	109.4687	0.258
789.0711	109.4701	18.496
794.7890	109.4697	36.878
800.5484	109.4706	55.373
806.3495	109.4688	74.012
812.1926	109.4700	92.779
818.0781	109.4680	111.682
824.0062	109.4676	130.724
829.9773	109.4664	149.903
835.9917	109.4680	169.228
842.0496	109.4682	-171.319
848.1515	109.4681	-151.721
854.2975	109.4663	-131.969
860.4881	109.4675	-112.104
866.7236	109.4687	-92.057
873.0042	109.4705	-71.897
879.3303	109.4658	-51.573
885.7023	109.4693	-31.062
892.1205	109.4703	-10.469
898.5852	109.4695	10.302
905.0967	109.4668	31.223
911.6554	109.4700	52.294
918.2616	109.4678	73.513
924.9157	109.4699	94.903
931.6180	109.4680	116.430
938.3689	109.4681	138.105
945.1687	109.4605	159.946
952.0178	109.4643	-178.045
958.9165	109.4650	-155.865
965.8652	109.4641	-133.552
972.8643	109.4668	-111.098
979.9141	109.4596	-88.414
987.0149	109.4649	-65.605
994.1672	109.4635	-42.635
1001.3714	109.4630	-19.483
1008.6277	109.4636	3.836
1015.9367	109.4606	27.321
1023.2986	109.4610	50.935
1030.7138	109.4684	74.788
1038.1828	109.4615	98.748
1045.7059	109.4592	122.967
1053.2835	109.4632	147.283
1060.9160	109.4610	171.797
1068.6039	109.4554	-163.501
1076.3474	109.4587	-138.623
1084.1471	109.4578	-113.541
1092.0032	109.4585	-88.351
1099.9164	109.4560	-62.890
1107.8868	109.4514	-37.269
1115.9150	109.4521	-11.526
1124.0014	109.4515	14.480
1132.1464	109.4555	40.626
1140.3504	109.4551	67.003
1148.6138	109.4518	93.529
1156.9371	109.4517	120.291
1165.3208	109.4481	147.241
1173.7652	109.4481	174.338
1182.2708	109.4480	-158.344
1190.8380	109.4489	-130.798
1199.4673	109.4455	-103.084
1208.1591	109.4439	-75.141
1216.9139	109.4432	-47.054
1225.7322	109.4411	-18.686
1234.6144	109.4397	9.820
1243.5609	109.4362	38.546
1252.5722	109.4314	67.519
1261.6489	109.4360	96.683
1270.7913	109.4314	126.022
1280.0000	109.4330	155.625
1289.2754	109.4271	-174.575
1298.6180	109.4299	-144.558
1308.0284	109.4289	-114.325
1317.5069	109.4294	-83.894
1327.0541	109.4208	-53.242
1336.6704	109.4209	-22.320
1346.3565	109.4166	8.745
1356.1128	109.4155	40.115
1365.9397	109.4150	71.703
1375.8379	109.4178	103.470
1385.8078	109.4105	135.525
1395.8499	109.4060	167.758
1405.9648	109.4057	-159.752
1416.1530	109.4057	-127.031
1426.4150	109.4023	-94.075
1436.7514	109.4017	-60.871
1447.1627	109.4020	-27.426
1457.6495	109.3942	6.264
1468.2122	109.3901	40.206
1478.8515	109.3871	74.348
1489.5678	109.3888	108.772
1500.3618	109.3865	143.476
1511.2341	109.3833	178.365
1522.1851	109.3800	-146.463
1533.2155	109.3743	-111.023
1544.3258	109.3716	-75.361
1555.5166	109.3739	-39.434
1566.7885	109.3660	-3.232
1578.1421	109.3654	33.253
1589.5780	109.3623	69.954
1601.0967	109.3598	106.964
1612.6989	109.3522	144.211
1624.3852	109.3489	-178.243
1636.1562	109.3460	-140.441
1648.0125	109.3420	-102.355
1659.9546	109.3397	-64.055
1671.9833	109.3378	-25.396
1684.0992	109.3298	13.497
1696.3029	109.3264	52.677
1708.5950	109.3258	92.142
1720.9762	109.3192	131.929
1733.4471	109.3140	171.957
1746.0084	109.3110	-147.691
1758.6607	109.3042	-107.092
1771.4046	109.2994	-66.168
1784.2410	109.2972	-24.945
1797.1703	109.2922	16.557
1810.1934	109.2873	58.374
1823.3108	109.2846	100.482
1836.5232	109.2742	142.911
1849.8314	109.2715	-174.381
1863.2361	109.2641	-131.321
1876.7379	109.2612	-88.001
1890.3375	109.2540	-44.331
1904.0356	109.2535	-0.341
1917.8331	109.2427	43.919
1931.7305	109.2386	88.556
1945.7286	109.2273	133.486
1959.8281	109.2266	178.734
1974.0299	109.2185	-135.648
1988.3345	109.2161	-89.765
2002.7428	109.2067	-43.462
2017.2555	109.2014	3.083
2031.8733	109.1915	50.012
2046.5971	109.1825	97.277
2061.4276	109.1780	144.901
2076.3656	109.1738	-167.160
2091.4118	109.1673	-118.887
2106.5670	109.1554	-70.251
2121.8321	109.1463	-21.231
2137.2077	109.1379	28.112
2152.6948	109.1331	77.809
2168.2941	109.1275	127.872
2184.0065	109.1173	178.330
2199.8327	109.1061	-130.874
2215.7736	109.1016	-79.745
2231.8300	109.0890	-28.192
2248.0028	109.0799	23.708
2264.2927	109.0736	75.998
2280.7007	109.0610	128.636
2297.2276	109.0516	-178.307
2313.8743	109.0439	-124.894
2330.6416	109.0313	-71.087
2347.5304	109.0191	-16.887
2364.5415	109.0105	37.682
2381.6760	108.9954	92.674
2398.9346	108.9863	148.084
2416.3182	108.9707	-156.147
2433.8279	108.9610	-99.959
2451.4644	108.9487	-43.362
2469.2287	108.9348	13.621
2487.1218	108.9224	71.060
2505.1445	108.9094	128.884
2523.2978	108.8941	-172.857
2541.5826	108.8785	-114.202
2560.0000	108.8649	-55.106
2578.5508	108.8526	4.446
2597.2361	108.8352	64.408
2616.0567	108.8184	124.794
2635.0137	108.8011	-174.380
2654.1081	108.7853	-113.123
2673.3409	108.7661	-51.412
2692.7130	108.7503	10.763
2712.2255	108.7312	73.387
2731.8794	108.7101	136.421
2751.6758	108.6886	-160.054
2771.6155	108.6705	-96.068
2791.6998	108.6486	-31.638
2811.9296	108.6321	33.271
2832.3060	108.6057	98.646
2852.8301	108.5838	164.517
2873.5028	108.5595	-129.136
2894.3254	108.5355	-62.372
2915.2989	108.5100	4.922
2936.4244	108.4871	72.707
2957.7029	108.4605	140.974
2979.1356	108.4328	-150.247
3000.7237	108.3998	-81.020
3022.4682	108.3716	-11.201
3044.3702	108.3479	59.037
3066.4310	108.3154	129.841
3088.6516	108.2809	-158.898
3111.0332	108.2529	-87.076
3133.5771	108.2147	-14.737
3156.2843	108.1810	58.090
3179.1560	108.1502	131.486
3202.1935	108.1137	-154.615
3225.3979	108.0750	-80.145
3248.7705	108.0388	-5.162
3272.3124	108.0010	70.366
3296.0249	107.9554	146.430
3319.9093	107.9163	-136.930
3343.9667	107.8783	-59.769
3368.1985	107.8339	17.963
3392.6058	107.7823	96.242
3417.1900	107.7411	175.119
3441.9524	107.6950	-105.422
3466.8942	107.6458	-25.425
3492.0167	107.5962	55.182
3517.3213	107.5488	136.369
3542.8093	107.4977	-141.884
3568.4820	107.4452	-59.508
3594.3406	107.3897	23.440
3620.3867	107.3372	106.988
3646.6215	107.2802	-168.861
3673.0465	107.2224	-84.063
3699.6629	107.1661	1.315
3726.4721	107.1055	87.307
3753.4757	107.0469	173.925
3780.6749	106.9813	-98.786
3808.0713	106.9176	-10.897
3835.6661	106.8545	77.623
3863.4609	106.7867	166.797
3891.4572	106.7193	-103.386
3919.6563	106.6516	-12.894
3948.0597	106.5840	78.202
3976.6690	106.5136	170.004
4005.4856	106.4401	-97.539
4034.5110	106.3639	-4.418
4063.7467	106.2939	89.396
4093.1943	106.2134	-176.118
4122.8552	106.1382	-80.928
4152.7312	106.0576	14.943
4182.8236	105.9758	111.507
4213.1340	105.8988	-151.241
4243.6641	105.8125	-53.221
4274.4155	105.7279	45.449
4305.3896	105.6415	144.884
4336.5883	105.5526	-114.970
4368.0130	105.4641	-14.102
4399.6654	105.3751	87.528
4431.5472	105.2782	-170.102
4463.6600	105.1898	-66.989
4496.0055	105.0905	36.855
4528.5854	105.0005	141.500
4561.4014	104.8990	-113.130
4594.4552	104.7951	-6.978
4627.7485	104.6953	99.971
4661.2831	104.5891	-152.313
4695.0607	104.4844	-43.767
4729.0830	104.3732	65.526
4763.3519	104.2656	175.627
4797.8691	104.1542	-73.447
4832.6365	104.0410	38.283
4867.6558	103.9246	150.791
4902.9288	103.8084	-95.821
4938.4574	103.6854	18.400
4974.2435	103.5582	133.418
5010.2890	103.4398	-110.700
5046.5956	103.3124	6.023
5083.1653	103.1803	123.619
5120.0000	103.0505	-117.896
5157.1016	102.9130	1.386
5194.4721	102.7755	121.595
5232.1134	102.6439	-117.351
5270.0275	102.4926	4.610
5308.2162	102.3534	127.454
5346.6818	102.2031	-108.786
5385.4260	102.0529	15.909
5424.4510	101.9023	141.426
5463.7589	101.7484	-92.101
5503.3515	101.5883	35.286
5543.2311	101.4373	163.593
5583.3996	101.2687	-67.139
5623.8592	101.1106	63.115
5664.6120	100.9476	-165.681
5705.6601	100.7786	-33.602
5747.0057	100.6074	99.449
5788.6509	100.4387	-126.470
5830.5978	100.2739	8.563
5872.8487	100.0927	144.587
5915.4058	99.9203	-78.495
5958.2713	99.7455	59.588
6001.4474	99.5590	-161.375
6044.9363	99.3900	-21.345
6088.7404	99.2076	119.734
6132.8620	99.0388	-98.218
6177.3032	98.8443	44.936
6222.0665	98.6709	-170.889
6267.1541	98.4880	-25.603
6312.5685	98.3014	120.703
6358.3120	98.1214	-91.948
6404.3869	97.9384	56.504
6450.7958	97.7491	-153.868
6497.5409	97.5660	-3.218
6544.6248	97.3974	148.538
6592.0498	97.2039	-58.534
6639.8185	97.0200	95.412
6687.9334	96.8281	-109.387
6736.3969	96.6313	46.911
6785.2116	96.4428	-155.525
6834.3801	96.2429	3.070
6883.9048	96.0641	162.854
6933.7884	95.8679	-36.159
6984.0335	95.6717	126.038
7034.6427	95.4602	-70.550
7085.6186	95.2640	94.057
7136.9639	95.0676	-100.137
7188.6813	94.8376	66.923
7240.7734	94.6373	-124.841
7293.2431	94.4183	44.563
7346.0929	94.2113	-144.668
7399.3257	93.9847	27.308
7452.9443	93.7568	-159.416
7506.9514	93.5304	14.954
7561.3499	93.2914	-169.198
7616.1425	93.0537	7.817
7671.3322	92.8157	-173.882
7726.9219	92.5781	5.792
7782.9143	92.3292	-173.447
7839.3125	92.0678	8.826
7896.1194	91.8238	-167.651
7953.3380	91.5853	17.303
8010.9711	91.3270	-156.640
8069.0219	91.0846	30.917
8127.4934	90.8489	-140.273
8186.3886	90.6016	50.036
8245.7105	90.3377	-118.262
8305.4623	90.1007	74.543
8365.6471	89.8592	-91.009
8426.2680	89.6350	105.036
8487.3283	89.3877	-57.821
8548.8309	89.1636	140.883
8610.7793	88.9435	-19.012
8673.1765	88.7068	-177.444
8736.0260	88.5010	25.716
8799.3308	88.2869	-129.486
8863.0944	88.0824	76.549
8927.3200	87.8553	-75.699
8992.0111	87.6446	133.648
9057.1709	87.4174	-15.487
9122.8029	87.2079	-163.227
9188.9105	86.9758	51.005
9255.4971	86.7563	-93.520
9322.5662	86.5612	123.870
9390.1214	86.3330	-17.230
9458.1661	86.0785	-156.875
9526.7039	85.8279	65.143
9595.7383	85.5834	-71.086
9665.2730	85.3280	154.333
9735.3115	85.0109	21.063
9805.8576	84.7451	-110.265
9876.9149	84.4722	119.715
9948.4871	84.1117	-8.140
10020.5779	83.8246	-134.718
10093.1912	83.5162	100.652
10166.3306	83.2582	-22.722
10240.0000	82.8615	-144.346
10314.2033	82.5657	95.843
10388.9442	82.2849	-22.679
10464.2268	81.9474	-138.893
10540.0549	81.7061	106.026
10616.4325	81.4260	-7.143
10693.3635	81.1431	-118.231
10770.8521	80.9487	132.024
10848.9021	80.6435	24.456
10927.5177	80.4773	-81.149
11006.7030	80.2118	174.424
11086.4621	80.1311	72.582
11166.7992	79.9118	-26.858
11247.7184	79.7423	-125.410
11329.2240	79.5729	139.158
11411.3202	79.3005	45.176
11494.0114	79.1885	-46.638
11577.3017	78.9730	-136.547
11661.1956	78.8004	135.684
11745.6975	78.5813	49.794
11830.8116	78.3854	-33.308
11916.5426	78.0207	-114.814
12002.8947	77.7849	166.267
12089.8727	77.3716	89.052
12177.4809	77.0622	12.850
12265.7239	76.7075	-60.937
12354.6064	76.2756	-132.274
12444.1330	75.8808	158.789
12534.3083	75.4184	90.446
12625.1370	74.9645	24.732
12716.6240	74.5710	-39.479
12808.7739	74.1879	-101.743
12901.5916	73.8521	-161.471
12995.0818	73.4225	140.112
13089.2495	73.1936	83.541
13184.0996	73.0542	29.934
13279.6370	72.9413	-21.859
13375.8668	72.7077	-71.043
13472.7938	72.5676	-117.509
13570.4232	72.6295	-161.164
13668.7601	72.4859	157.630
13767.8096	72.3167	119.499
13867.5768	72.3027	83.426
13968.0670	72.2997	51.033
14069.2853	72.1051	20.923
14171.2372	71.9684	-9.160
14273.9278	71.4977	-32.956
14377.3626	71.2239	-57.628
14481.5469	70.7373	-77.586
14586.4861	70.4386	-93.691
14692.1858	69.6166	-111.638
14798.6515	69.1434	-125.625
14905.8886	68.6086	-138.568
15013.9028	67.8035	-147.871
15122.6997	67.2781	-156.023
15232.2851	66.4070	-163.852
15342.6645	65.9053	-167.714
15453.8437	65.9733	-172.247
15565.8287	65.2748	-172.218
15678.6251	65.0746	-167.887
15792.2389	65.7142	-162.514
15906.6759	65.4512	-150.455
16021.9423	65.8461	-140.285
16138.0439	65.9968	-122.421
16254.9868	66.6577	-100.737
16372.7771	66.3181	-75.761
16491.4210	66.2756	-48.388
16610.9246	66.1325	-15.263
16731.2942	66.2431	16.659
16852.5361	65.4239	53.890
16974.6565	64.8948	89.376
17097.6619	63.8112	134.896
17221.5586	62.6497	177.500
17346.3531	62.1751	-134.529
17472.0519	60.6242	-85.306
17598.6616	59.1706	-40.999
17726.1888	57.9554	2.272
17854.6400	58.4294	55.001
17984.0221	58.3991	100.924
18114.3418	58.4190	169.588
18245.6057	59.7676	-137.370
18377.8209	59.6424	-70.448
18510.9942	61.0182	5.116
18645.1325	60.9553	81.503
18780.2428	61.6428	165.962
18916.3322	61.5878	-105.685
19053.4077	61.3972	-19.537
19191.4766	61.1718	77.361
19330.5459	60.1805	176.257
19470.6230	59.3009	-81.965
19611.7152	58.1473	20.301
19753.8298	56.2516	122.359
19896.9742	53.8270	-128.240
