* Helix DSP Ultra S, output layer - channel delay set to 1.00 ms, which is exactly 96 samples at 96 kHz.
* ELECTRICAL loop, no microphone: Scarlett 2i2 out L -> Helix line in,
* Helix line out -> Scarlett in 1; out R -> in 2 direct as the timing
* reference, timing offset 0. Everything else in the channel off; no gain,
* level or routing changed within a set, so the ratio to the set's reference
* is the filter alone.
* REW V5.40 beta 134 measurement #71 'l3_delay_1.00ms', 2026-Sep-02 10:55:35, 512k sweep, 1 average, 96 kHz,
* 20 Hz - 20 kHz, loopback timing reference. SNR 46.1 dB, delay -8.0176 ms.
* Levels are REW's electrical dB (splOffset 120.00); only ratios within a set carry meaning.
* frequency_Hz<TAB>dB<TAB>phase_deg - REW's UNSMOOTHED raw spectrum (linear bins) resampled to 1/96 octave by complex averaging within each cell,
* with the measurement's own delay removed before averaging and restored after, so the cell average carries no rotation loss.
20.0000	107.5563	122.887
20.1449	107.5563	123.305
20.2909	107.5808	123.314
20.4379	107.6167	123.148
20.5860	107.6271	123.369
20.7352	107.6472	123.408
20.8855	107.6661	123.482
21.0368	107.6859	123.499
21.1893	107.7111	123.421
21.3428	107.7232	123.599
21.4975	107.7417	123.651
21.6532	107.7548	123.825
21.8102	107.7785	123.755
21.9682	107.7977	123.799
22.1274	107.8152	123.865
22.2877	107.8395	123.797
22.4492	107.8517	123.989
22.6119	107.8698	124.059
22.7758	107.8803	124.305
22.9408	107.9060	124.221
23.1071	107.9204	124.394
23.2745	107.9423	124.413
23.4432	107.9600	124.532
23.6130	107.9786	124.635
23.7841	107.9990	124.715
23.9565	108.0146	124.887
24.1301	108.0366	124.939
24.3049	108.0496	125.165
24.4811	108.0723	125.202
24.6585	108.0834	125.469
24.8372	108.1060	125.503
25.0171	108.1161	125.799
25.1984	108.1384	125.838
25.3810	108.1480	126.152
25.5649	108.1698	126.206
25.7502	108.1795	126.525
25.9368	108.2006	126.601
26.1247	108.2105	126.916
26.3141	108.2302	127.021
26.5047	108.2406	127.323
26.6968	108.2581	127.469
26.8903	108.2690	127.751
27.0851	108.2839	127.949
27.2814	108.2958	128.208
27.4791	108.3080	128.469
27.6782	108.3213	128.697
27.8788	108.3310	129.028
28.0808	108.3464	129.220
28.2843	108.3538	129.624
28.4892	108.3765	129.655
28.6957	108.3845	130.052
28.9036	108.3989	130.299
29.1131	108.4096	130.630
29.3240	108.4205	130.967
29.5365	108.4340	131.227
29.7506	108.4412	131.661
29.9661	108.4611	131.756
30.1833	108.4692	132.165
30.4020	108.4806	132.499
30.6223	108.4925	132.821
30.8442	108.4999	133.270
31.0677	108.5187	133.419
31.2929	108.5267	133.848
31.5196	108.5365	134.236
31.7480	108.5529	134.422
31.9781	108.5579	134.939
32.2098	108.5684	135.300
32.4432	108.5776	135.714
32.6783	108.5839	136.214
32.9151	108.6001	136.473
33.1536	108.6090	136.937
33.3939	108.6169	137.434
33.6359	108.6336	137.712
33.8796	108.6415	138.199
34.1251	108.6491	138.705
34.3724	108.6629	139.008
34.6215	108.6698	139.513
34.8723	108.6757	140.056
35.1250	108.6886	140.406
35.3796	108.6970	140.915
35.6359	108.7024	141.511
35.8942	108.7167	141.888
36.1543	108.7301	142.266
36.4163	108.7349	142.858
36.6802	108.7411	143.411
36.9460	108.7496	143.816
37.2137	108.7540	144.377
37.4834	108.7568	145.025
37.7550	108.7646	145.485
38.0286	108.7748	145.961
38.3041	108.7823	146.567
38.5817	108.7874	147.240
38.8613	108.8009	147.717
39.1429	108.8134	148.190
39.4265	108.8237	148.670
39.7122	108.8273	149.351
40.0000	108.8319	150.000
40.2899	108.8393	150.533
40.5818	108.8473	151.090
40.8759	108.8566	151.666
41.1721	108.8610	152.405
41.4704	108.8668	153.112
41.7710	108.8770	153.707
42.0736	108.8861	154.308
42.3785	108.8937	154.919
42.6856	108.8974	155.659
42.9949	108.9003	156.437
43.3065	108.9066	157.083
43.6203	108.9134	157.743
43.9364	108.9210	158.409
44.2548	108.9290	159.080
44.5755	108.9367	159.753
44.8985	108.9436	160.433
45.2238	108.9465	161.250
45.5515	108.9496	162.071
45.8816	108.9553	162.784
46.2141	108.9612	163.511
46.5490	108.9674	164.249
46.8863	108.9735	164.995
47.2261	108.9792	165.751
47.5683	108.9843	166.519
47.9130	108.9892	167.303
48.2602	108.9945	168.100
48.6099	109.0005	168.908
48.9621	109.0068	169.722
49.3169	109.0126	170.544
49.6743	109.0175	171.375
50.0343	109.0217	172.222
50.3968	109.0259	173.085
50.7620	109.0307	173.962
51.1299	109.0363	174.847
51.5004	109.0422	175.734
51.8736	109.0477	176.625
52.2495	109.0525	177.521
52.6281	109.0566	178.426
53.0095	109.0603	179.343
53.3936	109.0641	-179.728
53.7805	109.0682	-178.786
54.1702	109.0726	-177.832
54.5628	109.0773	-176.868
54.9581	109.0820	-175.896
55.3564	109.0860	-174.916
55.7575	109.0890	-173.926
56.1616	109.0907	-172.921
56.5685	109.0928	-171.966
56.9785	109.0971	-170.986
57.3914	109.1024	-169.931
57.8072	109.1088	-168.879
58.2261	109.1146	-167.829
58.6481	109.1187	-166.777
59.0730	109.1206	-165.709
59.5011	109.1217	-164.684
59.9323	109.1243	-163.626
60.3666	109.1280	-162.493
60.8040	109.1327	-161.359
61.2446	109.1373	-160.225
61.6884	109.1421	-159.160
62.1355	109.1451	-158.081
62.5857	109.1469	-156.912
63.0392	109.1494	-155.727
63.4960	109.1544	-154.591
63.9562	109.1593	-153.445
64.4196	109.1617	-152.226
64.8864	109.1638	-150.991
65.3566	109.1675	-149.796
65.8302	109.1723	-148.593
66.3073	109.1756	-147.333
66.7877	109.1792	-146.127
67.2717	109.1815	-144.904
67.7592	109.1832	-143.604
68.2502	109.1869	-142.342
68.7448	109.1915	-141.071
69.2429	109.1944	-139.740
69.7447	109.1983	-138.450
70.2501	109.2020	-137.147
70.7591	109.2045	-135.782
71.2719	109.2076	-134.456
71.7884	109.2101	-133.113
72.3086	109.2120	-131.750
72.8325	109.2134	-130.372
73.3603	109.2147	-128.978
73.8919	109.2167	-127.576
74.4274	109.2187	-126.124
74.9667	109.2217	-124.716
75.5099	109.2242	-123.297
76.0571	109.2273	-121.849
76.6083	109.2322	-120.378
77.1634	109.2379	-118.898
77.7226	109.2413	-117.450
78.2858	109.2408	-115.940
78.8531	109.2409	-114.416
79.4245	109.2420	-112.897
80.0000	109.2418	-111.380
80.5797	109.2407	-109.836
81.1636	109.2429	-108.249
81.7518	109.2523	-106.676
82.3442	109.2595	-105.075
82.9409	109.2627	-103.465
83.5419	109.2641	-101.836
84.1473	109.2653	-100.203
84.7570	109.2651	-98.613
85.3712	109.2637	-96.960
85.9899	109.2649	-95.273
86.6130	109.2709	-93.605
87.2406	109.2749	-91.932
87.8728	109.2754	-90.197
88.5096	109.2763	-88.439
89.1509	109.2782	-86.711
89.7970	109.2785	-84.979
90.4477	109.2796	-83.188
91.1031	109.2837	-81.384
91.7633	109.2885	-79.608
92.4282	109.2891	-77.802
93.0980	109.2897	-75.959
93.7726	109.2917	-74.087
94.4521	109.2934	-72.219
95.1366	109.2946	-70.374
95.8260	109.2971	-68.510
96.5204	109.3012	-66.627
97.2198	109.3039	-64.721
97.9243	109.3034	-62.777
98.6339	109.3032	-60.792
99.3486	109.3073	-58.806
100.0685	109.3112	-56.852
100.7937	109.3111	-54.890
101.5241	109.3111	-52.886
102.2598	109.3136	-50.855
103.0008	109.3164	-48.815
103.7472	109.3171	-46.772
104.4990	109.3148	-44.707
105.2562	109.3150	-42.597
106.0189	109.3221	-40.475
106.7872	109.3276	-38.369
107.5610	109.3260	-36.227
108.3404	109.3252	-34.034
109.1255	109.3276	-31.874
109.9163	109.3278	-29.714
110.7128	109.3301	-27.507
111.5151	109.3314	-25.287
112.3231	109.3301	-23.022
113.1371	109.3338	-20.742
113.9569	109.3365	-18.495
114.7827	109.3335	-16.190
115.6145	109.3348	-13.835
116.4523	109.3412	-11.507
117.2961	109.3432	-9.187
118.1461	109.3422	-6.827
119.0022	109.3387	-4.459
119.8646	109.3390	-2.037
120.7332	109.3442	0.406
121.6080	109.3466	2.834
122.4893	109.3483	5.299
123.3769	109.3512	7.770
124.2709	109.3532	10.270
125.1714	109.3576	12.781
126.0785	109.3562	15.300
126.9921	109.3542	17.871
127.9123	109.3552	20.437
128.8392	109.3530	23.030
129.7728	109.3560	25.671
130.7132	109.3611	28.305
131.6604	109.3625	30.959
132.6145	109.3618	33.646
133.5755	109.3623	36.367
134.5434	109.3672	39.100
135.5184	109.3683	41.832
136.5004	109.3700	44.588
137.4895	109.3720	47.355
138.4858	109.3700	50.148
139.4894	109.3709	52.972
140.5002	109.3772	55.801
141.5183	109.3788	58.649
142.5438	109.3742	61.558
143.5767	109.3728	64.509
144.6171	109.3746	67.441
145.6651	109.3753	70.376
146.7206	109.3740	73.350
147.7838	109.3768	76.364
148.8547	109.3790	79.372
149.9334	109.3762	82.427
151.0199	109.3802	85.517
152.1142	109.3822	88.595
153.2165	109.3817	91.726
154.3268	109.3866	94.881
155.4451	109.3878	98.022
156.5715	109.3845	101.232
157.7061	109.3887	104.414
158.8489	109.3850	107.618
160.0000	109.3908	110.895
161.1594	109.3923	114.172
162.3273	109.3928	117.523
163.5035	109.3913	120.849
164.6884	109.3895	124.218
165.8818	109.3904	127.577
167.0838	109.3946	131.007
168.2946	109.4037	134.411
169.5141	109.3978	137.875
170.7425	109.4003	141.369
171.9797	109.3970	144.852
173.2260	109.3982	148.436
174.4812	109.4006	151.992
175.7456	109.4017	155.554
177.0191	109.4024	159.172
178.3019	109.4028	162.857
179.5939	109.4054	166.520
180.8953	109.4076	170.244
182.2062	109.4101	173.974
183.5265	109.4015	177.800
184.8564	109.4076	-178.463
186.1960	109.4060	-174.698
187.5452	109.4068	-170.842
188.9043	109.4096	-167.002
190.2731	109.4180	-163.111
191.6519	109.4212	-159.188
193.0407	109.4147	-155.222
194.4396	109.4077	-151.241
195.8486	109.4215	-147.221
197.2678	109.4236	-143.178
198.6972	109.4204	-139.106
200.1371	109.4225	-134.995
201.5874	109.4231	-130.845
203.0482	109.4221	-126.683
204.5195	109.4169	-122.469
206.0016	109.4207	-118.242
207.4943	109.4252	-113.963
208.9979	109.4218	-109.664
210.5124	109.4264	-105.325
212.0379	109.4253	-100.993
213.5744	109.4245	-96.637
215.1220	109.4302	-92.200
216.6809	109.4265	-87.738
218.2510	109.4256	-83.279
219.8326	109.4254	-78.742
221.4256	109.4272	-74.195
223.0301	109.4266	-69.606
224.6463	109.4329	-65.006
226.2742	109.4424	-60.322
227.9138	109.4319	-55.612
229.5654	109.4310	-50.893
231.2289	109.4314	-46.087
232.9045	109.4323	-41.359
234.5922	109.4320	-36.541
236.2922	109.4384	-31.658
238.0045	109.4363	-26.744
239.7291	109.4297	-21.753
241.4663	109.4392	-16.793
243.2161	109.4398	-11.849
244.9785	109.4409	-6.767
246.7537	109.4441	-1.707
248.5418	109.4337	3.449
250.3428	109.4388	8.601
252.1569	109.4481	13.783
253.9842	109.4499	19.016
255.8246	109.4461	24.268
257.6785	109.4428	29.578
259.5457	109.4372	34.922
261.4265	109.4422	40.319
263.3209	109.4416	45.720
265.2290	109.4707	51.326
267.1510	109.3953	56.804
269.0869	109.4098	62.481
271.0368	109.4370	67.966
273.0008	109.4409	73.553
274.9791	109.4486	79.105
276.9717	109.4489	84.870
278.9788	109.4471	90.645
281.0003	109.4513	96.499
283.0366	109.4471	102.254
285.0876	109.4570	108.195
287.1535	109.4473	114.182
289.2343	109.4453	120.169
291.3302	109.4520	126.127
293.4413	109.4545	132.183
295.5677	109.4458	138.303
297.7095	109.4509	144.456
299.8668	109.4545	150.649
302.0398	109.4553	156.908
304.2285	109.4532	163.170
306.4330	109.4552	169.533
308.6536	109.4573	175.914
310.8902	109.4505	-177.751
313.1431	109.4600	-171.220
315.4122	109.4555	-164.705
317.6978	109.4570	-158.131
320.0000	109.4611	-151.527
322.3189	109.4608	-144.846
324.6545	109.4619	-138.156
327.0071	109.4598	-131.378
329.3767	109.4638	-124.513
331.7635	109.4596	-117.659
334.1676	109.4618	-110.782
336.5891	109.4603	-103.834
339.0282	109.4631	-96.834
341.4849	109.4635	-89.715
343.9595	109.4617	-82.636
346.4519	109.4634	-75.448
348.9625	109.4593	-68.217
351.4912	109.4593	-60.989
354.0383	109.4637	-53.634
356.6038	109.4642	-46.208
359.1879	109.4658	-38.774
361.7907	109.4624	-31.325
364.4124	109.4673	-23.790
367.0530	109.4646	-16.194
369.7129	109.4612	-8.557
372.3920	109.4620	-0.818
375.0905	109.4655	6.958
377.8085	109.4657	14.779
380.5463	109.4633	22.614
383.3039	109.4694	30.602
386.0814	109.4680	38.583
388.8792	109.4718	46.640
391.6971	109.4665	54.730
394.5355	109.4645	62.909
397.3945	109.4662	71.149
400.2742	109.4646	79.474
403.1747	109.4654	87.775
406.0963	109.4672	96.212
409.0390	109.4650	104.623
412.0031	109.4671	113.223
414.9887	109.4658	121.802
417.9958	109.4622	130.509
421.0248	109.4676	139.183
424.0757	109.4654	147.978
427.1488	109.4699	156.829
430.2440	109.4623	165.751
433.3618	109.4661	174.735
436.5021	109.4651	-176.258
439.6652	109.4669	-167.126
442.8512	109.4657	-157.931
446.0602	109.4625	-148.709
449.2926	109.4665	-139.384
452.5483	109.4618	-130.008
455.8277	109.4635	-120.576
459.1308	109.4580	-111.018
462.4579	109.4680	-101.454
465.8090	109.4642	-91.818
469.1845	109.4633	-82.084
472.5844	109.4615	-72.293
476.0089	109.4621	-62.422
479.4583	109.4707	-52.490
482.9326	109.4607	-42.486
486.4321	109.4614	-32.371
489.9570	109.4678	-22.227
493.5075	109.4668	-11.991
497.0836	109.4590	-1.707
500.6857	109.4575	8.704
504.3139	109.4591	19.130
507.9683	109.4612	29.689
511.6493	109.4601	40.286
515.3569	109.4587	50.955
519.0914	109.4577	61.729
522.8529	109.4593	72.571
526.6418	109.4586	83.461
530.4580	109.4558	94.514
534.3019	109.4644	105.533
538.1737	109.4575	116.708
542.0735	109.4546	127.978
546.0016	109.4569	139.301
549.9582	109.4555	150.712
553.9434	109.4519	162.188
557.9575	109.4534	173.743
562.0007	109.4554	-174.616
566.0732	109.4541	-162.886
570.1752	109.4515	-151.056
574.3069	109.4503	-139.142
578.4686	109.4539	-127.133
582.6604	109.4523	-115.081
586.8826	109.4462	-102.892
591.1354	109.4517	-90.667
595.4190	109.4476	-78.281
599.7336	109.4465	-65.833
604.0796	109.4454	-53.323
608.4570	109.4432	-40.705
612.8661	109.4482	-27.994
617.3072	109.4461	-15.171
621.7804	109.4457	-2.257
626.2861	109.4438	10.696
630.8244	109.4417	23.762
635.3957	109.4451	36.959
640.0000	109.4443	50.232
644.6377	109.4446	63.581
649.3090	109.4467	77.066
654.0142	109.4445	90.629
658.7534	109.4424	104.275
663.5270	109.4429	118.054
668.3352	109.4365	131.914
673.1783	109.4435	145.888
678.0564	109.4395	159.944
682.9699	109.4424	174.106
687.9189	109.4388	-171.626
692.9039	109.4374	-157.250
697.9249	109.4403	-142.796
702.9824	109.4405	-128.186
708.0765	109.4373	-113.511
713.2075	109.4418	-98.735
718.3757	109.4416	-83.818
723.5814	109.4422	-68.800
728.8247	109.4416	-53.693
734.1061	109.4413	-38.445
739.4257	109.4405	-23.111
744.7839	109.4394	-7.665
750.1809	109.4407	7.871
755.6170	109.4387	23.546
761.0926	109.4399	39.374
766.6077	109.4422	55.265
772.1629	109.4424	71.270
777.7583	109.4436	87.420
783.3943	109.4452	103.668
789.0711	109.4433	120.016
794.7890	109.4433	136.519
800.5484	109.4419	153.141
806.3495	109.4500	169.877
812.1926	109.4459	-173.299
818.0781	109.4488	-156.321
824.0062	109.4482	-139.208
829.9773	109.4482	-121.965
835.9917	109.4479	-104.644
842.0496	109.4520	-87.168
848.1515	109.4484	-69.545
854.2975	109.4522	-51.825
860.4881	109.4518	-33.978
866.7236	109.4561	-15.977
873.0042	109.4546	2.128
879.3303	109.4570	20.377
885.7023	109.4554	38.768
892.1205	109.4591	57.261
898.5852	109.4609	75.923
905.0967	109.4574	94.706
911.6554	109.4602	113.628
918.2616	109.4650	132.720
924.9157	109.4631	151.898
931.6180	109.4600	171.252
938.3689	109.4639	-169.286
945.1687	109.4671	-149.634
952.0178	109.4655	-129.887
958.9165	109.4712	-109.989
965.8652	109.4696	-89.919
972.8643	109.4678	-69.731
979.9141	109.4740	-49.375
987.0149	109.4666	-28.873
994.1672	109.4719	-8.237
1001.3714	109.4715	12.542
1008.6277	109.4757	33.502
1015.9367	109.4771	54.609
1023.2986	109.4793	75.833
1030.7138	109.4719	97.237
1038.1828	109.4809	118.816
1045.7059	109.4758	140.549
1053.2835	109.4804	162.427
1060.9160	109.4776	-175.570
1068.6039	109.4753	-153.416
1076.3474	109.4720	-130.981
1084.1471	109.4804	-108.504
1092.0032	109.4766	-85.812
1099.9164	109.4726	-62.960
1107.8868	109.4752	-39.927
1115.9150	109.4787	-16.767
1124.0014	109.4771	6.563
1132.1464	109.4744	30.067
1140.3504	109.4796	53.747
1148.6138	109.4750	77.618
1156.9371	109.4758	101.612
1165.3208	109.4691	125.840
1173.7652	109.4735	150.255
1182.2708	109.4701	174.786
1190.8380	109.4676	-160.486
1199.4673	109.4645	-135.572
1208.1591	109.4587	-110.476
1216.9139	109.4628	-85.240
1225.7322	109.4620	-59.769
1234.6144	109.4631	-34.116
1243.5609	109.4585	-8.309
1252.5722	109.4596	17.688
1261.6489	109.4556	43.921
1270.7913	109.4496	70.292
1280.0000	109.4530	96.895
1289.2754	109.4522	123.638
1298.6180	109.4535	150.635
1308.0284	109.4474	177.771
1317.5069	109.4414	-154.885
1327.0541	109.4452	-127.357
1336.6704	109.4444	-99.626
1346.3565	109.4382	-71.643
1356.1128	109.4414	-43.491
1365.9397	109.4400	-15.135
1375.8379	109.4420	13.414
1385.8078	109.4342	42.205
1395.8499	109.4372	71.160
1405.9648	109.4350	100.364
1416.1530	109.4361	129.760
1426.4150	109.4361	159.375
1436.7514	109.4318	-170.802
1447.1627	109.4352	-140.761
1457.6495	109.4325	-110.503
1468.2122	109.4311	-80.045
1478.8515	109.4307	-49.334
1489.5678	109.4342	-18.414
1500.3618	109.4355	12.747
1511.2341	109.4321	44.129
1522.1851	109.4361	75.711
1533.2155	109.4366	107.558
1544.3258	109.4383	139.612
1555.5166	109.4381	171.904
1566.7885	109.4420	-155.581
1578.1421	109.4433	-122.796
1589.5780	109.4436	-89.796
1601.0967	109.4465	-56.553
1612.6989	109.4446	-23.067
1624.3852	109.4495	10.680
1636.1562	109.4517	44.657
1648.0125	109.4495	78.896
1659.9546	109.4546	113.346
1671.9833	109.4529	148.091
1684.0992	109.4529	-176.935
1696.3029	109.4575	-141.712
1708.5950	109.4534	-106.200
1720.9762	109.4581	-70.463
1733.4471	109.4572	-34.441
1746.0084	109.4616	1.838
1758.6607	109.4616	38.356
1771.4046	109.4591	75.160
1784.2410	109.4578	112.205
1797.1703	109.4602	149.549
1810.1934	109.4586	-172.830
1823.3108	109.4580	-134.963
1836.5232	109.4601	-96.800
1849.8314	109.4557	-58.368
1863.2361	109.4553	-19.659
1876.7379	109.4541	19.320
1890.3375	109.4517	58.598
1904.0356	109.4471	98.133
1917.8331	109.4475	137.964
1931.7305	109.4469	178.097
1945.7286	109.4432	-141.475
1959.8281	109.4406	-100.788
1974.0299	109.4379	-59.795
1988.3345	109.4322	-18.485
2002.7428	109.4330	23.122
2017.2555	109.4307	64.977
2031.8733	109.4259	107.181
2046.5971	109.4239	149.687
2061.4276	109.4252	-167.514
2076.3656	109.4237	-124.391
2091.4118	109.4219	-80.979
2106.5670	109.4174	-37.231
2121.8321	109.4194	6.819
2137.2077	109.4142	51.165
2152.6948	109.4160	95.889
2168.2941	109.4142	140.888
2184.0065	109.4166	-173.759
2199.8327	109.4200	-128.099
2215.7736	109.4150	-82.076
2231.8300	109.4174	-35.726
2248.0028	109.4209	10.925
2264.2927	109.4251	57.951
2280.7007	109.4258	105.300
2297.2276	109.4269	153.030
2313.8743	109.4288	-158.943
2330.6416	109.4332	-110.520
2347.5304	109.4360	-61.754
2364.5415	109.4355	-12.652
2381.6760	109.4374	36.812
2398.9346	109.4400	86.656
2416.3182	109.4420	136.854
2433.8279	109.4441	-172.562
2451.4644	109.4452	-121.637
2469.2287	109.4453	-70.355
2487.1218	109.4455	-18.677
2505.1445	109.4425	33.403
2523.2978	109.4434	85.811
2541.5826	109.4410	138.615
2560.0000	109.4415	-168.212
2578.5508	109.4410	-114.637
2597.2361	109.4375	-60.694
2616.0567	109.4359	-6.346
2635.0137	109.4320	48.397
2654.1081	109.4281	103.523
2673.3409	109.4252	159.047
2692.7130	109.4206	-145.021
2712.2255	109.4187	-88.694
2731.8794	109.4131	-31.954
2751.6758	109.4125	25.212
2771.6155	109.4104	82.726
2791.6998	109.4106	140.697
2811.9296	109.4086	-160.886
2832.3060	109.4056	-102.096
2852.8301	109.4063	-42.880
2873.5028	109.4043	16.808
2894.3254	109.4039	76.886
2915.2989	109.4066	137.424
2936.4244	109.4091	-161.617
2957.7029	109.4110	-100.183
2979.1356	109.4116	-38.335
3000.7237	109.4182	23.988
3022.4682	109.4185	86.738
3044.3702	109.4220	149.973
3066.4310	109.4246	-146.315
3088.6516	109.4287	-82.157
3111.0332	109.4325	-17.518
3133.5771	109.4338	47.589
3156.2843	109.4364	113.139
3179.1560	109.4378	179.208
3202.1935	109.4379	-114.259
3225.3979	109.4370	-47.240
3248.7705	109.4355	20.251
3272.3124	109.4356	88.253
3296.0249	109.4330	156.732
3319.9093	109.4313	-134.291
3343.9667	109.4304	-64.815
3368.1985	109.4285	5.140
3392.6058	109.4235	75.612
3417.1900	109.4177	146.590
3441.9524	109.4137	-141.956
3466.8942	109.4113	-69.944
3492.0167	109.4047	2.571
3517.3213	109.4088	75.593
3542.8093	109.4065	149.174
3568.4820	109.4032	-136.746
3594.3406	109.4065	-62.099
3620.3867	109.4078	13.056
3646.6215	109.4095	88.782
3673.0465	109.4127	165.049
3699.6629	109.4183	-118.112
3726.4721	109.4224	-40.720
3753.4757	109.4254	37.239
3780.6749	109.4318	115.773
3808.0713	109.4366	-165.127
3835.6661	109.4398	-85.430
3863.4609	109.4402	-5.167
3891.4572	109.4440	75.690
3919.6563	109.4448	157.139
3948.0597	109.4453	-120.845
3976.6690	109.4471	-38.200
4005.4856	109.4445	45.022
4034.5110	109.4410	128.843
4063.7467	109.4374	-146.730
4093.1943	109.4346	-61.697
4122.8552	109.4313	23.921
4152.7312	109.4248	110.175
4182.8236	109.4203	-162.952
4213.1340	109.4175	-75.455
4243.6641	109.4178	12.655
4274.4155	109.4182	101.393
4305.3896	109.4203	-169.193
4336.5883	109.4182	-79.165
4368.0130	109.4241	11.537
4399.6654	109.4254	102.919
4431.5472	109.4325	-165.082
4463.6600	109.4363	-72.350
4496.0055	109.4447	21.041
4528.5854	109.4524	115.096
4561.4014	109.4581	-150.123
4594.4552	109.4642	-54.655
4627.7485	109.4674	41.498
4661.2831	109.4670	138.380
4695.0607	109.4700	-124.076
4729.0830	109.4658	-25.829
4763.3519	109.4603	73.156
4797.8691	109.4562	172.839
4832.6365	109.4497	-86.787
4867.6558	109.4465	14.319
4902.9288	109.4444	116.123
4938.4574	109.4379	-141.322
4974.2435	109.4378	-38.022
5010.2890	109.4394	66.015
5046.5956	109.4371	170.802
5083.1653	109.4414	-83.650
5120.0000	109.4479	22.663
5157.1016	109.4530	129.775
5194.4721	109.4625	-122.340
5232.1134	109.4673	-13.660
5270.0275	109.4724	95.822
5308.2162	109.4792	-153.871
5346.6818	109.4822	-42.767
5385.4260	109.4843	69.131
5424.4510	109.4861	-178.160
5463.7589	109.4818	-64.631
5503.3515	109.4776	49.719
5543.2311	109.4711	164.864
5583.3996	109.4654	-79.166
5623.8592	109.4617	37.654
5664.6120	109.4584	155.283
5705.6601	109.4543	-86.251
5747.0057	109.4540	33.083
5788.6509	109.4575	153.291
5830.5978	109.4621	-85.632
5872.8487	109.4691	36.317
5915.4058	109.4768	159.180
5958.2713	109.4835	-77.039
6001.4474	109.4924	47.668
6044.9363	109.4954	173.251
6088.7404	109.4984	-60.212
6132.8620	109.4966	67.221
6177.3032	109.4922	-164.424
6222.0665	109.4884	-35.155
6267.1541	109.4792	95.040
6312.5685	109.4736	-133.840
6358.3120	109.4703	-1.787
6404.3869	109.4633	131.198
6450.7958	109.4634	-94.835
6497.5409	109.4630	40.072
6544.6248	109.4681	175.999
6592.0498	109.4735	-47.099
6639.8185	109.4832	90.810
6687.9334	109.4875	-130.254
6736.3969	109.4902	9.703
6785.2116	109.4947	150.702
6834.3801	109.4980	-67.280
6883.9048	109.4885	75.756
6933.7884	109.4867	-140.174
6984.0335	109.4760	4.901
7034.6427	109.4694	151.016
7085.6186	109.4613	-61.823
7136.9639	109.4545	86.383
7188.6813	109.4551	-124.329
7240.7734	109.4578	26.030
7293.2431	109.4628	177.485
7346.0929	109.4699	-29.911
7399.3257	109.4748	123.805
7452.9443	109.4814	-81.357
7506.9514	109.4822	74.618
7561.3499	109.4804	-128.266
7616.1425	109.4744	29.985
7671.3322	109.4664	-170.619
7726.9219	109.4547	-10.118
7782.9143	109.4462	151.518
7839.3125	109.4377	-45.666
7896.1194	109.4381	118.302
7953.3380	109.4379	-76.535
8010.9711	109.4386	89.841
8069.0219	109.4494	-102.565
8127.4934	109.4526	66.294
8186.3886	109.4571	-123.631
8245.7105	109.4569	47.709
8305.4623	109.4546	-139.710
8365.6471	109.4466	34.106
8426.2680	109.4350	-150.866
8487.3283	109.4272	25.438
8548.8309	109.4159	-157.035
8610.7793	109.4155	21.795
8673.1765	109.4168	-158.110
8736.0260	109.4227	23.335
8799.3308	109.4286	-153.896
8863.0944	109.4330	30.258
8927.3200	109.4389	-144.276
8992.0111	109.4349	42.567
9057.1709	109.4318	-129.253
9122.8029	109.4219	60.290
9188.9105	109.4104	-108.863
9255.4971	109.4044	83.377
9322.5662	109.4016	-83.021
9390.1214	109.4029	111.952
9458.1661	109.4102	-51.599
9526.7039	109.4181	146.278
9595.7383	109.4271	-14.354
9665.2730	109.4290	-173.539
9735.3115	109.4262	28.744
9805.8576	109.4202	-127.509
9876.9149	109.4097	77.646
9948.4871	109.4038	-75.731
10020.5779	109.3994	132.359
10093.1912	109.4032	-18.055
10166.3306	109.4099	-166.924
10240.0000	109.4200	45.787
10314.2033	109.4292	-99.926
10388.9442	109.4296	115.920
10464.2268	109.4333	-26.652
10540.0549	109.4259	-167.694
10616.4325	109.4170	52.828
10693.3635	109.4093	-85.099
10770.8521	109.4110	138.567
10848.9021	109.4213	3.851
10927.5177	109.4298	-129.200
11006.7030	109.4410	99.457
11086.4621	109.4456	-30.197
11166.7992	109.4480	-158.189
11247.7184	109.4407	75.482
11329.2240	109.4354	-49.207
11411.3202	109.4305	-172.223
11494.0114	109.4317	66.442
11577.3017	109.4379	-53.136
11661.1956	109.4529	-170.914
11745.6975	109.4624	73.090
11830.8116	109.4668	-41.131
11916.5426	109.4622	-153.547
12002.8947	109.4597	95.745
12089.8727	109.4484	-13.139
12177.4809	109.4480	-120.305
12265.7239	109.4542	134.405
12354.6064	109.4617	31.002
12444.1330	109.4751	-70.526
12534.3083	109.4765	-170.109
12625.1370	109.4744	92.163
12716.6240	109.4645	-3.703
12808.7739	109.4551	-97.695
12901.5916	109.4538	170.193
12995.0818	109.4594	80.028
13089.2495	109.4695	-8.141
13184.0996	109.4755	-94.265
13279.6370	109.4744	-178.394
13375.8668	109.4675	99.436
13472.7938	109.4545	19.256
13570.4232	109.4474	-58.963
13668.7601	109.4449	-135.150
13767.8096	109.4559	150.741
13867.5768	109.4606	78.771
13968.0670	109.4629	8.932
14069.2853	109.4536	-58.831
14171.2372	109.4383	-124.518
14273.9278	109.4293	171.860
14377.3626	109.4264	110.363
14481.5469	109.4304	51.060
14586.4861	109.4384	-5.977
14692.1858	109.4339	-60.808
14798.6515	109.4269	-113.454
14905.8886	109.4116	-163.926
15013.9028	109.4041	147.795
15122.6997	109.4057	101.776
15232.2851	109.4102	58.061
15342.6645	109.4174	16.716
15453.8437	109.4121	-22.315
15565.8287	109.3994	-59.066
15678.6251	109.3863	-93.552
15792.2389	109.3822	-125.705
15906.6759	109.3932	-155.457
16021.9423	109.3990	177.262
16138.0439	109.4005	152.427
16254.9868	109.3886	129.979
16372.7771	109.3788	109.880
16491.4210	109.3742	92.210
16610.9246	109.3857	77.075
16731.2942	109.3989	64.489
16852.5361	109.3994	54.462
16974.6565	109.3926	46.920
17097.6619	109.3823	41.838
17221.5586	109.3847	39.300
17346.3531	109.3984	39.420
17472.0519	109.4068	42.203
17598.6616	109.4095	47.594
17726.1888	109.3998	55.632
17854.6400	109.3959	66.212
17984.0221	109.4002	79.526
18114.3418	109.4176	95.561
18245.6057	109.4141	114.433
18377.8209	109.4138	135.922
18510.9942	109.4092	160.154
18645.1325	109.4031	-172.887
18780.2428	109.4155	-143.055
18916.3322	109.4260	-110.356
19053.4077	109.4183	-74.786
19191.4766	109.4135	-36.405
19330.5459	109.4040	4.699
19470.6230	109.4105	48.817
19611.7152	109.4194	95.924
19753.8298	109.4075	145.971
19896.9742	109.3890	-161.041
