* Helix DSP Ultra S, output layer - channel delay 0 - the set's reference; all filters bypassed, phase 0.
* ELECTRICAL loop, no microphone: Scarlett 2i2 out L -> Helix line in,
* Helix line out -> Scarlett in 1; out R -> in 2 direct as the timing
* reference, timing offset 0. Everything else in the channel off; no gain,
* level or routing changed within a set, so the ratio to the set's reference
* is the filter alone.
* REW V5.40 beta 134 measurement #68 'l0_delay_0', 2026-Sep-02 10:54:29, 512k sweep, 1 average, 96 kHz,
* 20 Hz - 20 kHz, loopback timing reference. SNR 45.9 dB, delay -9.0175 ms.
* Levels are REW's electrical dB (splOffset 120.00); only ratios within a set carry meaning.
* frequency_Hz<TAB>dB<TAB>phase_deg - REW's UNSMOOTHED raw spectrum (linear bins) resampled to 1/96 octave by complex averaging within each cell,
* with the measurement's own delay removed before averaging and restored after, so the cell average carries no rotation loss.
20.0000	107.5579	130.087
20.1449	107.5579	130.557
20.2909	107.5819	130.615
20.4379	107.6170	130.498
20.5860	107.6271	130.771
20.7352	107.6464	130.862
20.8855	107.6646	130.989
21.0368	107.6838	131.061
21.1893	107.7081	131.039
21.3428	107.7200	131.275
21.4975	107.7381	131.384
21.6532	107.7510	131.616
21.8102	107.7748	131.607
21.9682	107.7940	131.711
22.1274	107.8120	131.837
22.2877	107.8370	131.831
22.4492	107.8497	132.082
22.6119	107.8686	132.212
22.7758	107.8795	132.518
22.9408	107.9065	132.494
23.1071	107.9216	132.728
23.2745	107.9445	132.806
23.4432	107.9630	132.985
23.6130	107.9822	133.149
23.7841	108.0033	133.289
23.9565	108.0191	133.522
24.1301	108.0414	133.636
24.3049	108.0544	133.925
24.4811	108.0769	134.025
24.6585	108.0878	134.356
24.8372	108.1099	134.454
25.0171	108.1195	134.816
25.1984	108.1410	134.921
25.3810	108.1501	135.300
25.5649	108.1708	135.420
25.7502	108.1798	135.806
25.9368	108.1995	135.947
26.1247	108.2087	136.329
26.3141	108.2268	136.502
26.5047	108.2364	136.872
26.6968	108.2526	137.088
26.8903	108.2630	137.441
27.0851	108.2771	137.710
27.2814	108.2889	138.040
27.4791	108.3010	138.372
27.6782	108.3147	138.671
27.8788	108.3248	139.073
28.0808	108.3408	139.333
28.2843	108.3484	139.809
28.4892	108.3717	139.907
28.6957	108.3798	140.378
28.9036	108.3945	140.700
29.1131	108.4055	141.109
29.3240	108.4168	141.525
29.5365	108.4313	141.867
29.7506	108.4390	142.380
29.9661	108.4613	142.559
30.1833	108.4704	143.045
30.4020	108.4830	143.457
30.6223	108.4958	143.855
30.8442	108.5037	144.382
31.0677	108.5231	144.607
31.2929	108.5312	145.118
31.5196	108.5412	145.587
31.7480	108.5586	145.857
31.9781	108.5639	146.455
32.2098	108.5753	146.896
32.4432	108.5846	147.386
32.6783	108.5910	147.966
32.9151	108.6053	148.295
33.1536	108.6120	148.843
33.3939	108.6180	149.425
33.6359	108.6300	149.804
33.8796	108.6365	150.394
34.1251	108.6427	151.002
34.3724	108.6568	151.422
34.6215	108.6650	152.022
34.8723	108.6721	152.660
35.1250	108.6872	153.090
35.3796	108.6955	153.676
35.6359	108.7009	154.356
35.8942	108.7127	154.809
36.1543	108.7235	155.285
36.4163	108.7285	155.981
36.6802	108.7348	156.641
36.9460	108.7474	157.163
37.2137	108.7557	157.822
37.4834	108.7608	158.568
37.7550	108.7739	159.107
38.0286	108.7853	159.651
38.3041	108.7906	160.344
38.5817	108.7943	161.110
38.8613	108.8018	161.695
39.1429	108.8091	162.304
39.4265	108.8173	162.930
39.7122	108.8215	163.729
40.0000	108.8270	164.500
40.2899	108.8376	165.145
40.5818	108.8481	165.789
40.8759	108.8575	166.437
41.1721	108.8608	167.270
41.4704	108.8653	168.066
41.7710	108.8720	168.754
42.0736	108.8786	169.465
42.3785	108.8862	170.198
42.6856	108.8911	171.055
42.9949	108.8950	171.949
43.3065	108.9046	172.709
43.6203	108.9137	173.472
43.9364	108.9215	174.240
44.2548	108.9277	175.019
44.5755	108.9330	175.813
44.8985	108.9385	176.622
45.2238	108.9417	177.562
45.5515	108.9450	178.506
45.8816	108.9525	179.340
46.2141	108.9603	-179.823
46.5490	108.9672	-178.980
46.8863	108.9727	-178.124
47.2261	108.9772	-177.247
47.5683	108.9813	-176.346
47.9130	108.9858	-175.422
48.2602	108.9913	-174.483
48.6099	108.9976	-173.534
48.9621	109.0041	-172.581
49.3169	109.0104	-171.626
49.6743	109.0158	-170.667
50.0343	109.0204	-169.701
50.3968	109.0245	-168.725
50.7620	109.0285	-167.737
51.1299	109.0327	-166.737
51.5004	109.0369	-165.725
51.8736	109.0410	-164.702
52.2495	109.0448	-163.663
52.6281	109.0487	-162.607
53.0095	109.0532	-161.537
53.3936	109.0585	-160.456
53.7805	109.0643	-159.370
54.1702	109.0697	-158.282
54.5628	109.0738	-157.188
54.9581	109.0765	-156.079
55.3564	109.0787	-154.951
55.7575	109.0816	-153.803
56.1616	109.0860	-152.642
56.5685	109.0941	-151.557
56.9785	109.1005	-150.472
57.3914	109.1027	-149.291
57.8072	109.1042	-148.088
58.2261	109.1062	-146.863
58.6481	109.1096	-145.625
59.0730	109.1140	-144.379
59.5011	109.1202	-143.200
59.9323	109.1248	-142.012
60.3666	109.1270	-140.736
60.8040	109.1294	-139.443
61.2446	109.1325	-138.138
61.6884	109.1381	-136.890
62.1355	109.1433	-135.641
62.5857	109.1455	-134.319
63.0392	109.1465	-132.985
63.4960	109.1459	-131.694
63.9562	109.1456	-130.368
64.4196	109.1473	-128.964
64.8864	109.1508	-127.550
65.3566	109.1581	-126.193
65.8302	109.1649	-124.840
66.3073	109.1682	-123.417
66.7877	109.1723	-122.040
67.2717	109.1763	-120.646
67.7592	109.1787	-119.179
68.2502	109.1810	-117.752
68.7448	109.1827	-116.298
69.2429	109.1846	-114.773
69.7447	109.1895	-113.286
70.2501	109.1949	-111.800
70.7591	109.1977	-110.259
71.2719	109.1999	-108.757
71.7884	109.2018	-107.230
72.3086	109.2050	-105.680
72.8325	109.2090	-104.119
73.3603	109.2124	-102.548
73.8919	109.2147	-100.963
74.4274	109.2157	-99.317
74.9667	109.2166	-97.700
75.5099	109.2168	-96.065
76.0571	109.2174	-94.400
76.6083	109.2207	-92.709
77.1634	109.2279	-91.017
77.7226	109.2362	-89.393
78.2858	109.2369	-87.721
78.8531	109.2337	-86.008
79.4245	109.2325	-84.258
80.0000	109.2359	-82.499
80.5797	109.2400	-80.746
81.1636	109.2410	-78.983
81.7518	109.2415	-77.214
82.3442	109.2454	-75.380
82.9409	109.2521	-73.549
83.5419	109.2575	-71.723
84.1473	109.2591	-69.884
84.7570	109.2585	-68.048
85.3712	109.2580	-66.145
85.9899	109.2581	-64.218
86.6130	109.2606	-62.300
87.2406	109.2662	-60.394
87.8728	109.2696	-58.467
88.5096	109.2694	-56.525
89.1509	109.2677	-54.575
89.7970	109.2694	-52.581
90.4477	109.2724	-50.549
91.1031	109.2748	-48.514
91.7633	109.2771	-46.505
92.4282	109.2784	-44.490
93.0980	109.2787	-42.446
93.7726	109.2800	-40.331
94.4521	109.2838	-38.189
95.1366	109.2898	-36.064
95.8260	109.2923	-33.943
96.5204	109.2905	-31.813
97.2198	109.2886	-29.655
97.9243	109.2908	-27.474
98.6339	109.2960	-25.280
99.3486	109.2999	-23.066
100.0685	109.3016	-20.822
100.7937	109.3020	-18.563
101.5241	109.3001	-16.295
102.2598	109.2983	-14.000
103.0008	109.3000	-11.680
103.7472	109.3036	-9.348
104.4990	109.3070	-6.995
105.2562	109.3115	-4.624
106.0189	109.3152	-2.256
106.7872	109.3153	0.136
107.5610	109.3162	2.574
108.3404	109.3191	5.023
109.1255	109.3160	7.467
109.9163	109.3143	9.967
110.7128	109.3193	12.462
111.5151	109.3204	14.942
112.3231	109.3197	17.476
113.1371	109.3247	20.019
113.9569	109.3260	22.572
114.7827	109.3257	25.191
115.6145	109.3283	27.819
116.4523	109.3292	30.429
117.2961	109.3304	33.081
118.1461	109.3330	35.773
119.0022	109.3343	38.476
119.8646	109.3356	41.201
120.7332	109.3359	43.947
121.6080	109.3358	46.688
122.4893	109.3360	49.448
123.3769	109.3366	52.256
124.2709	109.3407	55.092
125.1714	109.3408	57.920
126.0785	109.3375	60.789
126.9921	109.3405	63.676
127.9123	109.3423	66.564
128.8392	109.3429	69.512
129.7728	109.3452	72.478
130.7132	109.3439	75.460
131.6604	109.3462	78.467
132.6145	109.3493	81.472
133.5755	109.3519	84.515
134.5434	109.3560	87.582
135.5184	109.3537	90.662
136.5004	109.3530	93.768
137.4895	109.3538	96.902
138.4858	109.3567	100.083
139.4894	109.3610	103.243
140.5002	109.3547	106.454
141.5183	109.3573	109.736
142.5438	109.3645	112.974
143.5767	109.3658	116.210
144.6171	109.3622	119.517
145.6651	109.3599	122.894
146.7206	109.3641	126.256
147.7838	109.3657	129.592
148.8547	109.3628	133.001
149.9334	109.3642	136.494
151.0199	109.3737	139.960
152.1142	109.3737	143.405
153.2165	109.3743	146.934
154.3268	109.3778	150.475
155.4451	109.3723	154.036
156.5715	109.3702	157.636
157.7061	109.3757	161.254
158.8489	109.3798	164.886
160.0000	109.3751	168.577
161.1594	109.3722	172.317
162.3273	109.3738	176.037
163.5035	109.3741	179.768
164.6884	109.3786	-176.447
165.8818	109.3765	-172.653
167.0838	109.3745	-168.790
168.2946	109.3763	-164.948
169.5141	109.3791	-161.038
170.7425	109.3848	-157.135
171.9797	109.3800	-153.174
173.2260	109.3837	-149.139
174.4812	109.3841	-145.134
175.7456	109.3816	-141.082
177.0191	109.3799	-137.018
178.3019	109.3835	-132.897
179.5939	109.3873	-128.804
180.8953	109.3923	-124.617
182.2062	109.3941	-120.406
183.5265	109.3947	-116.096
184.8564	109.3905	-111.890
186.1960	109.3796	-107.603
187.5452	109.3844	-103.266
188.9043	109.3927	-98.906
190.2731	109.3958	-94.552
191.6519	109.3933	-90.123
193.0407	109.3933	-85.682
194.4396	109.3925	-81.190
195.8486	109.3941	-76.670
197.2678	109.3942	-72.079
198.6972	109.3942	-67.464
200.1371	109.3928	-62.851
201.5874	109.3912	-58.219
203.0482	109.3958	-53.515
204.5195	109.3971	-48.783
206.0016	109.3978	-44.028
207.4943	109.4008	-39.214
208.9979	109.4063	-34.409
210.5124	109.4006	-29.513
212.0379	109.4014	-24.632
213.5744	109.4046	-19.680
215.1220	109.4040	-14.713
216.6809	109.4007	-9.749
218.2510	109.4060	-4.695
219.8326	109.4055	0.437
221.4256	109.4041	5.567
223.0301	109.4018	10.724
224.6463	109.4061	15.911
226.2742	109.4061	21.091
227.9138	109.4095	26.426
229.5654	109.4046	31.770
231.2289	109.4081	37.147
232.9045	109.4089	42.526
234.5922	109.4090	47.930
236.2922	109.4101	53.412
238.0045	109.4092	58.940
239.7291	109.4036	64.490
241.4663	109.4091	70.120
243.2161	109.4107	75.759
244.9785	109.4069	81.419
246.7537	109.4109	87.156
248.5418	109.4188	92.907
250.3428	109.4149	98.711
252.1569	109.4111	104.574
253.9842	109.4067	110.467
255.8246	109.4147	116.395
257.6785	109.4103	122.360
259.5457	109.4152	128.363
261.4265	109.4129	134.501
263.3209	109.4083	140.569
265.2290	109.4279	146.624
267.1510	109.3921	153.135
269.0869	109.4011	159.404
271.0368	109.4071	165.521
273.0008	109.4191	171.855
274.9791	109.4212	178.171
276.9717	109.4257	-175.370
278.9788	109.4149	-168.898
281.0003	109.4225	-162.379
283.0366	109.4204	-155.773
285.0876	109.4211	-149.160
287.1535	109.4189	-142.474
289.2343	109.4242	-135.803
291.3302	109.4248	-129.026
293.4413	109.4241	-122.193
295.5677	109.4264	-115.323
297.7095	109.4220	-108.383
299.8668	109.4230	-101.370
302.0398	109.4221	-94.363
304.2285	109.4277	-87.300
306.4330	109.4225	-80.214
308.6536	109.4306	-73.071
310.8902	109.4204	-65.828
313.1431	109.4269	-58.520
315.4122	109.4293	-51.189
317.6978	109.4288	-43.823
320.0000	109.4274	-36.381
322.3189	109.4277	-28.879
324.6545	109.4271	-21.317
327.0071	109.4280	-13.701
329.3767	109.4240	-6.044
331.7635	109.4261	1.690
334.1676	109.4263	9.455
336.5891	109.4279	17.291
339.0282	109.4292	25.177
341.4849	109.4285	33.119
343.9595	109.4328	41.123
346.4519	109.4318	49.161
348.9625	109.4349	57.301
351.4912	109.4294	65.457
354.0383	109.4325	73.710
356.6038	109.4312	82.018
359.1879	109.4340	90.403
361.7907	109.4355	98.833
364.4124	109.4291	107.306
367.0530	109.4334	115.828
369.7129	109.4342	124.436
372.3920	109.4331	133.130
375.0905	109.4385	141.847
377.8085	109.4348	150.688
380.5463	109.4305	159.539
383.3039	109.4341	168.450
386.0814	109.4350	177.419
388.8792	109.4336	-173.525
391.6971	109.4374	-164.418
394.5355	109.4377	-155.189
397.3945	109.4357	-145.951
400.2742	109.4420	-136.627
403.1747	109.4413	-127.238
406.0963	109.4360	-117.770
409.0390	109.4425	-108.241
412.0031	109.4436	-98.622
414.9887	109.4395	-88.959
417.9958	109.4383	-79.246
421.0248	109.4398	-69.413
424.0757	109.4420	-59.534
427.1488	109.4423	-49.546
430.2440	109.4411	-39.586
433.3618	109.4396	-29.475
436.5021	109.4411	-19.294
439.6652	109.4435	-9.018
442.8512	109.4444	1.272
446.0602	109.4459	11.687
449.2926	109.4405	22.159
452.5483	109.4444	32.714
455.8277	109.4410	43.318
459.1308	109.4477	53.995
462.4579	109.4443	64.821
465.8090	109.4427	75.649
469.1845	109.4411	86.578
472.5844	109.4447	97.635
476.0089	109.4474	108.736
479.4583	109.4429	119.919
482.9326	109.4464	131.147
486.4321	109.4503	142.475
489.9570	109.4444	153.914
493.5075	109.4439	165.415
497.0836	109.4477	177.028
500.6857	109.4502	-171.307
504.3139	109.4464	-159.544
507.9683	109.4495	-147.695
511.6493	109.4472	-135.770
515.3569	109.4474	-123.783
519.0914	109.4505	-111.661
522.8529	109.4485	-99.458
526.6418	109.4510	-87.160
530.4580	109.4487	-74.798
534.3019	109.4479	-62.376
538.1737	109.4473	-49.810
542.0735	109.4500	-37.150
546.0016	109.4499	-24.409
549.9582	109.4464	-11.560
553.9434	109.4509	1.356
557.9575	109.4566	14.338
562.0007	109.4519	27.470
566.0732	109.4560	40.689
570.1752	109.4524	53.969
574.3069	109.4555	67.355
578.4686	109.4558	80.854
582.6604	109.4522	94.439
586.8826	109.4503	108.110
591.1354	109.4561	121.964
595.4190	109.4546	135.817
599.7336	109.4581	149.821
604.0796	109.4529	163.893
608.4570	109.4585	178.118
612.8661	109.4559	-167.631
617.3072	109.4586	-153.173
621.7804	109.4572	-138.680
626.2861	109.4556	-124.067
630.8244	109.4586	-109.332
635.3957	109.4541	-94.522
640.0000	109.4599	-79.568
644.6377	109.4546	-64.528
649.3090	109.4587	-49.374
654.0142	109.4596	-34.126
658.7534	109.4623	-18.767
663.5270	109.4606	-3.266
668.3352	109.4602	12.337
673.1783	109.4590	28.035
678.0564	109.4648	43.849
682.9699	109.4583	59.790
687.9189	109.4628	75.848
692.9039	109.4618	92.049
697.9249	109.4666	108.300
702.9824	109.4630	124.722
708.0765	109.4611	141.248
713.2075	109.4628	157.893
718.3757	109.4615	174.681
723.5814	109.4656	-168.449
728.8247	109.4591	-151.431
734.1061	109.4644	-134.308
739.4257	109.4646	-117.045
744.7839	109.4645	-99.669
750.1809	109.4632	-82.162
755.6170	109.4639	-64.520
761.0926	109.4605	-46.754
766.6077	109.4633	-28.843
772.1629	109.4629	-10.855
777.7583	109.4630	7.328
783.3943	109.4662	25.606
789.0711	109.4650	44.016
794.7890	109.4670	62.596
800.5484	109.4654	81.289
806.3495	109.4652	100.095
812.1926	109.4679	119.041
818.0781	109.4664	138.169
824.0062	109.4682	157.417
829.9773	109.4703	176.756
835.9917	109.4678	-163.735
842.0496	109.4698	-144.049
848.1515	109.4715	-124.227
854.2975	109.4671	-104.300
860.4881	109.4665	-84.208
866.7236	109.4703	-63.974
873.0042	109.4695	-43.595
879.3303	109.4710	-23.059
885.7023	109.4655	-2.370
892.1205	109.4684	18.449
898.5852	109.4709	39.406
905.0967	109.4726	60.558
911.6554	109.4746	81.838
918.2616	109.4700	103.282
924.9157	109.4744	124.893
931.6180	109.4709	146.650
938.3689	109.4693	168.551
945.1687	109.4688	-169.370
952.0178	109.4707	-147.171
958.9165	109.4686	-124.743
965.8652	109.4743	-102.204
972.8643	109.4735	-79.485
979.9141	109.4749	-56.609
987.0149	109.4737	-33.568
994.1672	109.4693	-10.323
1001.3714	109.4758	13.039
1008.6277	109.4725	36.588
1015.9367	109.4743	60.329
1023.2986	109.4757	84.233
1030.7138	109.4750	108.310
1038.1828	109.4732	132.538
1045.7059	109.4737	156.936
1053.2835	109.4763	-178.461
1060.9160	109.4722	-153.672
1068.6039	109.4773	-128.667
1076.3474	109.4741	-103.571
1084.1471	109.4742	-78.281
1092.0032	109.4735	-52.719
1099.9164	109.4723	-27.066
1107.8868	109.4726	-1.217
1115.9150	109.4699	24.860
1124.0014	109.4724	51.119
1132.1464	109.4724	77.566
1140.3504	109.4764	104.192
1148.6138	109.4759	131.006
1156.9371	109.4711	158.012
1165.3208	109.4764	-174.757
1173.7652	109.4731	-147.329
1182.2708	109.4723	-119.750
1190.8380	109.4736	-91.927
1199.4673	109.4727	-63.911
1208.1591	109.4740	-35.680
1216.9139	109.4723	-7.256
1225.7322	109.4760	21.394
1234.6144	109.4711	50.199
1243.5609	109.4729	79.252
1252.5722	109.4751	108.485
1261.6489	109.4731	137.973
1270.7913	109.4725	167.662
1280.0000	109.4710	-162.448
1289.2754	109.4755	-132.331
1298.6180	109.4709	-102.002
1308.0284	109.4691	-71.444
1317.5069	109.4740	-40.673
1327.0541	109.4701	-9.685
1336.6704	109.4742	21.516
1346.3565	109.4689	52.974
1356.1128	109.4703	84.640
1365.9397	109.4686	116.556
1375.8379	109.4706	148.702
1385.8078	109.4678	-178.957
1395.8499	109.4670	-146.338
1405.9648	109.4655	-113.489
1416.1530	109.4667	-80.418
1426.4150	109.4675	-47.112
1436.7514	109.4671	-13.541
1447.1627	109.4675	20.271
1457.6495	109.4708	54.295
1468.2122	109.4638	88.568
1478.8515	109.4648	123.144
1489.5678	109.4652	157.927
1500.3618	109.4672	-167.012
1511.2341	109.4686	-131.697
1522.1851	109.4657	-96.171
1533.2155	109.4615	-60.346
1544.3258	109.4619	-24.283
1555.5166	109.4602	12.066
1566.7885	109.4612	48.649
1578.1421	109.4602	85.522
1589.5780	109.4597	122.643
1601.0967	109.4633	160.050
1612.6989	109.4556	-162.286
1624.3852	109.4582	-124.344
1636.1562	109.4585	-86.122
1648.0125	109.4565	-47.647
1659.9546	109.4556	-8.817
1671.9833	109.4557	30.179
1684.0992	109.4561	69.509
1696.3029	109.4552	109.134
1708.5950	109.4534	149.042
1720.9762	109.4513	-170.734
1733.4471	109.4527	-130.259
1746.0084	109.4506	-89.473
1758.6607	109.4494	-48.399
1771.4046	109.4486	-7.027
1784.2410	109.4483	34.663
1797.1703	109.4468	76.646
1810.1934	109.4458	118.919
1823.3108	109.4457	161.536
1836.5232	109.4458	-155.585
1849.8314	109.4442	-112.382
1863.2361	109.4432	-68.844
1876.7379	109.4422	-25.027
1890.3375	109.4432	19.140
1904.0356	109.4411	63.598
1917.8331	109.4410	108.421
1931.7305	109.4371	153.527
1945.7286	109.4389	-161.017
1959.8281	109.4379	-115.267
1974.0299	109.4376	-69.131
1988.3345	109.4320	-22.693
2002.7428	109.4321	24.071
2017.2555	109.4334	71.200
2031.8733	109.4318	118.640
2046.5971	109.4330	166.477
2061.4276	109.4297	-145.398
2076.3656	109.4271	-96.882
2091.4118	109.4292	-48.034
2106.5670	109.4276	1.161
2121.8321	109.4252	50.712
2137.2077	109.4234	100.660
2152.6948	109.4241	150.923
2168.2941	109.4219	-158.430
2184.0065	109.4220	-107.417
2199.8327	109.4208	-56.045
2215.7736	109.4208	-4.267
2231.8300	109.4198	47.847
2248.0028	109.4202	100.356
2264.2927	109.4161	153.223
2280.7007	109.4171	-153.483
2297.2276	109.4138	-99.836
2313.8743	109.4172	-45.787
2330.6416	109.4151	8.657
2347.5304	109.4139	63.500
2364.5415	109.4124	118.726
2381.6760	109.4108	174.347
2398.9346	109.4099	-129.632
2416.3182	109.4127	-73.185
2433.8279	109.4140	-16.332
2451.4644	109.4106	40.931
2469.2287	109.4095	98.596
2487.1218	109.4078	156.680
2505.1445	109.4087	-144.787
2523.2978	109.4094	-85.886
2541.5826	109.4072	-26.491
2560.0000	109.4134	33.289
2578.5508	109.4120	93.509
2597.2361	109.4096	154.189
2616.0567	109.4075	-144.718
2635.0137	109.4066	-83.142
2654.1081	109.4085	-21.178
2673.3409	109.4094	41.285
2692.7130	109.4085	104.174
2712.2255	109.4093	167.503
2731.8794	109.4071	-128.668
2751.6758	109.4080	-64.403
2771.6155	109.4113	0.342
2791.6998	109.4113	65.576
2811.9296	109.4133	131.227
2832.3060	109.4105	-162.601
2852.8301	109.4122	-95.965
2873.5028	109.4144	-28.848
2894.3254	109.4115	38.763
2915.2989	109.4117	106.871
2936.4244	109.4139	175.456
2957.7029	109.4146	-115.469
2979.1356	109.4178	-45.874
3000.7237	109.4136	24.195
3022.4682	109.4154	94.819
3044.3702	109.4178	165.932
3066.4310	109.4194	-122.426
3088.6516	109.4187	-50.289
3111.0332	109.4205	22.420
3133.5771	109.4220	95.577
3156.2843	109.4223	169.331
3179.1560	109.4262	-116.387
3202.1935	109.4269	-41.613
3225.3979	109.4271	33.731
3248.7705	109.4280	109.617
3272.3124	109.4292	-173.945
3296.0249	109.4313	-96.927
3319.9093	109.4298	-19.360
3343.9667	109.4291	58.764
3368.1985	109.4330	137.441
3392.6058	109.4309	-143.272
3417.1900	109.4362	-63.476
3441.9524	109.4342	16.927
3466.8942	109.4362	97.942
3492.0167	109.4345	179.511
3517.3213	109.4385	-98.306
3542.8093	109.4416	-15.556
3568.4820	109.4406	67.813
3594.3406	109.4403	151.825
3620.3867	109.4403	-123.620
3646.6215	109.4452	-38.427
3673.0465	109.4436	47.397
3699.6629	109.4432	133.790
3726.4721	109.4412	-139.118
3753.4757	109.4447	-51.440
3780.6749	109.4455	36.895
3808.0713	109.4441	125.869
3835.6661	109.4447	-144.517
3863.4609	109.4474	-54.264
3891.4572	109.4443	36.647
3919.6563	109.4457	128.238
3948.0597	109.4449	-139.534
3976.6690	109.4461	-46.629
4005.4856	109.4433	46.930
4034.5110	109.4453	141.198
4063.7467	109.4437	-123.850
4093.1943	109.4449	-28.231
4122.8552	109.4406	68.094
4152.7312	109.4438	165.105
4182.8236	109.4422	-97.177
4213.1340	109.4418	1.273
4243.6641	109.4451	100.396
4274.4155	109.4414	-159.758
4305.3896	109.4405	-59.155
4336.5883	109.4407	42.145
4368.0130	109.4422	144.192
4399.6654	109.4393	-113.024
4431.5472	109.4387	-9.505
4463.6600	109.4373	94.778
4496.0055	109.4382	-160.182
4528.5854	109.4352	-54.408
4561.4014	109.4383	52.145
4594.4552	109.4367	159.483
4627.7485	109.4326	-92.396
4661.2831	109.4321	16.464
4695.0607	109.4373	126.146
4729.0830	109.4332	-123.392
4763.3519	109.4322	-12.117
4797.8691	109.4321	99.950
4832.6365	109.4355	-147.144
4867.6558	109.4350	-33.430
4902.9288	109.4350	81.089
4938.4574	109.4371	-163.557
4974.2435	109.4378	-47.355
5010.2890	109.4382	69.697
5046.5956	109.4379	-172.433
5083.1653	109.4397	-53.700
5120.0000	109.4403	65.893
5157.1016	109.4424	-173.628
5194.4721	109.4418	-52.283
5232.1134	109.4458	69.919
5270.0275	109.4452	-166.965
5308.2162	109.4495	-42.966
5346.6818	109.4507	81.925
5385.4260	109.4509	-152.280
5424.4510	109.4545	-25.570
5463.7589	109.4584	102.084
5503.3515	109.4613	-129.364
5543.2311	109.4638	0.135
5583.3996	109.4652	130.569
5623.8592	109.4681	-98.035
5664.6120	109.4706	34.288
5705.6601	109.4732	167.580
5747.0057	109.4770	-58.158
5788.6509	109.4789	77.065
5830.5978	109.4778	-146.694
5872.8487	109.4832	-9.510
5915.4058	109.4834	128.701
5958.2713	109.4892	-92.086
6001.4474	109.4909	48.119
6044.9363	109.4961	-170.640
6088.7404	109.4948	-28.389
6132.8620	109.4942	114.882
6177.3032	109.4928	-100.781
6222.0665	109.4982	44.605
6267.1541	109.4968	-169.002
6312.5685	109.4961	-21.508
6358.3120	109.5006	127.070
6404.3869	109.4978	-83.317
6450.7958	109.4965	67.409
6497.5409	109.4960	-140.765
6544.6248	109.4948	12.130
6592.0498	109.4951	166.141
6639.8185	109.4907	-38.721
6687.9334	109.4894	117.525
6736.3969	109.4852	-85.081
6785.2116	109.4856	73.442
6834.3801	109.4839	-126.890
6883.9048	109.4798	33.944
6933.7884	109.4751	-164.072
6984.0335	109.4761	-0.906
7034.6427	109.4710	163.438
7085.6186	109.4654	-31.031
7136.9639	109.4651	135.697
7188.6813	109.4604	-56.359
7240.7734	109.4585	112.784
7293.2431	109.4570	-76.833
7346.0929	109.4530	94.772
7399.3257	109.4509	-92.363
7452.9443	109.4513	81.733
7506.9514	109.4454	-102.906
7561.3499	109.4450	73.734
7616.1425	109.4423	-108.350
7671.3322	109.4410	70.863
7726.9219	109.4436	-108.635
7782.9143	109.4423	73.182
7839.3125	109.4407	-103.681
7896.1194	109.4398	80.779
7953.3380	109.4402	-93.428
8010.9711	109.4448	93.733
8069.0219	109.4406	-77.784
8127.4934	109.4401	112.075
8186.3886	109.4425	-56.660
8245.7105	109.4416	135.981
8305.4623	109.4431	-29.980
8365.6471	109.4434	165.470
8426.2680	109.4418	2.321
8487.3283	109.4445	-159.388
8548.8309	109.4440	40.349
8610.7793	109.4425	-118.458
8673.1765	109.4458	84.176
8736.0260	109.4443	-71.718
8799.3308	109.4406	133.879
8863.0944	109.4388	-19.045
8927.3200	109.4392	-170.457
8992.0111	109.4389	39.613
9057.1709	109.4348	-108.778
9122.8029	109.4344	104.383
9188.9105	109.4272	-40.943
9255.4971	109.4284	175.292
9322.5662	109.4216	33.101
9390.1214	109.4185	-107.513
9458.1661	109.4176	113.437
9526.7039	109.4134	-24.009
9595.7383	109.4126	-159.836
9665.2730	109.4055	65.983
9735.3115	109.4046	-66.596
9805.8576	109.4029	162.469
9876.9149	109.4015	33.209
9948.4871	109.3971	-94.386
10020.5779	109.4017	139.694
10093.1912	109.3991	15.478
10166.3306	109.4022	-107.050
10240.0000	109.4031	132.158
10314.2033	109.4045	13.101
10388.9442	109.4070	-104.230
10464.2268	109.4108	140.234
10540.0549	109.4149	26.458
10616.4325	109.4163	-85.537
10693.3635	109.4229	164.288
10770.8521	109.4291	55.897
10848.9021	109.4332	-50.659
10927.5177	109.4350	-155.370
11006.7030	109.4429	101.786
11086.4621	109.4433	0.792
11166.7992	109.4501	-98.342
11247.7184	109.4496	164.452
11329.2240	109.4546	69.120
11411.3202	109.4564	-24.280
11494.0114	109.4555	-115.746
11577.3017	109.4580	154.711
11661.1956	109.4579	67.146
11745.6975	109.4567	-18.461
11830.8116	109.4584	-102.079
11916.5426	109.4556	176.289
12002.8947	109.4546	96.704
12089.8727	109.4551	19.111
12177.4809	109.4550	-56.429
12265.7239	109.4538	-129.922
12354.6064	109.4510	158.670
12444.1330	109.4532	89.351
12534.3083	109.4491	22.121
12625.1370	109.4519	-42.986
12716.6240	109.4538	-105.943
12808.7739	109.4554	-166.768
12901.5916	109.4581	134.596
12995.0818	109.4591	78.135
13089.2495	109.4599	23.867
13184.0996	109.4642	-28.171
13279.6370	109.4636	-77.938
13375.8668	109.4687	-125.501
13472.7938	109.4662	-170.796
13570.4232	109.4693	146.191
13668.7601	109.4681	105.491
13767.8096	109.4646	67.090
13867.5768	109.4620	31.028
13968.0670	109.4602	-2.674
14069.2853	109.4570	-34.037
14171.2372	109.4537	-63.015
14273.9278	109.4462	-89.597
14377.3626	109.4379	-113.797
14481.5469	109.4330	-135.554
14586.4861	109.4223	-154.859
14692.1858	109.4216	-171.715
14798.6515	109.4120	173.912
14905.8886	109.4079	162.037
15013.9028	109.4012	152.678
15122.6997	109.4012	145.847
15232.2851	109.3980	141.564
15342.6645	109.3996	139.904
15453.8437	109.3980	140.812
15565.8287	109.3972	144.329
15678.6251	109.3988	150.484
15792.2389	109.3997	159.309
15906.6759	109.4002	170.801
16021.9423	109.4015	-175.029
16138.0439	109.4057	-158.115
16254.9868	109.4033	-138.471
16372.7771	109.4031	-116.095
16491.4210	109.4030	-90.958
16610.9246	109.4035	-63.022
16731.2942	109.3967	-32.302
16852.5361	109.3955	1.237
16974.6565	109.3930	37.618
17097.6619	109.3903	76.887
17221.5586	109.3926	118.999
17346.3531	109.3882	164.055
17472.0519	109.3892	-147.997
17598.6616	109.3932	-97.080
17726.1888	109.3968	-43.218
17854.6400	109.3993	13.695
17984.0221	109.4079	73.557
18114.3418	109.4169	136.553
18245.6057	109.4174	-157.445
18377.8209	109.4203	-88.306
18510.9942	109.4256	-16.114
18645.1325	109.4280	59.250
18780.2428	109.4354	137.694
18916.3322	109.4296	-140.648
19053.4077	109.4241	-55.817
19191.4766	109.4199	32.279
19330.5459	109.4204	123.645
19470.6230	109.4083	-141.838
19611.7152	109.4036	-43.973
19753.8298	109.3984	57.189
19896.9742	109.3923	161.599
