* Helix DSP Ultra S, output layer - channel delay set to 0.32 ms, which is 30.720 samples at 96 kHz.
* ELECTRICAL loop, no microphone: Scarlett 2i2 out L -> Helix line in,
* Helix line out -> Scarlett in 1; out R -> in 2 direct as the timing
* reference, timing offset 0. Everything else in the channel off; no gain,
* level or routing changed within a set, so the ratio to the set's reference
* is the filter alone.
* REW V5.40 beta 134 measurement #70 'l2_delay_0.32ms', 2026-Sep-02 10:55:15, 512k sweep, 1 average, 96 kHz,
* 20 Hz - 20 kHz, loopback timing reference. SNR 46.3 dB, delay -8.6946 ms.
* Levels are REW's electrical dB (splOffset 120.00); only ratios within a set carry meaning.
* frequency_Hz<TAB>dB<TAB>phase_deg - REW's UNSMOOTHED raw spectrum (linear bins) resampled to 1/96 octave by complex averaging within each cell,
* with the measurement's own delay removed before averaging and restored after, so the cell average carries no rotation loss.
20.0000	107.5506	127.748
20.1449	107.5506	128.201
20.2909	107.5740	128.244
20.4379	107.6083	128.111
20.5860	107.6182	128.367
20.7352	107.6373	128.444
20.8855	107.6553	128.554
21.0368	107.6747	128.610
21.1893	107.6993	128.571
21.3428	107.7116	128.788
21.4975	107.7303	128.879
21.6532	107.7436	129.092
21.8102	107.7681	129.060
21.9682	107.7881	129.144
22.1274	107.8064	129.249
22.2877	107.8319	129.221
22.4492	107.8447	129.453
22.6119	107.8638	129.565
22.7758	107.8748	129.852
22.9408	107.9019	129.813
23.1071	107.9170	130.030
23.2745	107.9402	130.096
23.4432	107.9590	130.262
23.6130	107.9787	130.412
23.7841	108.0003	130.538
23.9565	108.0165	130.754
24.1301	108.0395	130.851
24.3049	108.0527	131.119
24.4811	108.0754	131.197
24.6585	108.0860	131.505
24.8372	108.1075	131.576
25.0171	108.1165	131.914
25.1984	108.1366	131.992
25.3810	108.1450	132.350
25.5649	108.1641	132.447
25.7502	108.1727	132.812
25.9368	108.1917	132.935
26.1247	108.2012	133.297
26.3141	108.2199	133.452
26.5047	108.2307	133.802
26.6968	108.2487	133.996
26.8903	108.2608	134.324
27.0851	108.2772	134.568
27.2814	108.2908	134.868
27.4791	108.3048	135.171
27.6782	108.3199	135.439
27.8788	108.3310	135.812
28.0808	108.3479	136.042
28.2843	108.3559	136.492
28.4892	108.3796	136.564
28.6957	108.3876	137.012
28.9036	108.4021	137.310
29.1131	108.4127	137.697
29.3240	108.4236	138.089
29.5365	108.4368	138.409
29.7506	108.4439	138.898
29.9661	108.4634	139.057
30.1833	108.4712	139.522
30.4020	108.4821	139.913
30.6223	108.4932	140.292
30.8442	108.5001	140.797
31.0677	108.5175	141.006
31.2929	108.5251	141.493
31.5196	108.5345	141.940
31.7480	108.5513	142.186
31.9781	108.5566	142.759
32.2098	108.5680	143.175
32.4432	108.5779	143.640
32.6783	108.5848	144.195
32.9151	108.6014	144.498
33.1536	108.6100	145.016
33.3939	108.6177	145.568
33.6359	108.6333	145.906
33.8796	108.6411	146.457
34.1251	108.6484	147.027
34.3724	108.6630	147.400
34.6215	108.6706	147.967
34.8723	108.6771	148.572
35.1250	108.6904	148.976
35.3796	108.6978	149.540
35.6359	108.7026	150.195
35.8942	108.7137	150.634
36.1543	108.7245	151.090
36.4163	108.7293	151.756
36.6802	108.7355	152.388
36.9460	108.7473	152.875
37.2137	108.7548	153.498
37.4834	108.7595	154.209
37.7550	108.7711	154.707
38.0286	108.7812	155.212
38.3041	108.7862	155.869
38.5817	108.7896	156.600
38.8613	108.7972	157.150
39.1429	108.8056	157.724
39.4265	108.8156	158.316
39.7122	108.8208	159.081
40.0000	108.8275	159.818
40.2899	108.8400	160.427
40.5818	108.8518	161.036
40.8759	108.8617	161.652
41.1721	108.8651	162.452
41.4704	108.8697	163.216
41.7710	108.8763	163.873
42.0736	108.8827	164.551
42.3785	108.8895	165.247
42.6856	108.8937	166.067
42.9949	108.8970	166.925
43.3065	108.9050	167.651
43.6203	108.9130	168.385
43.9364	108.9206	169.126
44.2548	108.9276	169.875
44.5755	108.9341	170.633
44.8985	108.9400	171.399
45.2238	108.9426	172.299
45.5515	108.9454	173.202
45.8816	108.9507	173.998
46.2141	108.9562	174.807
46.5490	108.9622	175.630
46.8863	108.9692	176.465
47.2261	108.9770	177.309
47.5683	108.9851	178.161
47.9130	108.9926	179.020
48.2602	108.9989	179.891
48.6099	109.0040	-179.222
48.9621	109.0085	-178.316
49.3169	109.0131	-177.394
49.6743	109.0182	-176.461
50.0343	109.0235	-175.525
50.3968	109.0282	-174.586
50.7620	109.0318	-173.641
51.1299	109.0345	-172.683
51.5004	109.0371	-171.709
51.8736	109.0405	-170.719
52.2495	109.0451	-169.718
52.6281	109.0508	-168.713
53.0095	109.0567	-167.704
53.3936	109.0619	-166.692
53.7805	109.0658	-165.670
54.1702	109.0684	-164.633
54.5628	109.0705	-163.575
54.9581	109.0729	-162.495
55.3564	109.0767	-161.396
55.7575	109.0823	-160.285
56.1616	109.0893	-159.168
56.5685	109.0995	-158.133
56.9785	109.1066	-157.096
57.3914	109.1088	-155.961
57.8072	109.1102	-154.806
58.2261	109.1118	-153.634
58.6481	109.1141	-152.449
59.0730	109.1169	-151.258
59.5011	109.1210	-150.130
59.9323	109.1251	-148.990
60.3666	109.1285	-147.765
60.8040	109.1328	-146.531
61.2446	109.1375	-145.289
61.6884	109.1430	-144.113
62.1355	109.1458	-142.922
62.5857	109.1461	-141.642
63.0392	109.1463	-140.341
63.4960	109.1485	-139.080
63.9562	109.1532	-137.811
64.4196	109.1576	-136.485
64.8864	109.1619	-135.154
65.3566	109.1668	-133.880
65.8302	109.1701	-132.581
66.3073	109.1723	-131.194
66.7877	109.1768	-129.837
67.2717	109.1818	-128.469
67.7592	109.1846	-127.044
68.2502	109.1874	-125.662
68.7448	109.1900	-124.271
69.2429	109.1921	-122.822
69.7447	109.1947	-121.428
70.2501	109.1957	-120.017
70.7591	109.1959	-118.522
71.2719	109.1987	-117.044
71.7884	109.2043	-115.553
72.3086	109.2092	-114.070
72.8325	109.2104	-112.582
73.3603	109.2091	-111.066
73.8919	109.2099	-109.528
74.4274	109.2127	-107.943
74.9667	109.2173	-106.409
75.5099	109.2198	-104.866
76.0571	109.2211	-103.282
76.6083	109.2247	-101.664
77.1634	109.2310	-100.045
77.7226	109.2352	-98.485
78.2858	109.2332	-96.857
78.8531	109.2316	-95.183
79.4245	109.2347	-93.487
80.0000	109.2412	-91.802
80.5797	109.2458	-90.121
81.1636	109.2461	-88.417
81.7518	109.2467	-86.708
82.3442	109.2500	-84.953
82.9409	109.2539	-83.209
83.5419	109.2555	-81.463
84.1473	109.2549	-79.688
84.7570	109.2559	-77.911
85.3712	109.2591	-76.082
85.9899	109.2624	-74.247
86.6130	109.2656	-72.433
87.2406	109.2686	-70.608
87.8728	109.2703	-68.741
88.5096	109.2706	-66.855
89.1509	109.2719	-64.974
89.7970	109.2745	-63.081
90.4477	109.2740	-61.146
91.1031	109.2715	-59.170
91.7633	109.2735	-57.175
92.4282	109.2823	-55.199
93.0980	109.2871	-53.252
93.7726	109.2869	-51.244
94.4521	109.2869	-49.204
95.1366	109.2882	-47.173
95.8260	109.2909	-45.119
96.5204	109.2967	-43.054
97.2198	109.2996	-40.997
97.9243	109.2963	-38.895
98.6339	109.2973	-36.732
99.3486	109.3047	-34.593
100.0685	109.3068	-32.479
100.7937	109.3049	-30.313
101.5241	109.3076	-28.111
102.2598	109.3100	-25.919
103.0008	109.3064	-23.702
103.7472	109.3034	-21.436
104.4990	109.3051	-19.162
105.2562	109.3075	-16.886
106.0189	109.3109	-14.584
106.7872	109.3171	-12.266
107.5610	109.3207	-9.952
108.3404	109.3179	-7.614
109.1255	109.3130	-5.247
109.9163	109.3137	-2.868
110.7128	109.3160	-0.476
111.5151	109.3177	1.941
112.3231	109.3210	4.397
113.1371	109.3260	6.854
113.9569	109.3273	9.330
114.7827	109.3278	11.849
115.6145	109.3300	14.368
116.4523	109.3294	16.864
117.2961	109.3266	19.425
118.1461	109.3303	22.049
119.0022	109.3367	24.634
119.8646	109.3338	27.225
120.7332	109.3321	29.898
121.6080	109.3391	32.540
122.4893	109.3397	35.160
123.3769	109.3382	37.877
124.2709	109.3451	40.611
125.1714	109.3442	43.330
126.0785	109.3401	46.110
126.9921	109.3404	48.901
127.9123	109.3408	51.705
128.8392	109.3443	54.530
129.7728	109.3455	57.370
130.7132	109.3473	60.249
131.6604	109.3504	63.116
132.6145	109.3492	66.002
133.5755	109.3525	68.927
134.5434	109.3565	71.891
135.5184	109.3595	74.896
136.5004	109.3613	77.891
137.4895	109.3589	80.913
138.4858	109.3587	83.964
139.4894	109.3621	87.028
140.5002	109.3679	90.123
141.5183	109.3697	93.232
142.5438	109.3635	96.370
143.5767	109.3605	99.541
144.6171	109.3642	102.699
145.6651	109.3672	105.903
146.7206	109.3686	109.133
147.7838	109.3658	112.428
148.8547	109.3722	115.730
149.9334	109.3710	119.008
151.0199	109.3678	122.370
152.1142	109.3706	125.728
153.2165	109.3694	129.109
154.3268	109.3718	132.522
155.4451	109.3747	135.965
156.5715	109.3752	139.397
157.7061	109.3717	142.895
158.8489	109.3769	146.413
160.0000	109.3807	149.942
161.1594	109.3837	153.489
162.3273	109.3784	157.084
163.5035	109.3828	160.746
164.6884	109.3822	164.367
165.8818	109.3806	168.077
167.0838	109.3846	171.785
168.2946	109.3866	175.483
169.5141	109.3784	179.233
170.7425	109.3813	-176.944
171.9797	109.3866	-173.190
173.2260	109.3861	-169.342
174.4812	109.3917	-165.461
175.7456	109.3882	-161.593
177.0191	109.3880	-157.665
178.3019	109.3886	-153.689
179.5939	109.3912	-149.671
180.8953	109.3946	-145.668
182.2062	109.3959	-141.638
183.5265	109.3967	-137.508
184.8564	109.3956	-133.404
186.1960	109.3931	-129.291
187.5452	109.3976	-125.124
188.9043	109.3963	-120.906
190.2731	109.3960	-116.681
191.6519	109.4011	-112.447
193.0407	109.4022	-108.154
194.4396	109.3965	-103.806
195.8486	109.3918	-99.444
197.2678	109.3975	-95.063
198.6972	109.3983	-90.649
200.1371	109.3999	-86.191
201.5874	109.3973	-81.679
203.0482	109.4058	-77.151
204.5195	109.4020	-72.611
206.0016	109.4033	-68.032
207.4943	109.4030	-63.394
208.9979	109.4055	-58.733
210.5124	109.4058	-54.056
212.0379	109.4044	-49.354
213.5744	109.4063	-44.557
215.1220	109.4065	-39.747
216.6809	109.4081	-34.912
218.2510	109.4130	-30.089
219.8326	109.4080	-25.191
221.4256	109.4044	-20.242
223.0301	109.4094	-15.262
224.6463	109.4164	-10.186
226.2742	109.4225	-5.194
227.9138	109.4093	-0.151
229.5654	109.4102	4.998
231.2289	109.4140	10.202
232.9045	109.4174	15.416
234.5922	109.4154	20.629
236.2922	109.4168	25.926
238.0045	109.4166	31.198
239.7291	109.4197	36.583
241.4663	109.4169	42.030
243.2161	109.4160	47.434
244.9785	109.4171	52.891
246.7537	109.4288	58.432
248.5418	109.4202	63.969
250.3428	109.4176	69.575
252.1569	109.4179	75.235
253.9842	109.4243	80.953
255.8246	109.4208	86.603
257.6785	109.4251	92.350
259.5457	109.4309	98.171
261.4265	109.4308	104.021
263.3209	109.4363	109.893
265.2290	109.4144	115.964
267.1510	109.4424	121.546
269.0869	109.4207	127.544
271.0368	109.4272	133.851
273.0008	109.4247	139.971
274.9791	109.4346	146.207
276.9717	109.4244	152.401
278.9788	109.4268	158.620
281.0003	109.4223	164.890
283.0366	109.4359	171.292
285.0876	109.4301	177.662
287.1535	109.4235	-175.945
289.2343	109.4310	-169.445
291.3302	109.4372	-162.958
293.4413	109.4342	-156.311
295.5677	109.4385	-149.715
297.7095	109.4311	-143.061
299.8668	109.4315	-136.303
302.0398	109.4349	-129.547
304.2285	109.4375	-122.754
306.4330	109.4385	-115.881
308.6536	109.4327	-108.995
310.8902	109.4301	-101.952
313.1431	109.4382	-94.969
315.4122	109.4355	-87.893
317.6978	109.4356	-80.752
320.0000	109.4361	-73.570
322.3189	109.4420	-66.380
324.6545	109.4412	-59.118
327.0071	109.4420	-51.768
329.3767	109.4416	-44.341
331.7635	109.4411	-36.940
334.1676	109.4391	-29.428
336.5891	109.4363	-21.877
339.0282	109.4437	-14.258
341.4849	109.4439	-6.622
343.9595	109.4401	1.117
346.4519	109.4438	8.891
348.9625	109.4480	16.726
351.4912	109.4414	24.553
354.0383	109.4470	32.512
356.6038	109.4449	40.574
359.1879	109.4488	48.623
361.7907	109.4488	56.704
364.4124	109.4472	64.912
367.0530	109.4486	73.150
369.7129	109.4460	81.453
372.3920	109.4466	89.816
375.0905	109.4475	98.215
377.8085	109.4508	106.702
380.5463	109.4480	115.257
383.3039	109.4500	123.870
386.0814	109.4485	132.542
388.8792	109.4551	141.271
391.6971	109.4530	150.063
394.5355	109.4527	158.924
397.3945	109.4532	167.804
400.2742	109.4560	176.834
403.1747	109.4531	-174.115
406.0963	109.4543	-164.959
409.0390	109.4519	-155.772
412.0031	109.4552	-146.540
414.9887	109.4589	-137.211
417.9958	109.4553	-127.821
421.0248	109.4565	-118.347
424.0757	109.4563	-108.847
427.1488	109.4548	-99.250
430.2440	109.4575	-89.562
433.3618	109.4522	-79.836
436.5021	109.4586	-69.991
439.6652	109.4623	-60.129
442.8512	109.4559	-50.197
446.0602	109.4583	-40.173
449.2926	109.4552	-30.070
452.5483	109.4622	-19.930
455.8277	109.4650	-9.673
459.1308	109.4617	0.673
462.4579	109.4622	11.050
465.8090	109.4645	21.514
469.1845	109.4650	32.048
472.5844	109.4641	42.657
476.0089	109.4663	53.392
479.4583	109.4608	64.190
482.9326	109.4657	75.001
486.4321	109.4664	85.949
489.9570	109.4656	96.996
493.5075	109.4681	108.077
497.0836	109.4661	119.247
500.6857	109.4673	130.509
504.3139	109.4671	141.841
507.9683	109.4644	153.285
511.6493	109.4730	164.776
515.3569	109.4655	176.357
519.0914	109.4685	-171.961
522.8529	109.4684	-160.212
526.6418	109.4635	-148.364
530.4580	109.4699	-136.451
534.3019	109.4609	-124.445
538.1737	109.4669	-112.290
542.0735	109.4730	-100.132
546.0016	109.4702	-87.865
549.9582	109.4776	-75.480
553.9434	109.4714	-63.022
557.9575	109.4718	-50.456
562.0007	109.4699	-37.810
566.0732	109.4753	-25.081
570.1752	109.4745	-12.281
574.3069	109.4708	0.644
578.4686	109.4717	13.691
582.6604	109.4733	26.789
586.8826	109.4740	39.994
591.1354	109.4769	53.283
595.4190	109.4759	66.662
599.7336	109.4746	80.173
604.0796	109.4725	93.769
608.4570	109.4754	107.431
612.8661	109.4727	121.253
617.3072	109.4754	135.156
621.7804	109.4770	149.117
626.2861	109.4778	163.218
630.8244	109.4805	177.385
635.3957	109.4796	-168.296
640.0000	109.4780	-153.915
644.6377	109.4816	-139.386
649.3090	109.4794	-124.765
654.0142	109.4786	-110.076
658.7534	109.4800	-95.234
663.5270	109.4788	-80.291
668.3352	109.4778	-65.259
673.1783	109.4815	-50.091
678.0564	109.4759	-34.858
682.9699	109.4779	-19.466
687.9189	109.4739	-3.997
692.9039	109.4792	11.599
697.9249	109.4789	27.306
702.9824	109.4783	43.132
708.0765	109.4777	59.079
713.2075	109.4760	75.116
718.3757	109.4822	91.290
723.5814	109.4777	107.559
728.8247	109.4768	123.994
734.1061	109.4775	140.459
739.4257	109.4809	157.123
744.7839	109.4803	173.926
750.1809	109.4779	-169.200
755.6170	109.4747	-152.186
761.0926	109.4800	-135.067
766.6077	109.4807	-117.814
772.1629	109.4728	-100.443
777.7583	109.4821	-82.888
783.3943	109.4806	-65.283
789.0711	109.4780	-47.536
794.7890	109.4765	-29.626
800.5484	109.4765	-11.569
806.3495	109.4813	6.531
812.1926	109.4796	24.803
818.0781	109.4764	43.233
824.0062	109.4744	61.818
829.9773	109.4723	80.492
835.9917	109.4709	99.306
842.0496	109.4765	118.235
848.1515	109.4755	137.356
854.2975	109.4760	156.598
860.4881	109.4763	175.972
866.7236	109.4735	-164.515
873.0042	109.4758	-144.872
879.3303	109.4747	-125.077
885.7023	109.4715	-105.121
892.1205	109.4718	-85.063
898.5852	109.4689	-64.834
905.0967	109.4679	-44.452
911.6554	109.4746	-23.937
918.2616	109.4729	-3.253
924.9157	109.4685	17.576
931.6180	109.4651	38.541
938.3689	109.4692	59.653
945.1687	109.4669	80.961
952.0178	109.4653	102.395
958.9165	109.4674	123.969
965.8652	109.4645	145.737
972.8643	109.4666	167.600
979.9141	109.4651	-170.293
987.0149	109.4655	-148.100
994.1672	109.4663	-125.693
1001.3714	109.4603	-103.164
1008.6277	109.4620	-80.412
1015.9367	109.4613	-57.586
1023.2986	109.4593	-34.544
1030.7138	109.4592	-11.346
1038.1828	109.4615	12.017
1045.7059	109.4594	35.582
1053.2835	109.4598	59.321
1060.9160	109.4596	83.179
1068.6039	109.4642	107.264
1076.3474	109.4560	131.488
1084.1471	109.4525	155.887
1092.0032	109.4524	-179.528
1099.9164	109.4535	-154.756
1107.8868	109.4561	-129.823
1115.9150	109.4508	-104.694
1124.0014	109.4488	-79.387
1132.1464	109.4491	-53.903
1140.3504	109.4502	-28.212
1148.6138	109.4504	-2.371
1156.9371	109.4484	23.670
1165.3208	109.4455	49.920
1173.7652	109.4464	76.358
1182.2708	109.4476	102.957
1190.8380	109.4478	129.804
1199.4673	109.4460	156.788
1208.1591	109.4455	-176.033
1216.9139	109.4473	-148.616
1225.7322	109.4425	-121.018
1234.6144	109.4391	-93.235
1243.5609	109.4432	-65.208
1252.5722	109.4390	-37.032
1261.6489	109.4385	-8.623
1270.7913	109.4383	19.997
1280.0000	109.4410	48.820
1289.2754	109.4374	77.854
1298.6180	109.4362	107.077
1308.0284	109.4352	136.524
1317.5069	109.4375	166.180
1327.0541	109.4356	-163.930
1336.6704	109.4335	-133.851
1346.3565	109.4344	-103.518
1356.1128	109.4334	-72.989
1365.9397	109.4340	-42.246
1375.8379	109.4327	-11.264
1385.8078	109.4358	19.959
1395.8499	109.4336	51.362
1405.9648	109.4326	83.032
1416.1530	109.4319	114.920
1426.4150	109.4335	147.035
1436.7514	109.4343	179.374
1447.1627	109.4308	-148.040
1457.6495	109.4355	-115.235
1468.2122	109.4327	-82.166
1478.8515	109.4316	-48.858
1489.5678	109.4373	-15.323
1500.3618	109.4343	18.461
1511.2341	109.4327	52.468
1522.1851	109.4345	86.763
1533.2155	109.4315	121.275
1544.3258	109.4346	156.050
1555.5166	109.4381	-168.916
1566.7885	109.4336	-133.654
1578.1421	109.4350	-98.112
1589.5780	109.4335	-62.327
1601.0967	109.4403	-26.272
1612.6989	109.4364	10.055
1624.3852	109.4378	46.626
1636.1562	109.4373	83.468
1648.0125	109.4399	120.584
1659.9546	109.4378	157.996
1671.9833	109.4379	-164.360
1684.0992	109.4390	-126.458
1696.3029	109.4397	-88.263
1708.5950	109.4418	-49.772
1720.9762	109.4399	-11.017
1733.4471	109.4430	28.015
1746.0084	109.4441	67.357
1758.6607	109.4431	106.933
1771.4046	109.4457	146.822
1784.2410	109.4468	-172.961
1797.1703	109.4470	-132.513
1810.1934	109.4460	-91.741
1823.3108	109.4452	-50.661
1836.5232	109.4465	-9.311
1849.8314	109.4497	32.350
1863.2361	109.4486	74.329
1876.7379	109.4509	116.594
1890.3375	109.4508	159.172
1904.0356	109.4542	-157.918
1917.8331	109.4464	-114.719
1931.7305	109.4503	-71.235
1945.7286	109.4539	-27.394
1959.8281	109.4542	16.752
1974.0299	109.4522	61.236
1988.3345	109.4505	105.971
2002.7428	109.4528	151.099
2017.2555	109.4550	-163.460
2031.8733	109.4532	-117.688
2046.5971	109.4524	-71.590
2061.4276	109.4516	-25.185
2076.3656	109.4548	21.635
2091.4118	109.4522	68.725
2106.5670	109.4511	116.182
2121.8321	109.4516	163.987
2137.2077	109.4520	-147.866
2152.6948	109.4489	-99.374
2168.2941	109.4484	-50.548
2184.0065	109.4482	-1.354
2199.8327	109.4500	48.210
2215.7736	109.4461	98.113
2231.8300	109.4477	148.388
2248.0028	109.4455	-160.974
2264.2927	109.4462	-109.969
2280.7007	109.4401	-58.589
2297.2276	109.4372	-6.845
2313.8743	109.4408	45.256
2330.6416	109.4414	97.769
2347.5304	109.4355	150.637
2364.5415	109.4366	-156.077
2381.6760	109.4340	-102.453
2398.9346	109.4292	-48.440
2416.3182	109.4300	5.988
2433.8279	109.4298	60.821
2451.4644	109.4269	116.035
2469.2287	109.4249	171.665
2487.1218	109.4216	-132.334
2505.1445	109.4232	-75.926
2523.2978	109.4211	-19.079
2541.5826	109.4160	38.155
2560.0000	109.4126	95.824
2578.5508	109.4144	153.872
2597.2361	109.4148	-147.612
2616.0567	109.4133	-88.706
2635.0137	109.4119	-29.373
2654.1081	109.4106	30.398
2673.3409	109.4093	90.605
2692.7130	109.4095	151.252
2712.2255	109.4086	-147.689
2731.8794	109.4071	-86.160
2751.6758	109.4074	-24.188
2771.6155	109.4078	38.231
2791.6998	109.4066	101.096
2811.9296	109.4053	164.425
2832.3060	109.4065	-131.816
2852.8301	109.4048	-67.559
2873.5028	109.4086	-2.824
2894.3254	109.4059	62.329
2915.2989	109.4085	127.999
2936.4244	109.4101	-165.889
2957.7029	109.4123	-99.268
2979.1356	109.4098	-32.188
3000.7237	109.4130	35.399
3022.4682	109.4145	103.483
3044.3702	109.4166	172.054
3066.4310	109.4183	-118.902
3088.6516	109.4189	-49.308
3111.0332	109.4205	20.754
3133.5771	109.4230	91.330
3156.2843	109.4272	162.419
3179.1560	109.4285	-125.975
3202.1935	109.4296	-53.848
3225.3979	109.4307	18.817
3248.7705	109.4308	91.999
3272.3124	109.4338	165.708
3296.0249	109.4379	-120.071
3319.9093	109.4358	-45.245
3343.9667	109.4371	30.077
3368.1985	109.4385	105.938
3392.6058	109.4398	-177.621
3417.1900	109.4398	-100.641
3441.9524	109.4406	-23.098
3466.8942	109.4395	54.990
3492.0167	109.4380	133.668
3517.3213	109.4389	-147.093
3542.8093	109.4405	-67.288
3568.4820	109.4375	13.105
3594.3406	109.4365	94.083
3620.3867	109.4390	175.645
3646.6215	109.4340	-102.224
3673.0465	109.4340	-19.463
3699.6629	109.4345	63.861
3726.4721	109.4318	147.803
3753.4757	109.4305	-127.626
3780.6749	109.4269	-42.478
3808.0713	109.4267	43.286
3835.6661	109.4237	129.693
3863.4609	109.4222	-143.306
3891.4572	109.4198	-55.641
3919.6563	109.4191	32.623
3948.0597	109.4181	121.543
3976.6690	109.4128	-148.881
4005.4856	109.4129	-58.661
4034.5110	109.4145	32.197
4063.7467	109.4139	123.710
4093.1943	109.4124	-144.099
4122.8552	109.4133	-51.250
4152.7312	109.4132	42.272
4182.8236	109.4182	136.476
4213.1340	109.4163	-128.654
4243.6641	109.4176	-33.084
4274.4155	109.4208	63.190
4305.3896	109.4226	160.155
4336.5883	109.4246	-102.190
4368.0130	109.4287	-3.808
4399.6654	109.4300	95.290
4431.5472	109.4357	-164.907
4463.6600	109.4366	-64.370
4496.0055	109.4422	36.902
4528.5854	109.4436	138.900
4561.4014	109.4495	-118.355
4594.4552	109.4526	-14.845
4627.7485	109.4573	89.396
4661.2831	109.4577	-165.599
4695.0607	109.4613	-59.831
4729.0830	109.4667	46.706
4763.3519	109.4654	154.019
4797.8691	109.4692	-97.902
4832.6365	109.4706	10.986
4867.6558	109.4702	120.658
4902.9288	109.4728	-128.894
4938.4574	109.4739	-17.625
4974.2435	109.4746	94.447
5010.2890	109.4726	-152.696
5046.5956	109.4742	-39.014
5083.1653	109.4702	75.537
5120.0000	109.4692	-169.151
5157.1016	109.4653	-52.969
5194.4721	109.4644	64.026
5232.1134	109.4596	-178.114
5270.0275	109.4570	-59.392
5308.2162	109.4546	60.162
5346.6818	109.4545	-179.415
5385.4260	109.4520	-58.125
5424.4510	109.4522	64.062
5463.7589	109.4519	-172.898
5503.3515	109.4516	-48.950
5543.2311	109.4513	75.886
5583.3996	109.4531	-158.359
5623.8592	109.4544	-31.711
5664.6120	109.4568	95.866
5705.6601	109.4591	-135.646
5747.0057	109.4612	-6.191
5788.6509	109.4640	124.192
5830.5978	109.4696	-104.491
5872.8487	109.4725	27.792
5915.4058	109.4783	161.045
5958.2713	109.4809	-64.740
6001.4474	109.4839	70.429
6044.9363	109.4884	-153.375
6088.7404	109.4908	-16.209
6132.8620	109.4917	121.951
6177.3032	109.4969	-98.870
6222.0665	109.4998	41.306
6267.1541	109.4982	-177.499
6312.5685	109.4980	-35.275
6358.3120	109.4990	107.959
6404.3869	109.4969	-107.753
6450.7958	109.4920	37.584
6497.5409	109.4920	-176.030
6544.6248	109.4858	-28.615
6592.0498	109.4826	119.887
6639.8185	109.4785	-90.538
6687.9334	109.4740	60.093
6736.3969	109.4688	-148.147
6785.2116	109.4668	4.662
6834.3801	109.4640	158.609
6883.9048	109.4640	-46.359
6933.7884	109.4593	109.802
6984.0335	109.4589	-92.919
7034.6427	109.4587	65.526
7085.6186	109.4612	-134.888
7136.9639	109.4587	25.872
7188.6813	109.4637	-172.231
7240.7734	109.4653	-9.127
7293.2431	109.4657	155.152
7346.0929	109.4680	-39.373
7399.3257	109.4718	127.324
7452.9443	109.4756	-64.797
7506.9514	109.4784	104.339
7561.3499	109.4777	-85.302
7616.1425	109.4806	86.279
7671.3322	109.4775	-100.883
7726.9219	109.4734	73.172
7782.9143	109.4696	-111.467
7839.3125	109.4675	65.141
7896.1194	109.4575	-116.973
7953.3380	109.4544	62.198
8010.9711	109.4419	-117.426
8069.0219	109.4424	64.428
8127.4934	109.4376	-112.510
8186.3886	109.4329	71.879
8245.7105	109.4270	-102.397
8305.4623	109.4229	84.665
8365.6471	109.4216	-86.928
8426.2680	109.4192	102.852
8487.3283	109.4220	-65.977
8548.8309	109.4205	126.555
8610.7793	109.4243	-39.481
8673.1765	109.4244	155.906
8736.0260	109.4280	-7.328
8799.3308	109.4333	-169.095
8863.0944	109.4342	30.551
8927.3200	109.4363	-128.317
8992.0111	109.4381	74.258
9057.1709	109.4355	-81.679
9122.8029	109.4344	123.852
9188.9105	109.4304	-29.158
9255.4971	109.4260	179.388
9322.5662	109.4209	29.388
9390.1214	109.4129	-119.091
9458.1661	109.4110	93.958
9526.7039	109.4034	-51.447
9595.7383	109.4034	164.661
9665.2730	109.3988	22.367
9735.3115	109.3974	-118.391
9805.8576	109.3992	102.483
9876.9149	109.4009	-35.080
9948.4871	109.4055	-171.003
10020.5779	109.4097	54.710
10093.1912	109.4154	-77.932
10166.3306	109.4221	151.062
10240.0000	109.4270	21.753
10314.2033	109.4309	-105.894
10388.9442	109.4319	128.144
10464.2268	109.4337	3.880
10540.0549	109.4324	-118.663
10616.4325	109.4327	120.499
10693.3635	109.4290	1.380
10770.8521	109.4248	-115.990
10848.9021	109.4238	128.389
10927.5177	109.4203	14.489
11006.7030	109.4218	-97.597
11086.4621	109.4185	152.088
11166.7992	109.4227	43.589
11247.7184	109.4237	-63.104
11329.2240	109.4321	-167.933
11411.3202	109.4396	89.061
11494.0114	109.4471	-12.018
11577.3017	109.4526	-111.241
11661.1956	109.4593	151.455
11745.6975	109.4641	56.033
11830.8116	109.4677	-37.443
11916.5426	109.4682	-129.006
12002.8947	109.4650	141.354
12089.8727	109.4615	53.699
12177.4809	109.4580	-32.005
12265.7239	109.4538	-115.761
12354.6064	109.4542	162.489
12444.1330	109.4488	82.753
12534.3083	109.4508	5.019
12625.1370	109.4535	-70.664
12716.6240	109.4553	-144.253
12808.7739	109.4646	144.218
12901.5916	109.4679	74.790
12995.0818	109.4736	7.508
13089.2495	109.4757	-57.662
13184.0996	109.4771	-120.674
13279.6370	109.4732	178.432
13375.8668	109.4681	119.706
13472.7938	109.4626	63.174
13570.4232	109.4551	8.821
13668.7601	109.4478	-43.376
13767.8096	109.4423	-93.311
13867.5768	109.4377	-141.030
13968.0670	109.4307	173.504
14069.2853	109.4328	130.347
14171.2372	109.4376	89.475
14273.9278	109.4387	50.935
14377.3626	109.4403	14.738
14481.5469	109.4420	-19.102
14586.4861	109.4419	-50.569
14692.1858	109.4315	-79.645
14798.6515	109.4259	-106.358
14905.8886	109.4167	-130.687
15013.9028	109.4052	-152.585
15122.6997	109.4002	-172.062
15232.2851	109.3949	170.912
15342.6645	109.3910	156.380
15453.8437	109.3920	144.331
15565.8287	109.3967	134.849
15678.6251	109.3991	127.895
15792.2389	109.4013	123.556
15906.6759	109.4017	121.758
16021.9423	109.4022	122.560
16138.0439	109.3962	125.974
16254.9868	109.3903	132.020
16372.7771	109.3812	140.679
16491.4210	109.3773	151.995
16610.9246	109.3768	165.948
16731.2942	109.3790	-177.357
16852.5361	109.3834	-157.966
16974.6565	109.3907	-135.754
17097.6619	109.4009	-110.792
17221.5586	109.4039	-83.029
17346.3531	109.4075	-52.444
17472.0519	109.4057	-19.052
17598.6616	109.4011	17.206
17726.1888	109.4000	56.279
17854.6400	109.3970	98.232
17984.0221	109.3942	143.057
18114.3418	109.3979	-169.177
18245.6057	109.4072	-118.464
18377.8209	109.4179	-64.733
18510.9942	109.4251	-7.999
18645.1325	109.4268	51.783
18780.2428	109.4280	114.607
18916.3322	109.4242	-179.539
19053.4077	109.4172	-110.614
19191.4766	109.4107	-38.650
19330.5459	109.4056	36.454
19470.6230	109.4047	114.686
19611.7152	109.4059	-163.899
19753.8298	109.4094	-79.268
19896.9742	109.4082	8.616
