* Helix DSP Ultra S, output layer - no filter - the set's reference.
* ELECTRICAL loop, no microphone: Scarlett 2i2 out L -> Helix line in,
* Helix line out -> Scarlett in 1; out R -> in 2 direct as the timing
* reference, timing offset 0. Everything else in the channel off; no gain,
* level or routing changed within a set, so the ratio to the set's reference
* is the filter alone.
* REW V5.40 beta 134 measurement #51 'z0_bypass', 2026-Sep-02 10:38:50, 512k sweep, 1 average, 96 kHz,
* 20 Hz - 20 kHz, loopback timing reference. SNR 45.8 dB, delay -9.0175 ms.
* Levels are REW's electrical dB (splOffset 120.00); only ratios within a set carry meaning.
* frequency_Hz<TAB>dB<TAB>phase_deg - REW's UNSMOOTHED raw spectrum (linear bins) resampled to 1/96 octave by complex averaging within each cell,
* with the measurement's own delay removed before averaging and restored after, so the cell average carries no rotation loss.
20.0000	107.5379	130.273
20.1449	107.5379	130.744
20.2909	107.5619	130.810
20.4379	107.5970	130.705
20.5860	107.6076	130.981
20.7352	107.6280	131.078
20.8855	107.6472	131.210
21.0368	107.6680	131.281
21.1893	107.6943	131.258
21.3428	107.7070	131.488
21.4975	107.7264	131.591
21.6532	107.7402	131.817
21.8102	107.7646	131.795
21.9682	107.7843	131.889
22.1274	107.8019	132.008
22.2877	107.8264	131.991
22.4492	107.8385	132.240
22.6119	107.8565	132.368
22.7758	107.8670	132.672
22.9408	107.8928	132.651
23.1071	107.9073	132.887
23.2745	107.9298	132.972
23.4432	107.9480	133.157
23.6130	107.9673	133.326
23.7841	107.9885	133.471
23.9565	108.0047	133.706
24.1301	108.0275	133.822
24.3049	108.0408	134.109
24.4811	108.0637	134.205
24.6585	108.0747	134.532
24.8372	108.0968	134.622
25.0171	108.1063	134.979
25.1984	108.1274	135.075
25.3810	108.1362	135.451
25.5649	108.1564	135.563
25.7502	108.1654	135.947
25.9368	108.1850	136.086
26.1247	108.1946	136.468
26.3141	108.2135	136.640
26.5047	108.2240	137.010
26.6968	108.2417	137.225
26.8903	108.2533	137.576
27.0851	108.2690	137.843
27.2814	108.2818	138.169
27.4791	108.2950	138.499
27.6782	108.3090	138.795
27.8788	108.3192	139.195
28.0808	108.3347	139.458
28.2843	108.3421	139.935
28.4892	108.3643	140.047
28.6957	108.3721	140.523
28.9036	108.3864	140.854
29.1131	108.3975	141.269
29.3240	108.4087	141.689
29.5365	108.4232	142.031
29.7506	108.4309	142.543
29.9661	108.4522	142.710
30.1833	108.4603	143.190
30.4020	108.4717	143.593
30.6223	108.4826	143.984
30.8442	108.4893	144.507
31.0677	108.5058	144.729
31.2929	108.5132	145.242
31.5196	108.5222	145.714
31.7480	108.5393	145.992
31.9781	108.5450	146.594
32.2098	108.5572	147.042
32.4432	108.5679	147.538
32.6783	108.5753	148.122
32.9151	108.5930	148.456
33.1536	108.6018	149.001
33.3939	108.6096	149.581
33.6359	108.6250	149.944
33.8796	108.6323	150.521
34.1251	108.6393	151.118
34.3724	108.6525	151.514
34.6215	108.6591	152.107
34.8723	108.6649	152.739
35.1250	108.6768	153.173
35.3796	108.6840	153.771
35.6359	108.6886	154.457
35.8942	108.7010	154.931
36.1543	108.7138	155.417
36.4163	108.7195	156.110
36.6802	108.7267	156.768
36.9460	108.7388	157.279
37.2137	108.7455	157.933
37.4834	108.7498	158.676
37.7550	108.7597	159.220
38.0286	108.7695	159.781
38.3041	108.7755	160.485
38.5817	108.7796	161.257
38.8613	108.7903	161.845
39.1429	108.8010	162.438
39.4265	108.8109	163.037
39.7122	108.8148	163.825
40.0000	108.8199	164.582
40.2899	108.8284	165.217
40.5818	108.8372	165.870
40.8759	108.8468	166.538
41.1721	108.8510	167.377
41.4704	108.8568	168.183
41.7710	108.8663	168.874
42.0736	108.8747	169.576
42.3785	108.8816	170.294
42.6856	108.8851	171.144
42.9949	108.8878	172.034
43.3065	108.8940	172.795
43.6203	108.9009	173.570
43.9364	108.9086	174.352
44.2548	108.9167	175.140
44.5755	108.9247	175.931
44.8985	108.9324	176.728
45.2238	108.9358	177.662
45.5515	108.9393	178.600
45.8816	108.9456	179.429
46.2141	108.9515	-179.727
46.5490	108.9573	-178.866
46.8863	108.9632	-177.989
47.2261	108.9692	-177.102
47.5683	108.9752	-176.206
47.9130	108.9807	-175.303
48.2602	108.9854	-174.392
48.6099	108.9894	-173.469
48.9621	108.9932	-172.531
49.3169	108.9977	-171.578
49.6743	109.0031	-170.613
50.0343	109.0094	-169.637
50.3968	109.0163	-168.653
50.7620	109.0232	-167.659
51.1299	109.0297	-166.657
51.5004	109.0356	-165.643
51.8736	109.0406	-164.619
52.2495	109.0445	-163.583
52.6281	109.0476	-162.532
53.0095	109.0505	-161.463
53.3936	109.0540	-160.379
53.7805	109.0587	-159.283
54.1702	109.0646	-158.181
54.5628	109.0710	-157.077
54.9581	109.0766	-155.970
55.3564	109.0806	-154.857
55.7575	109.0827	-153.729
56.1616	109.0832	-152.580
56.5685	109.0835	-151.474
56.9785	109.0864	-150.340
57.3914	109.0911	-149.131
57.8072	109.0975	-147.921
58.2261	109.1044	-146.715
58.6481	109.1106	-145.510
59.0730	109.1149	-144.299
59.5011	109.1180	-143.144
59.9323	109.1203	-141.949
60.3666	109.1230	-140.663
60.8040	109.1269	-139.367
61.2446	109.1309	-138.068
61.6884	109.1349	-136.835
62.1355	109.1365	-135.586
62.5857	109.1376	-134.248
63.0392	109.1400	-132.893
63.4960	109.1462	-131.590
63.9562	109.1527	-130.289
64.4196	109.1556	-128.914
64.8864	109.1574	-127.523
65.3566	109.1594	-126.168
65.8302	109.1620	-124.793
66.3073	109.1639	-123.354
66.7877	109.1664	-121.958
67.2717	109.1691	-120.546
67.7592	109.1718	-119.068
68.2502	109.1769	-117.641
68.7448	109.1811	-116.213
69.2429	109.1824	-114.712
69.7447	109.1839	-113.238
70.2501	109.1873	-111.737
70.7591	109.1912	-110.178
71.2719	109.1968	-108.664
71.7884	109.2002	-107.138
72.3086	109.2022	-105.586
72.8325	109.2054	-104.017
73.3603	109.2087	-102.452
73.8919	109.2097	-100.882
74.4274	109.2090	-99.241
74.9667	109.2093	-97.616
75.5099	109.2132	-95.973
76.0571	109.2193	-94.337
76.6083	109.2230	-92.702
77.1634	109.2227	-91.040
77.7226	109.2218	-89.376
78.2858	109.2239	-87.650
78.8531	109.2281	-85.922
79.4245	109.2320	-84.191
80.0000	109.2346	-82.451
80.5797	109.2357	-80.692
81.1636	109.2363	-78.905
81.7518	109.2386	-77.128
82.3442	109.2423	-75.307
82.9409	109.2467	-73.485
83.5419	109.2503	-71.657
84.1473	109.2528	-69.813
84.7570	109.2549	-67.984
85.3712	109.2557	-66.091
85.9899	109.2570	-64.170
86.6130	109.2611	-62.266
87.2406	109.2652	-60.376
87.8728	109.2658	-58.442
88.5096	109.2654	-56.479
89.1509	109.2677	-54.527
89.7970	109.2694	-52.566
90.4477	109.2681	-50.541
91.1031	109.2688	-48.471
91.7633	109.2759	-46.423
92.4282	109.2802	-44.421
93.0980	109.2760	-42.391
93.7726	109.2741	-40.275
94.4521	109.2779	-38.143
95.1366	109.2839	-36.047
95.8260	109.2867	-33.922
96.5204	109.2908	-31.760
97.2198	109.2940	-29.596
97.9243	109.2920	-27.411
98.6339	109.2907	-25.190
99.3486	109.2933	-22.967
100.0685	109.2952	-20.751
100.7937	109.2954	-18.510
101.5241	109.2959	-16.235
102.2598	109.2969	-13.937
103.0008	109.2982	-11.619
103.7472	109.3006	-9.285
104.4990	109.3038	-6.944
105.2562	109.3055	-4.589
106.0189	109.3056	-2.197
106.7872	109.3079	0.230
107.5610	109.3122	2.651
108.3404	109.3124	5.067
109.1255	109.3101	7.511
109.9163	109.3152	9.990
110.7128	109.3199	12.478
111.5151	109.3202	14.991
112.3231	109.3204	17.541
113.1371	109.3213	20.084
113.9569	109.3217	22.650
114.7827	109.3235	25.253
115.6145	109.3240	27.864
116.4523	109.3222	30.492
117.2961	109.3245	33.153
118.1461	109.3285	35.833
119.0022	109.3305	38.513
119.8646	109.3310	41.236
120.7332	109.3329	43.997
121.6080	109.3352	46.731
122.4893	109.3332	49.478
123.3769	109.3320	52.294
124.2709	109.3364	55.138
125.1714	109.3400	57.970
126.0785	109.3395	60.823
126.9921	109.3410	63.709
127.9123	109.3422	66.605
128.8392	109.3404	69.550
129.7728	109.3419	72.526
130.7132	109.3438	75.493
131.6604	109.3446	78.488
132.6145	109.3469	81.511
133.5755	109.3478	84.534
134.5434	109.3461	87.588
135.5184	109.3440	90.682
136.5004	109.3467	93.809
137.4895	109.3504	96.969
138.4858	109.3520	100.139
139.4894	109.3534	103.306
140.5002	109.3572	106.472
141.5183	109.3555	109.696
142.5438	109.3555	113.003
143.5767	109.3588	116.291
144.6171	109.3571	119.588
145.6651	109.3573	122.910
146.7206	109.3558	126.282
147.7838	109.3627	129.678
148.8547	109.3667	133.060
149.9334	109.3646	136.498
151.0199	109.3647	139.991
152.1142	109.3651	143.485
153.2165	109.3631	147.000
154.3268	109.3658	150.525
155.4451	109.3669	154.074
156.5715	109.3722	157.665
157.7061	109.3730	161.270
158.8489	109.3724	164.911
160.0000	109.3695	168.585
161.1594	109.3688	172.318
162.3273	109.3724	176.049
163.5035	109.3719	179.786
164.6884	109.3732	-176.433
165.8818	109.3731	-172.615
167.0838	109.3741	-168.767
168.2946	109.3732	-164.895
169.5141	109.3746	-160.986
170.7425	109.3760	-157.055
171.9797	109.3802	-153.131
173.2260	109.3787	-149.160
174.4812	109.3812	-145.100
175.7456	109.3841	-141.055
177.0191	109.3853	-136.976
178.3019	109.3854	-132.870
179.5939	109.3819	-128.749
180.8953	109.3794	-124.590
182.2062	109.3837	-120.358
183.5265	109.3948	-116.073
184.8564	109.3909	-111.873
186.1960	109.3871	-107.581
187.5452	109.3872	-103.298
188.9043	109.3886	-98.887
190.2731	109.3888	-94.527
191.6519	109.3879	-90.099
193.0407	109.3927	-85.632
194.4396	109.3930	-81.145
195.8486	109.3931	-76.621
197.2678	109.3899	-72.081
198.6972	109.3917	-67.487
200.1371	109.3957	-62.864
201.5874	109.3912	-58.179
203.0482	109.3940	-53.492
204.5195	109.3944	-48.798
206.0016	109.3924	-44.002
207.4943	109.3974	-39.191
208.9979	109.3993	-34.376
210.5124	109.3995	-29.535
212.0379	109.4004	-24.592
213.5744	109.4000	-19.660
215.1220	109.3990	-14.718
216.6809	109.3963	-9.680
218.2510	109.3981	-4.613
219.8326	109.4005	0.431
221.4256	109.3980	5.566
223.0301	109.3995	10.731
224.6463	109.4091	15.955
226.2742	109.4131	21.152
227.9138	109.3986	26.506
229.5654	109.4017	31.799
231.2289	109.4092	37.139
232.9045	109.4092	42.556
234.5922	109.4095	47.980
236.2922	109.4068	53.459
238.0045	109.4057	58.976
239.7291	109.4117	64.545
241.4663	109.4107	70.134
243.2161	109.4084	75.752
244.9785	109.4142	81.439
246.7537	109.4100	87.166
248.5418	109.4093	92.935
250.3428	109.4094	98.724
252.1569	109.4167	104.587
253.9842	109.4140	110.474
255.8246	109.4118	116.396
257.6785	109.4105	122.394
259.5457	109.4134	128.420
261.4265	109.4217	134.522
263.3209	109.4159	140.566
265.2290	109.4349	146.861
267.1510	109.3820	153.174
269.0869	109.4017	159.453
271.0368	109.4301	165.516
273.0008	109.4178	171.868
274.9791	109.4234	178.210
276.9717	109.4192	-175.348
278.9788	109.4162	-168.854
281.0003	109.4221	-162.362
283.0366	109.4140	-155.789
285.0876	109.4193	-149.174
287.1535	109.4238	-142.460
289.2343	109.4212	-135.788
291.3302	109.4211	-128.997
293.4413	109.4176	-122.190
295.5677	109.4150	-115.308
297.7095	109.4190	-108.388
299.8668	109.4204	-101.399
302.0398	109.4202	-94.364
304.2285	109.4210	-87.320
306.4330	109.4299	-80.208
308.6536	109.4194	-73.001
310.8902	109.4152	-65.822
313.1431	109.4250	-58.503
315.4122	109.4244	-51.168
317.6978	109.4305	-43.803
320.0000	109.4240	-36.327
322.3189	109.4224	-28.854
324.6545	109.4263	-21.317
327.0071	109.4239	-13.681
329.3767	109.4232	-6.012
331.7635	109.4249	1.664
334.1676	109.4294	9.468
336.5891	109.4272	17.301
339.0282	109.4296	25.201
341.4849	109.4261	33.121
343.9595	109.4313	41.143
346.4519	109.4293	49.241
348.9625	109.4297	57.335
351.4912	109.4291	65.475
354.0383	109.4291	73.707
356.6038	109.4325	82.050
359.1879	109.4286	90.415
361.7907	109.4326	98.853
364.4124	109.4326	107.309
367.0530	109.4301	115.864
369.7129	109.4355	124.472
372.3920	109.4344	133.150
375.0905	109.4321	141.876
377.8085	109.4341	150.680
380.5463	109.4340	159.543
383.3039	109.4318	168.468
386.0814	109.4343	177.459
388.8792	109.4366	-173.497
391.6971	109.4345	-164.357
394.5355	109.4348	-155.212
397.3945	109.4390	-145.940
400.2742	109.4356	-136.608
403.1747	109.4367	-127.202
406.0963	109.4402	-117.745
409.0390	109.4346	-108.225
412.0031	109.4343	-98.615
414.9887	109.4364	-88.950
417.9958	109.4357	-79.196
421.0248	109.4404	-69.399
424.0757	109.4361	-59.508
427.1488	109.4398	-49.573
430.2440	109.4370	-39.538
433.3618	109.4370	-29.464
436.5021	109.4365	-19.270
439.6652	109.4419	-9.070
442.8512	109.4415	1.292
446.0602	109.4436	11.703
449.2926	109.4440	22.156
452.5483	109.4376	32.706
455.8277	109.4409	43.332
459.1308	109.4368	54.052
462.4579	109.4461	64.830
465.8090	109.4444	75.695
469.1845	109.4407	86.616
472.5844	109.4448	97.630
476.0089	109.4468	108.725
479.4583	109.4412	119.903
482.9326	109.4451	131.172
486.4321	109.4452	142.501
489.9570	109.4485	153.952
493.5075	109.4491	165.417
497.0836	109.4447	177.055
500.6857	109.4472	-171.290
504.3139	109.4472	-159.535
507.9683	109.4451	-147.686
511.6493	109.4490	-135.737
515.3569	109.4482	-123.737
519.0914	109.4458	-111.636
522.8529	109.4478	-99.462
526.6418	109.4481	-87.153
530.4580	109.4482	-74.752
534.3019	109.4571	-62.386
538.1737	109.4456	-49.794
542.0735	109.4513	-37.147
546.0016	109.4474	-24.372
549.9582	109.4551	-11.595
553.9434	109.4490	1.357
557.9575	109.4501	14.389
562.0007	109.4516	27.480
566.0732	109.4497	40.671
570.1752	109.4549	53.986
574.3069	109.4528	67.368
578.4686	109.4508	80.869
582.6604	109.4518	94.469
586.8826	109.4534	108.154
591.1354	109.4506	121.964
595.4190	109.4558	135.833
599.7336	109.4562	149.847
604.0796	109.4560	163.905
608.4570	109.4584	178.107
612.8661	109.4536	-167.585
617.3072	109.4559	-153.173
621.7804	109.4537	-138.663
626.2861	109.4500	-124.053
630.8244	109.4537	-109.325
635.3957	109.4560	-94.503
640.0000	109.4575	-79.562
644.6377	109.4606	-64.570
649.3090	109.4580	-49.355
654.0142	109.4555	-34.122
658.7534	109.4561	-18.758
663.5270	109.4590	-3.265
668.3352	109.4597	12.317
673.1783	109.4597	28.034
678.0564	109.4594	43.887
682.9699	109.4591	59.840
687.9189	109.4565	75.891
692.9039	109.4584	92.043
697.9249	109.4636	108.325
702.9824	109.4638	124.738
708.0765	109.4618	141.271
713.2075	109.4617	157.894
718.3757	109.4655	174.656
723.5814	109.4581	-168.435
728.8247	109.4610	-151.430
734.1061	109.4610	-134.277
739.4257	109.4630	-117.024
744.7839	109.4640	-99.662
750.1809	109.4624	-82.121
755.6170	109.4651	-64.515
761.0926	109.4630	-46.739
766.6077	109.4631	-28.841
772.1629	109.4660	-10.807
777.7583	109.4632	7.353
783.3943	109.4606	25.644
789.0711	109.4641	44.048
794.7890	109.4641	62.588
800.5484	109.4666	81.300
806.3495	109.4639	100.088
812.1926	109.4669	119.066
818.0781	109.4649	138.186
824.0062	109.4668	157.400
829.9773	109.4654	176.809
835.9917	109.4665	-163.695
842.0496	109.4683	-144.044
848.1515	109.4669	-124.251
854.2975	109.4675	-104.296
860.4881	109.4665	-84.205
866.7236	109.4689	-63.972
873.0042	109.4651	-43.575
879.3303	109.4685	-23.078
885.7023	109.4683	-2.354
892.1205	109.4693	18.484
898.5852	109.4721	39.439
905.0967	109.4708	60.591
911.6554	109.4655	81.853
918.2616	109.4683	103.303
924.9157	109.4698	124.883
931.6180	109.4679	146.658
938.3689	109.4691	168.559
945.1687	109.4714	-169.369
952.0178	109.4707	-147.140
958.9165	109.4679	-124.740
965.8652	109.4675	-102.185
972.8643	109.4741	-79.479
979.9141	109.4709	-56.604
987.0149	109.4693	-33.552
994.1672	109.4696	-10.325
1001.3714	109.4720	13.035
1008.6277	109.4663	36.602
1015.9367	109.4702	60.324
1023.2986	109.4702	84.233
1030.7138	109.4684	108.276
1038.1828	109.4717	132.529
1045.7059	109.4728	156.925
1053.2835	109.4733	-178.461
1060.9160	109.4805	-153.679
1068.6039	109.4705	-128.733
1076.3474	109.4725	-103.586
1084.1471	109.4734	-78.265
1092.0032	109.4706	-52.742
1099.9164	109.4726	-27.045
1107.8868	109.4735	-1.176
1115.9150	109.4746	24.875
1124.0014	109.4762	51.084
1132.1464	109.4741	77.561
1140.3504	109.4721	104.186
1148.6138	109.4749	130.999
1156.9371	109.4740	158.045
1165.3208	109.4719	-174.763
1173.7652	109.4683	-147.340
1182.2708	109.4708	-119.733
1190.8380	109.4757	-91.914
1199.4673	109.4727	-63.903
1208.1591	109.4707	-35.688
1216.9139	109.4694	-7.249
1225.7322	109.4681	21.367
1234.6144	109.4736	50.185
1243.5609	109.4711	79.250
1252.5722	109.4716	108.498
1261.6489	109.4730	137.967
1270.7913	109.4727	167.642
1280.0000	109.4705	-162.466
1289.2754	109.4707	-132.357
1298.6180	109.4724	-102.025
1308.0284	109.4722	-71.466
1317.5069	109.4679	-40.689
1327.0541	109.4689	-9.672
1336.6704	109.4687	21.507
1346.3565	109.4703	52.994
1356.1128	109.4683	84.631
1365.9397	109.4696	116.566
1375.8379	109.4707	148.698
1385.8078	109.4678	-178.946
1395.8499	109.4715	-146.375
1405.9648	109.4681	-113.510
1416.1530	109.4651	-80.406
1426.4150	109.4676	-47.088
1436.7514	109.4635	-13.546
1447.1627	109.4676	20.241
1457.6495	109.4664	54.312
1468.2122	109.4658	88.603
1478.8515	109.4620	123.153
1489.5678	109.4656	157.942
1500.3618	109.4631	-167.001
1511.2341	109.4604	-131.721
1522.1851	109.4628	-96.168
1533.2155	109.4614	-60.359
1544.3258	109.4566	-24.276
1555.5166	109.4612	12.028
1566.7885	109.4631	48.667
1578.1421	109.4620	85.497
1589.5780	109.4608	122.620
1601.0967	109.4559	160.028
1612.6989	109.4578	-162.309
1624.3852	109.4543	-124.314
1636.1562	109.4554	-86.106
1648.0125	109.4534	-47.608
1659.9546	109.4530	-8.886
1671.9833	109.4546	30.189
1684.0992	109.4523	69.531
1696.3029	109.4545	109.154
1708.5950	109.4509	149.053
1720.9762	109.4505	-170.745
1733.4471	109.4468	-130.238
1746.0084	109.4488	-89.502
1758.6607	109.4494	-48.380
1771.4046	109.4474	-7.033
1784.2410	109.4456	34.665
1797.1703	109.4453	76.642
1810.1934	109.4467	118.890
1823.3108	109.4428	161.521
1836.5232	109.4417	-155.566
1849.8314	109.4416	-112.386
1863.2361	109.4403	-68.854
1876.7379	109.4419	-25.022
1890.3375	109.4404	19.139
1904.0356	109.4390	63.609
1917.8331	109.4370	108.412
1931.7305	109.4350	153.537
1945.7286	109.4349	-161.023
1959.8281	109.4328	-115.236
1974.0299	109.4349	-69.126
1988.3345	109.4337	-22.692
2002.7428	109.4301	24.110
2017.2555	109.4309	71.196
2031.8733	109.4312	118.651
2046.5971	109.4286	166.465
2061.4276	109.4287	-145.383
2076.3656	109.4289	-96.877
2091.4118	109.4260	-48.049
2106.5670	109.4229	1.165
2121.8321	109.4244	50.729
2137.2077	109.4240	100.628
2152.6948	109.4244	150.913
2168.2941	109.4198	-158.430
2184.0065	109.4202	-107.449
2199.8327	109.4205	-56.035
2215.7736	109.4180	-4.282
2231.8300	109.4176	47.839
2248.0028	109.4178	100.366
2264.2927	109.4171	153.250
2280.7007	109.4171	-153.494
2297.2276	109.4166	-99.828
2313.8743	109.4130	-45.775
2330.6416	109.4125	8.637
2347.5304	109.4140	63.502
2364.5415	109.4100	118.738
2381.6760	109.4129	174.344
2398.9346	109.4120	-129.643
2416.3182	109.4084	-73.196
2433.8279	109.4104	-16.343
2451.4644	109.4086	40.944
2469.2287	109.4089	98.598
2487.1218	109.4100	156.681
2505.1445	109.4073	-144.799
2523.2978	109.4105	-85.856
2541.5826	109.4067	-26.493
2560.0000	109.4077	33.314
2578.5508	109.4086	93.523
2597.2361	109.4083	154.207
2616.0567	109.4044	-144.712
2635.0137	109.4069	-83.167
2654.1081	109.4070	-21.161
2673.3409	109.4104	41.286
2692.7130	109.4075	104.183
2712.2255	109.4037	167.542
2731.8794	109.4101	-128.663
2751.6758	109.4070	-64.392
2771.6155	109.4061	0.366
2791.6998	109.4073	65.561
2811.9296	109.4102	131.258
2832.3060	109.4118	-162.611
2852.8301	109.4135	-95.962
2873.5028	109.4129	-28.831
2894.3254	109.4138	38.779
2915.2989	109.4106	106.854
2936.4244	109.4144	175.439
2957.7029	109.4113	-115.458
2979.1356	109.4141	-45.866
3000.7237	109.4095	24.230
3022.4682	109.4152	94.822
3044.3702	109.4151	165.929
3066.4310	109.4185	-122.431
3088.6516	109.4182	-50.283
3111.0332	109.4197	22.399
3133.5771	109.4182	95.590
3156.2843	109.4188	169.330
3179.1560	109.4218	-116.404
3202.1935	109.4265	-41.601
3225.3979	109.4260	33.756
3248.7705	109.4272	109.659
3272.3124	109.4272	-173.923
3296.0249	109.4280	-96.915
3319.9093	109.4284	-19.342
3343.9667	109.4257	58.772
3368.1985	109.4314	137.449
3392.6058	109.4300	-143.291
3417.1900	109.4322	-63.455
3441.9524	109.4337	16.959
3466.8942	109.4339	97.946
3492.0167	109.4348	179.526
3517.3213	109.4347	-98.280
3542.8093	109.4357	-15.523
3568.4820	109.4359	67.840
3594.3406	109.4403	151.803
3620.3867	109.4419	-123.613
3646.6215	109.4408	-38.424
3673.0465	109.4389	47.384
3699.6629	109.4416	133.830
3726.4721	109.4439	-139.121
3753.4757	109.4422	-51.418
3780.6749	109.4433	36.896
3808.0713	109.4448	125.875
3835.6661	109.4437	-144.534
3863.4609	109.4436	-54.247
3891.4572	109.4427	36.666
3919.6563	109.4429	128.239
3948.0597	109.4445	-139.508
3976.6690	109.4421	-46.640
4005.4856	109.4413	46.958
4034.5110	109.4447	141.219
4063.7467	109.4429	-123.850
4093.1943	109.4428	-28.215
4122.8552	109.4427	68.096
4152.7312	109.4396	165.111
4182.8236	109.4403	-97.176
4213.1340	109.4418	1.250
4243.6641	109.4403	100.407
4274.4155	109.4382	-159.742
4305.3896	109.4384	-59.166
4336.5883	109.4369	42.160
4368.0130	109.4379	144.189
4399.6654	109.4358	-113.017
4431.5472	109.4363	-9.501
4463.6600	109.4338	94.771
4496.0055	109.4371	-160.189
4528.5854	109.4371	-54.401
4561.4014	109.4321	52.164
4594.4552	109.4360	159.484
4627.7485	109.4327	-92.429
4661.2831	109.4312	16.465
4695.0607	109.4325	126.146
4729.0830	109.4323	-123.378
4763.3519	109.4343	-12.112
4797.8691	109.4342	99.957
4832.6365	109.4329	-147.130
4867.6558	109.4357	-33.437
4902.9288	109.4335	81.090
4938.4574	109.4321	-163.545
4974.2435	109.4350	-47.362
5010.2890	109.4341	69.660
5046.5956	109.4362	-172.460
5083.1653	109.4376	-53.692
5120.0000	109.4394	65.900
5157.1016	109.4410	-173.631
5194.4721	109.4396	-52.279
5232.1134	109.4443	69.922
5270.0275	109.4472	-166.964
5308.2162	109.4476	-42.945
5346.6818	109.4496	81.932
5385.4260	109.4495	-152.279
5424.4510	109.4528	-25.548
5463.7589	109.4559	102.086
5503.3515	109.4577	-129.341
5543.2311	109.4632	0.145
5583.3996	109.4663	130.578
5623.8592	109.4669	-98.048
5664.6120	109.4683	34.304
5705.6601	109.4724	167.578
5747.0057	109.4750	-58.147
5788.6509	109.4760	77.079
5830.5978	109.4796	-146.692
5872.8487	109.4826	-9.502
5915.4058	109.4823	128.695
5958.2713	109.4858	-92.081
6001.4474	109.4880	48.118
6044.9363	109.4925	-170.651
6088.7404	109.4938	-28.392
6132.8620	109.4929	114.892
6177.3032	109.4938	-100.780
6222.0665	109.4978	44.595
6267.1541	109.4941	-168.970
6312.5685	109.4966	-21.483
6358.3120	109.4959	127.074
6404.3869	109.4980	-83.305
6450.7958	109.4944	67.425
6497.5409	109.4944	-140.789
6544.6248	109.4920	12.139
6592.0498	109.4911	166.153
6639.8185	109.4917	-38.720
6687.9334	109.4884	117.538
6736.3969	109.4867	-85.087
6785.2116	109.4857	73.460
6834.3801	109.4828	-126.866
6883.9048	109.4799	33.939
6933.7884	109.4755	-164.072
6984.0335	109.4755	-0.912
7034.6427	109.4714	163.442
7085.6186	109.4658	-31.029
7136.9639	109.4651	135.713
7188.6813	109.4608	-56.367
7240.7734	109.4566	112.795
7293.2431	109.4543	-76.824
7346.0929	109.4507	94.779
7399.3257	109.4507	-92.370
7452.9443	109.4480	81.745
7506.9514	109.4451	-102.892
7561.3499	109.4439	73.746
7616.1425	109.4416	-108.357
7671.3322	109.4405	70.862
7726.9219	109.4407	-108.638
7782.9143	109.4408	73.172
7839.3125	109.4405	-103.701
7896.1194	109.4374	80.757
7953.3380	109.4368	-93.427
8010.9711	109.4348	93.732
8069.0219	109.4402	-77.781
8127.4934	109.4386	112.087
8186.3886	109.4403	-56.648
8245.7105	109.4409	135.993
8305.4623	109.4403	-29.968
8365.6471	109.4423	165.475
8426.2680	109.4422	2.352
8487.3283	109.4431	-159.376
8548.8309	109.4428	40.357
8610.7793	109.4437	-118.460
8673.1765	109.4431	84.168
8736.0260	109.4391	-71.711
8799.3308	109.4391	133.880
8863.0944	109.4383	-19.055
8927.3200	109.4367	-170.472
8992.0111	109.4356	39.614
9057.1709	109.4332	-108.768
9122.8029	109.4307	104.382
9188.9105	109.4263	-40.942
9255.4971	109.4239	175.310
9322.5662	109.4206	33.096
9390.1214	109.4160	-107.518
9458.1661	109.4124	113.445
9526.7039	109.4098	-24.000
9595.7383	109.4082	-159.811
9665.2730	109.4047	65.979
9735.3115	109.4059	-66.581
9805.8576	109.4017	162.475
9876.9149	109.4001	33.217
9948.4871	109.3997	-94.392
10020.5779	109.3981	139.703
10093.1912	109.3983	15.463
10166.3306	109.3995	-107.038
10240.0000	109.4020	132.161
10314.2033	109.4037	13.092
10388.9442	109.4050	-104.208
10464.2268	109.4095	140.247
10540.0549	109.4114	26.468
10616.4325	109.4195	-85.524
10693.3635	109.4226	164.278
10770.8521	109.4252	55.894
10848.9021	109.4323	-50.634
10927.5177	109.4350	-155.366
11006.7030	109.4419	101.783
11086.4621	109.4440	0.784
11166.7992	109.4455	-98.316
11247.7184	109.4494	164.459
11329.2240	109.4517	69.129
11411.3202	109.4549	-24.269
11494.0114	109.4557	-115.738
11577.3017	109.4568	154.726
11661.1956	109.4554	67.159
11745.6975	109.4557	-18.432
11830.8116	109.4570	-102.075
11916.5426	109.4569	176.302
12002.8947	109.4517	96.703
12089.8727	109.4536	19.129
12177.4809	109.4518	-56.423
12265.7239	109.4504	-129.901
12354.6064	109.4512	158.676
12444.1330	109.4506	89.335
12534.3083	109.4490	22.114
12625.1370	109.4495	-42.962
12716.6240	109.4530	-105.938
12808.7739	109.4522	-166.758
12901.5916	109.4536	134.601
12995.0818	109.4550	78.140
13089.2495	109.4581	23.905
13184.0996	109.4604	-28.144
13279.6370	109.4626	-77.954
13375.8668	109.4659	-125.504
13472.7938	109.4660	-170.791
13570.4232	109.4679	146.210
13668.7601	109.4670	105.501
13767.8096	109.4660	67.099
13867.5768	109.4632	31.048
13968.0670	109.4618	-2.676
14069.2853	109.4537	-34.046
14171.2372	109.4506	-63.003
14273.9278	109.4435	-89.618
14377.3626	109.4364	-113.770
14481.5469	109.4304	-135.535
14586.4861	109.4243	-154.870
14692.1858	109.4168	-171.704
14798.6515	109.4095	173.913
14905.8886	109.4047	162.035
15013.9028	109.4016	152.672
15122.6997	109.3987	145.872
15232.2851	109.3946	141.597
15342.6645	109.3925	139.917
15453.8437	109.3916	140.809
15565.8287	109.3947	144.353
15678.6251	109.3942	150.505
15792.2389	109.3958	159.324
15906.6759	109.3970	170.812
16021.9423	109.3999	-174.984
16138.0439	109.3991	-158.117
16254.9868	109.4004	-138.464
16372.7771	109.3986	-116.083
16491.4210	109.3998	-90.962
16610.9246	109.3965	-63.005
16731.2942	109.3958	-32.295
16852.5361	109.3909	1.254
16974.6565	109.3914	37.631
17097.6619	109.3881	76.900
17221.5586	109.3901	119.022
17346.3531	109.3903	164.059
17472.0519	109.3897	-147.984
17598.6616	109.3931	-97.078
17726.1888	109.3974	-43.196
17854.6400	109.3991	13.694
17984.0221	109.4057	73.601
18114.3418	109.4108	136.536
18245.6057	109.4116	-157.432
18377.8209	109.4213	-88.334
18510.9942	109.4240	-16.142
18645.1325	109.4255	59.212
18780.2428	109.4269	137.708
18916.3322	109.4242	-140.603
19053.4077	109.4199	-55.748
19191.4766	109.4184	32.341
19330.5459	109.4126	123.615
19470.6230	109.4077	-141.810
19611.7152	109.3999	-43.969
19753.8298	109.3944	57.170
19896.9742	109.3907	161.639
