* Helix DSP Ultra S, output layer — Butterworth 42 dB/oct at 1000 Hz, high-pass only.
* ELECTRICAL loop, no microphone: Scarlett 2i2 out L -> Helix line in,
* Helix line out -> Scarlett in 1; out R -> in 2 direct as the timing
* reference, timing offset 0. Everything else in the channel off; no gain,
* level or routing changed within a set, so the ratio to '-bypass' is the
* filter alone.
* REW V5.40 beta 132 measurement 'bw42-1k-hp', 2026-Aug-31 12:43:56, 512k sweep, 1 average, -20 dBFS, 96 kHz,
* 10 Hz - 30 kHz, loopback timing reference. SNR 45.1 dB, delay 0.4170 ms.
* Levels are REW's electrical dB (splOffset 102.34); only ratios within a set carry meaning.
* frequency_Hz<TAB>dB<TAB>phase_deg — REW's unsmoothed magnitude with phase from the impulse response, resampled to 1/96 octave
20.0000	31.0997	-100.763
20.1449	30.9379	-101.430
20.2909	30.8707	-102.103
20.4379	30.8030	-102.780
20.5860	30.8248	-103.120
20.7352	30.9278	-103.153
20.8855	31.0332	-103.187
21.0368	31.1606	-103.221
21.1893	31.2890	-103.255
21.3428	31.2968	-103.289
21.4975	31.2438	-103.324
21.6532	31.0967	-103.358
21.8102	30.7286	-103.394
21.9682	30.3578	-103.429
22.1274	29.6631	-103.465
22.2877	28.9541	-103.500
22.4492	28.2018	-103.537
22.6119	27.4261	-103.573
22.7758	26.9372	-103.610
22.9408	26.8326	-103.647
23.1071	26.8742	-103.684
23.2745	27.4560	-103.721
23.4432	28.0393	-103.749
23.6130	28.5455	-103.473
23.7841	29.0553	-103.195
23.9565	29.2013	-102.916
24.1301	29.3008	-102.634
24.3049	29.0681	-102.350
24.4811	28.7349	-102.064
24.6585	28.2597	-101.776
24.8372	27.7180	-101.487
25.0171	27.4660	-101.194
25.1984	27.3801	-100.900
25.3810	27.7789	-100.604
25.5649	28.4854	-100.306
25.7502	29.2723	-100.005
25.9368	30.1109	-99.702
26.1247	30.7093	-99.397
26.3141	31.1835	-99.090
26.5047	31.2742	-98.921
26.6968	31.2151	-98.805
26.8903	30.6489	-98.688
27.0851	29.9595	-98.570
27.2814	28.6888	-98.451
27.4791	27.3928	-98.332
27.6782	26.5104	-98.212
27.8788	26.1330	-98.091
28.0808	27.4490	-97.968
28.2843	28.9063	-97.846
28.4892	30.5554	-97.722
28.6957	31.8004	-97.597
28.9036	32.8144	-97.471
29.1131	33.2763	-97.345
29.3240	33.5883	-97.312
29.5365	33.4275	-97.923
29.7506	33.0989	-98.539
29.9661	32.5250	-99.159
30.1833	31.8859	-99.784
30.4020	31.2303	-100.413
30.6223	31.0101	-101.046
30.8442	31.0124	-101.685
31.0677	31.3962	-102.328
31.2929	31.9026	-102.975
31.5196	32.4384	-103.628
31.7480	32.8324	-104.285
31.9781	33.1193	-104.946
32.2098	33.3025	-105.613
32.4432	33.3487	-105.741
32.6783	33.3547	-105.828
32.9151	33.3083	-105.916
33.1536	33.1987	-106.004
33.3939	33.0427	-106.093
33.6359	32.8065	-106.183
33.8796	32.4840	-106.273
34.1251	32.1373	-106.364
34.3724	31.7973	-106.455
34.6215	31.6532	-106.547
34.8723	31.6821	-106.640
35.1250	31.9629	-106.734
35.3796	32.4244	-107.564
35.6359	32.8883	-108.503
35.8942	33.3185	-109.449
36.1543	33.5660	-110.402
36.4163	33.7115	-111.362
36.6802	33.7859	-112.328
36.9460	33.8370	-113.302
37.2137	34.0003	-114.283
37.4834	34.2713	-115.271
37.7550	34.6452	-116.266
38.0286	35.0736	-117.268
38.3041	35.4232	-117.753
38.5817	35.6550	-118.103
38.8613	35.7362	-118.454
39.1429	35.6031	-118.809
39.4265	35.2618	-119.166
39.7122	34.7787	-119.526
40.0000	34.1953	-119.888
40.2899	33.5702	-120.253
40.5818	33.0955	-120.620
40.8759	32.9093	-120.990
41.1721	33.0232	-121.207
41.4704	33.3898	-121.285
41.7710	33.9005	-121.364
42.0736	34.4034	-121.443
42.3785	34.8137	-121.523
42.6856	35.1403	-121.603
42.9949	35.4024	-121.684
43.3065	35.6175	-121.765
43.6203	35.7875	-121.847
43.9364	35.8825	-121.930
44.2548	35.8421	-123.511
44.5755	35.6767	-125.147
44.8985	35.4439	-126.794
45.2238	35.2477	-128.454
45.5515	35.1843	-130.126
45.8816	35.2694	-131.809
46.2141	35.3990	-133.505
46.5490	35.4001	-135.214
46.8863	35.1347	-136.884
47.2261	34.5827	-137.094
47.5683	33.9704	-137.306
47.9130	33.6703	-137.519
48.2602	33.8353	-137.734
48.6099	34.2167	-137.950
48.9621	34.4506	-138.168
49.3169	34.3241	-138.387
49.6743	33.8656	-138.609
50.0343	33.3533	-139.271
50.3968	33.1547	-140.190
50.7620	33.3514	-141.115
51.1299	33.6476	-142.047
51.5004	33.7000	-142.986
51.8736	33.3826	-143.932
52.2495	32.8230	-144.885
52.6281	32.3054	-145.844
53.0095	32.0180	-146.402
53.3936	31.8457	-146.805
53.7805	31.5219	-147.210
54.1702	30.9208	-147.619
54.5628	30.1886	-148.031
54.9581	29.6648	-148.445
55.3564	29.3836	-148.863
55.7575	28.9601	-148.631
56.1616	28.0030	-146.236
56.5685	26.6362	-143.822
56.9785	26.0935	-141.392
57.3914	27.4231	-138.944
57.8072	29.4840	-136.478
58.2261	31.0086	-133.994
58.6481	31.6714	-131.783
59.0730	31.7643	-131.538
59.5011	31.6053	-131.292
59.9323	31.5156	-131.043
60.3666	31.6943	-130.793
60.8040	32.1842	-130.541
61.2446	32.9263	-130.288
61.6884	33.7569	-131.157
62.1355	34.5495	-133.948
62.5857	35.2294	-136.760
63.0392	35.7368	-139.592
63.4960	35.9572	-142.444
63.9562	35.7347	-145.317
64.4196	34.9368	-148.211
64.8864	33.7053	-147.829
65.3566	32.9827	-147.188
65.8302	33.3950	-146.542
66.3073	34.2158	-145.892
66.7877	34.4506	-145.237
67.2717	34.1826	-144.577
67.7592	34.0558	-144.874
68.2502	34.5876	-145.459
68.7448	35.0431	-146.048
69.2429	34.6565	-146.642
69.7447	33.0305	-147.240
70.2501	31.3036	-147.842
70.7591	32.0284	-147.520
71.2719	34.0678	-147.065
71.7884	35.3066	-146.606
72.3086	35.3837	-146.144
72.8325	35.0906	-145.679
73.3603	35.1267	-145.565
73.8919	35.3120	-146.686
74.4274	34.8736	-147.815
74.9667	33.6609	-148.952
75.5099	33.0031	-150.098
76.0571	34.0325	-151.252
76.6083	35.0580	-150.957
77.1634	34.8145	-150.275
77.7226	33.5728	-149.587
78.2858	33.0252	-148.895
78.8531	34.1773	-148.197
79.4245	35.3342	-148.094
80.0000	35.5248	-148.454
80.5797	35.0380	-148.816
81.1636	34.1861	-149.182
81.7518	33.5569	-149.549
82.3442	33.9295	-148.885
82.9409	34.8593	-147.283
83.5419	35.0212	-145.671
84.1473	34.0542	-144.046
84.7570	33.8786	-142.410
85.3712	35.4073	-144.186
85.9899	36.7490	-147.689
86.6130	37.0576	-151.218
87.2406	36.6385	-154.772
87.8728	35.5116	-158.352
88.5096	33.4280	-156.698
89.1509	32.6089	-154.880
89.7970	34.4333	-153.048
90.4477	35.3332	-151.203
91.1031	33.5030	-150.096
91.7633	31.7509	-149.980
92.4282	34.0318	-149.864
93.0980	36.0429	-149.746
93.7726	36.3859	-149.684
94.4521	35.9227	-151.247
95.1366	34.7627	-152.821
95.8260	33.0474	-154.407
96.5204	32.6159	-156.005
97.2198	33.0130	-154.531
97.9243	32.3959	-152.130
98.6339	32.3922	-149.711
99.3486	34.0230	-147.276
100.0685	34.6362	-146.219
100.7937	34.0400	-145.953
101.5241	34.2609	-145.686
102.2598	35.0944	-145.417
103.0008	35.3392	-146.049
103.7472	35.5356	-147.236
104.4990	35.6230	-148.432
105.2562	35.1770	-149.636
106.0189	34.8239	-149.983
106.7872	34.6246	-149.994
107.5610	34.5036	-150.006
108.3404	35.7058	-150.018
109.1255	36.9451	-152.714
109.9163	36.1001	-155.645
110.7128	33.9701	-158.598
111.5151	34.5784	-160.411
112.3231	35.4636	-158.385
113.1371	34.8495	-156.346
113.9569	35.6197	-154.291
114.7827	36.3750	-155.855
115.6145	35.4517	-159.529
116.4523	35.0117	-163.229
117.2961	35.6310	-166.199
118.1461	35.0375	-164.037
119.0022	33.8532	-161.859
119.8646	33.2907	-159.665
120.7332	33.9130	-157.174
121.6080	35.5817	-154.550
122.4893	35.6441	-151.906
123.3769	35.1409	-151.565
124.2709	36.3967	-155.173
125.1714	36.7339	-158.807
126.0785	36.2182	-162.006
126.9921	36.3911	-161.555
127.9123	35.2217	-161.100
128.8392	34.4633	-160.641
129.7728	36.3725	-160.502
130.7132	35.9670	-160.386
131.6604	35.6899	-160.270
132.6145	35.7441	-160.824
133.5755	34.5235	-161.534
134.5434	36.0293	-162.250
135.5184	35.8093	-161.987
136.5004	34.6068	-161.430
137.4895	35.7512	-160.870
138.4858	37.4413	-162.071
139.4894	36.8218	-163.745
140.5002	36.2363	-165.431
141.5183	37.4510	-166.791
142.5438	36.2080	-168.114
143.5767	36.3981	-169.404
144.6171	35.4612	-168.774
145.6651	35.2686	-168.140
146.7206	33.3372	-167.850
147.7838	34.7460	-168.780
148.8547	35.7251	-169.717
149.9334	33.4504	-169.386
151.0199	33.3760	-167.672
152.1142	34.6360	-165.945
153.2165	31.9554	-163.595
154.3268	34.4547	-161.068
155.4451	33.1621	-158.918
156.5715	34.3097	-158.954
157.7061	34.4984	-158.990
158.8489	34.2220	-160.163
160.0000	34.9788	-162.225
161.1594	33.9419	-164.319
162.3273	34.9878	-167.119
163.5035	35.2668	-169.940
164.6884	35.0253	-169.053
165.8818	34.5128	-164.805
167.0838	34.9626	-160.985
168.2946	35.9054	-162.741
169.5141	35.9951	-164.510
170.7425	35.9288	-165.514
171.9797	36.0415	-166.135
173.2260	36.1328	-167.255
174.4812	36.8461	-169.543
175.7456	34.3524	-171.848
177.0191	35.1214	-171.560
178.3019	34.7733	-171.195
179.5939	34.7442	-170.362
180.8953	33.0380	-169.305
182.2062	35.9156	-169.870
183.5265	36.3457	-172.602
184.8564	34.4910	-174.509
186.1960	36.3407	-173.326
187.5452	34.2901	-172.189
188.9043	35.4564	-172.647
190.2731	35.5109	-173.109
191.6519	34.7793	-170.633
193.0407	34.6569	-167.760
194.4396	34.3497	-164.980
195.8486	35.4201	-162.214
197.2678	35.6966	-165.087
198.6972	35.2901	-170.546
200.1371	32.2506	-169.890
201.5874	36.4327	-165.708
203.0482	32.6990	-161.752
204.5195	35.4113	-157.928
206.0016	35.5973	-158.736
207.4943	34.5415	-162.391
208.9979	36.4450	-166.540
210.5124	35.6473	-170.964
212.0379	35.1172	-170.699
213.5744	36.0106	-168.594
215.1220	34.7665	-167.812
216.6809	35.9117	-167.339
218.2510	35.9554	-170.903
219.8326	35.4221	-174.869
221.4256	36.7125	-179.602
223.0301	35.0728	179.510
224.6463	31.2540	-168.523
226.2742	36.0056	-163.787
227.9138	30.4206	-169.080
229.5654	36.6782	-169.535
231.2289	34.1421	-167.179
232.9045	37.0347	-174.785
234.5922	35.6808	177.872
236.2922	35.6201	-177.195
238.0045	37.6266	-173.860
239.7291	33.5527	-172.881
241.4663	37.1670	-173.266
243.2161	36.3878	-174.106
244.9785	35.9115	-171.219
246.7537	35.4520	-172.542
248.5418	37.6032	178.924
250.3428	34.5656	-174.891
252.1569	35.7848	-164.864
253.9842	37.4357	-167.796
255.8246	37.0102	-172.533
257.6785	36.2592	-179.018
259.5457	33.7496	-164.251
261.4265	37.3762	-152.758
263.3209	35.9868	-150.057
265.2290	41.7150	-155.256
267.1510	48.8343	-172.176
269.0869	41.0556	145.907
271.0368	42.0796	161.953
273.0008	34.3787	-174.436
274.9791	32.2368	-176.893
276.9717	30.5782	-174.229
278.9788	37.3460	-172.875
281.0003	35.7856	-177.036
283.0366	33.2311	-172.208
285.0876	36.5066	-169.200
287.1535	36.4966	-170.005
289.2343	35.5642	-164.889
291.3302	36.0396	-168.203
293.4413	36.6930	-174.138
295.5677	36.5913	-170.617
297.7095	37.7239	-176.912
299.8668	36.2978	178.946
302.0398	37.3381	179.185
304.2285	36.9322	179.839
306.4330	35.2259	174.670
308.6536	31.8868	-179.223
310.8902	37.5673	-163.856
313.1431	35.3936	-179.373
315.4122	36.1642	-177.072
317.6978	36.4521	-176.109
320.0000	36.5959	-178.543
322.3189	37.2000	179.115
324.6545	36.5708	175.327
327.0071	34.3704	178.177
329.3767	36.8858	179.089
331.7635	38.3826	175.738
334.1676	37.2855	170.984
336.5891	36.9474	169.872
339.0282	36.5650	177.090
341.4849	38.0383	176.259
343.9595	37.0773	175.862
346.4519	38.2237	176.820
348.9625	37.7628	169.597
351.4912	37.0067	174.455
354.0383	38.7033	164.038
356.6038	36.1631	161.050
359.1879	37.1412	164.597
361.7907	37.0816	166.512
364.4124	35.7539	164.787
367.0530	36.9073	164.261
369.7129	37.8727	167.914
372.3920	38.1920	171.625
375.0905	36.7184	168.746
377.8085	39.0697	161.983
380.5463	38.3084	164.764
383.3039	37.9885	160.825
386.0814	38.6874	161.346
388.8792	39.2115	162.413
391.6971	38.5101	156.695
394.5355	37.0020	154.454
397.3945	38.3707	152.864
400.2742	37.5404	153.933
403.1747	38.9308	151.805
406.0963	40.2694	146.741
409.0390	39.0544	143.669
412.0031	38.6962	145.043
414.9887	37.8843	144.588
417.9958	38.8061	139.877
421.0248	39.2842	137.428
424.0757	39.2150	137.333
427.1488	39.7987	138.092
430.2440	40.2102	134.416
433.3618	39.4925	131.713
436.5021	38.8319	125.618
439.6652	40.0989	131.507
442.8512	40.8986	126.132
446.0602	41.2409	124.920
449.2926	40.6241	118.961
452.5483	40.6493	118.523
455.8277	42.0446	114.669
459.1308	41.6587	110.374
462.4579	42.5850	110.437
465.8090	43.0852	110.143
469.1845	42.9217	105.765
472.5844	42.3049	105.027
476.0089	43.4369	102.439
479.4583	44.2897	100.616
482.9326	44.3261	97.942
486.4321	44.3760	94.466
489.9570	44.7192	93.094
493.5075	45.1753	88.999
497.0836	44.8399	86.380
500.6857	45.9284	82.903
504.3139	46.4847	81.723
507.9683	46.9110	79.284
511.6493	47.7178	76.168
515.3569	47.4219	73.055
519.0914	48.3049	73.244
522.8529	48.5550	68.399
526.6418	48.6868	66.906
530.4580	49.0617	63.310
534.3019	49.7602	62.842
538.1737	50.6295	58.215
542.0735	50.4277	55.675
546.0016	50.8969	54.826
549.9582	51.4975	51.506
553.9434	52.2173	50.026
557.9575	52.4426	47.504
562.0007	52.6924	46.153
566.0732	53.4114	44.367
570.1752	53.6652	41.777
574.3069	54.0588	39.028
578.4686	54.6916	37.722
582.6604	55.0724	35.525
586.8826	55.6038	33.383
591.1354	55.8446	31.231
595.4190	56.3514	29.242
599.7336	56.9667	26.280
604.0796	57.3639	24.334
608.4570	57.7102	21.649
612.8661	58.2108	20.464
617.3072	58.7331	17.266
621.7804	59.0950	15.600
626.2861	59.5452	13.161
630.8244	60.0288	11.059
635.3957	60.5000	8.736
640.0000	60.9446	6.638
644.6377	61.3481	4.442
649.3090	61.9929	2.105
654.0142	62.3474	-0.244
658.7534	62.7326	-2.455
663.5270	63.2511	-4.430
668.3352	63.8097	-6.504
673.1783	64.1872	-9.174
678.0564	64.6095	-11.435
682.9699	65.0836	-13.872
687.9189	65.5308	-16.469
692.9039	66.0926	-18.435
697.9249	66.4582	-20.798
702.9824	66.9429	-23.342
708.0765	67.3196	-25.893
713.2075	67.8102	-28.186
718.3757	68.2781	-30.539
723.5814	68.7029	-33.392
728.8247	69.1858	-36.008
734.1061	69.6092	-38.393
739.4257	70.0072	-41.326
744.7839	70.4458	-43.746
750.1809	70.9078	-46.416
755.6170	71.3548	-49.055
761.0926	71.7877	-51.848
766.6077	72.2572	-54.642
772.1629	72.6640	-57.417
777.7583	73.1027	-60.276
783.3943	73.5172	-63.160
789.0711	74.0015	-66.045
794.7890	74.3718	-68.990
800.5484	74.8498	-71.794
806.3495	75.2197	-75.013
812.1926	75.6623	-78.035
818.0781	76.0801	-81.199
824.0062	76.5171	-84.326
829.9773	76.9017	-87.527
835.9917	77.3511	-90.746
842.0496	77.7311	-94.090
848.1515	78.1540	-97.311
854.2975	78.5483	-100.749
860.4881	78.9375	-104.181
866.7236	79.3400	-107.610
873.0042	79.7196	-111.182
879.3303	80.0854	-114.691
885.7023	80.4743	-118.339
892.1205	80.8458	-122.016
898.5852	81.2050	-125.771
905.0967	81.5627	-129.471
911.6554	81.9159	-133.314
918.2616	82.2420	-137.114
924.9157	82.5933	-141.002
931.6180	82.9156	-144.955
938.3689	83.2272	-148.884
945.1687	83.5292	-152.907
952.0178	83.8414	-156.961
958.9165	84.1183	-161.046
965.8652	84.3941	-165.170
972.8643	84.6525	-169.328
979.9141	84.9190	-173.463
987.0149	85.1550	-177.645
994.1672	85.4046	178.137
1001.3714	85.6194	173.948
1008.6277	85.8254	169.704
1015.9367	86.0412	165.491
1023.2986	86.2202	161.307
1030.7138	86.3980	157.102
1038.1828	86.5586	152.905
1045.7059	86.7196	148.725
1053.2835	86.8595	144.535
1060.9160	86.9984	140.367
1068.6039	87.1288	136.213
1076.3474	87.2538	132.084
1084.1471	87.3649	128.038
1092.0032	87.4619	123.960
1099.9164	87.5497	119.923
1107.8868	87.6404	115.929
1115.9150	87.7253	111.896
1124.0014	87.7911	108.031
1132.1464	87.8705	104.084
1140.3504	87.9248	100.231
1148.6138	87.9896	96.393
1156.9371	88.0356	92.568
1165.3208	88.0826	88.781
1173.7652	88.1233	85.059
1182.2708	88.1677	81.359
1190.8380	88.2000	77.650
1199.4673	88.2306	73.992
1208.1591	88.2589	70.361
1216.9139	88.2812	66.794
1225.7322	88.3096	63.234
1234.6144	88.3319	59.708
1243.5609	88.3594	56.189
1252.5722	88.3720	52.703
1261.6489	88.3882	49.253
1270.7913	88.3994	45.828
1280.0000	88.4100	42.427
1289.2754	88.4286	39.031
1298.6180	88.4428	35.663
1308.0284	88.4469	32.294
1317.5069	88.4539	28.987
1327.0541	88.4759	25.696
1336.6704	88.4696	22.382
1346.3565	88.4841	19.085
1356.1128	88.4920	15.866
1365.9397	88.4942	12.639
1375.8379	88.4997	9.404
1385.8078	88.5077	6.206
1395.8499	88.5062	2.988
1405.9648	88.5149	-0.187
1416.1530	88.5178	-3.358
1426.4150	88.5197	-6.526
1436.7514	88.5189	-9.669
1447.1627	88.5242	-12.835
1457.6495	88.5224	-15.915
1468.2122	88.5267	-19.038
1478.8515	88.5392	-22.160
1489.5678	88.5346	-25.237
1500.3618	88.5384	-28.315
1511.2341	88.5337	-31.407
1522.1851	88.5441	-34.514
1533.2155	88.5361	-37.597
1544.3258	88.5498	-40.655
1555.5166	88.5564	-43.688
1566.7885	88.5519	-46.770
1578.1421	88.5493	-49.809
1589.5780	88.5573	-52.856
1601.0967	88.5611	-55.891
1612.6989	88.5653	-58.927
1624.3852	88.5589	-61.970
1636.1562	88.5586	-65.007
1648.0125	88.5614	-68.030
1659.9546	88.5699	-71.055
1671.9833	88.5656	-74.082
1684.0992	88.5569	-77.075
1696.3029	88.5625	-80.115
1708.5950	88.5720	-83.157
1720.9762	88.5707	-86.168
1733.4471	88.5738	-89.222
1746.0084	88.5711	-92.190
1758.6607	88.5726	-95.254
1771.4046	88.5707	-98.255
1784.2410	88.5755	-101.324
1797.1703	88.5728	-104.313
1810.1934	88.5797	-107.324
1823.3108	88.5791	-110.371
1836.5232	88.5764	-113.433
1849.8314	88.5788	-116.428
1863.2361	88.5821	-119.479
1876.7379	88.5750	-122.534
1890.3375	88.5781	-125.571
1904.0356	88.5883	-128.618
1917.8331	88.5883	-131.662
1931.7305	88.5897	-134.685
1945.7286	88.5921	-137.759
1959.8281	88.5860	-140.819
1974.0299	88.5877	-143.940
1988.3345	88.5900	-146.989
2002.7428	88.6032	-150.036
2017.2555	88.5906	-153.152
2031.8733	88.5907	-156.226
2046.5971	88.5934	-159.295
2061.4276	88.5887	-162.405
2076.3656	88.5936	-165.527
2091.4118	88.6006	-168.654
2106.5670	88.5934	-171.712
2121.8321	88.5907	-174.848
2137.2077	88.5971	-178.006
2152.6948	88.5963	178.855
2168.2941	88.5969	175.710
2184.0065	88.5933	172.546
2199.8327	88.5918	169.386
2215.7736	88.5998	166.227
2231.8300	88.5889	163.063
2248.0028	88.5973	159.869
2264.2927	88.6027	156.649
2280.7007	88.5881	153.436
2297.2276	88.5965	150.196
2313.8743	88.5929	147.002
2330.6416	88.5988	143.763
2347.5304	88.5931	140.516
2364.5415	88.5965	137.214
2381.6760	88.5911	133.989
2398.9346	88.5870	130.707
2416.3182	88.5844	127.398
2433.8279	88.5899	124.107
2451.4644	88.5879	120.821
2469.2287	88.5874	117.473
2487.1218	88.5940	114.115
2505.1445	88.5863	110.808
2523.2978	88.5796	107.386
2541.5826	88.5910	104.049
2560.0000	88.5839	100.665
2578.5508	88.5849	97.282
2597.2361	88.5817	93.859
2616.0567	88.5850	90.451
2635.0137	88.5841	86.967
2654.1081	88.5797	83.522
2673.3409	88.5915	80.074
2692.7130	88.5776	76.579
2712.2255	88.5888	73.051
2731.8794	88.5821	69.604
2751.6758	88.5786	66.071
2771.6155	88.5779	62.503
2791.6998	88.5707	58.916
2811.9296	88.5637	55.387
2832.3060	88.5768	51.809
2852.8301	88.5773	48.204
2873.5028	88.5774	44.523
2894.3254	88.5682	40.911
2915.2989	88.5674	37.235
2936.4244	88.5699	33.579
2957.7029	88.5722	29.916
2979.1356	88.5711	26.221
3000.7237	88.5736	22.556
3022.4682	88.5655	18.775
3044.3702	88.5743	15.044
3066.4310	88.5625	11.260
3088.6516	88.5643	7.438
3111.0332	88.5714	3.676
3133.5771	88.5829	-0.205
3156.2843	88.5728	-4.055
3179.1560	88.5736	-7.866
3202.1935	88.5627	-11.769
3225.3979	88.5645	-15.645
3248.7705	88.5760	-19.565
3272.3124	88.5800	-23.482
3296.0249	88.5752	-27.476
3319.9093	88.5796	-31.440
3343.9667	88.5805	-35.426
3368.1985	88.5712	-39.467
3392.6058	88.5796	-43.485
3417.1900	88.5768	-47.570
3441.9524	88.5898	-51.655
3466.8942	88.5903	-55.720
3492.0167	88.5841	-59.865
3517.3213	88.5891	-64.006
3542.8093	88.5800	-68.154
3568.4820	88.5951	-72.365
3594.3406	88.6041	-76.531
3620.3867	88.5949	-80.761
3646.6215	88.6001	-85.014
3673.0465	88.6041	-89.266
3699.6629	88.6138	-93.622
3726.4721	88.5925	-97.894
3753.4757	88.6122	-102.222
3780.6749	88.6034	-106.577
3808.0713	88.6134	-110.955
3835.6661	88.6078	-115.356
3863.4609	88.6138	-119.781
3891.4572	88.6219	-124.264
3919.6563	88.6105	-128.738
3948.0597	88.6053	-133.255
3976.6690	88.6210	-137.789
4005.4856	88.6258	-142.339
4034.5110	88.6260	-146.896
4063.7467	88.6186	-151.507
4093.1943	88.6253	-156.177
4122.8552	88.6318	-160.789
4152.7312	88.6254	-165.514
4182.8236	88.6329	-170.193
4213.1340	88.6291	-174.946
4243.6641	88.6387	-179.687
4274.4155	88.6314	175.478
4305.3896	88.6290	170.643
4336.5883	88.6373	165.844
4368.0130	88.6392	160.944
4399.6654	88.6245	156.020
4431.5472	88.6269	151.103
4463.6600	88.6302	146.120
4496.0055	88.6394	141.141
4528.5854	88.6412	136.086
4561.4014	88.6449	131.003
4594.4552	88.6341	125.928
4627.7485	88.6372	120.842
4661.2831	88.6321	115.624
4695.0607	88.6342	110.439
4729.0830	88.6258	105.247
4763.3519	88.6335	99.987
4797.8691	88.6315	94.700
4832.6365	88.6333	89.374
4867.6558	88.6493	84.034
4902.9288	88.6218	78.658
4938.4574	88.6315	73.243
4974.2435	88.6389	67.780
5010.2890	88.6223	62.273
5046.5956	88.6232	56.766
5083.1653	88.6281	51.235
5120.0000	88.6362	45.605
5157.1016	88.6207	39.976
5194.4721	88.6121	34.353
5232.1134	88.6315	28.570
5270.0275	88.6368	22.813
5308.2162	88.6336	17.127
5346.6818	88.6265	11.286
5385.4260	88.6261	5.412
5424.4510	88.6211	-0.456
5463.7589	88.6319	-6.410
5503.3515	88.6241	-12.337
5543.2311	88.6347	-18.365
5583.3996	88.6313	-24.392
5623.8592	88.6435	-30.492
5664.6120	88.6450	-36.591
5705.6601	88.6486	-42.752
5747.0057	88.6411	-48.906
5788.6509	88.6445	-55.156
5830.5978	88.6411	-61.423
5872.8487	88.6590	-67.785
5915.4058	88.6608	-74.080
5958.2713	88.6517	-80.449
6001.4474	88.6593	-86.948
6044.9363	88.6645	-93.396
6088.7404	88.6688	-99.898
6132.8620	88.6720	-106.461
6177.3032	88.6699	-113.014
6222.0665	88.6753	-119.732
6267.1541	88.6668	-126.368
6312.5685	88.6739	-133.071
6358.3120	88.6752	-139.871
6404.3869	88.6741	-146.696
6450.7958	88.6809	-153.498
6497.5409	88.6866	-160.413
6544.6248	88.6691	-167.355
6592.0498	88.6858	-174.353
6639.8185	88.6882	178.621
6687.9334	88.6862	171.548
6736.3969	88.6748	164.433
6785.2116	88.6805	157.235
6834.3801	88.6887	150.022
6883.9048	88.6734	142.730
6933.7884	88.6777	135.424
6984.0335	88.6787	128.047
7034.6427	88.6680	120.617
7085.6186	88.6664	113.197
7136.9639	88.6670	105.660
7188.6813	88.6533	98.017
7240.7734	88.6691	90.426
7293.2431	88.6528	82.747
7346.0929	88.6551	75.019
7399.3257	88.6539	67.232
7452.9443	88.6509	59.381
7506.9514	88.6435	51.429
7561.3499	88.6471	43.448
7616.1425	88.6349	35.466
7671.3322	88.6192	27.384
7726.9219	88.6266	19.324
7782.9143	88.6318	11.122
7839.3125	88.6181	2.837
7896.1194	88.6229	-5.373
7953.3380	88.6198	-13.753
8010.9711	88.6175	-22.116
8069.0219	88.6199	-30.624
8127.4934	88.6033	-39.149
8186.3886	88.6180	-47.708
8245.7105	88.6361	-56.417
8305.4623	88.6211	-65.051
8365.6471	88.6144	-73.772
8426.2680	88.6288	-82.600
8487.3283	88.6325	-91.456
8548.8309	88.6387	-100.396
8610.7793	88.6211	-109.379
8673.1765	88.6270	-118.417
8736.0260	88.6318	-127.582
8799.3308	88.6256	-136.704
8863.0944	88.6185	-145.934
8927.3200	88.6250	-155.158
8992.0111	88.6028	-164.651
9057.1709	88.6242	-174.016
9122.8029	88.6273	176.550
9188.9105	88.6245	166.958
9255.4971	88.6201	157.348
9322.5662	88.6316	147.734
9390.1214	88.6143	137.953
9458.1661	88.6245	128.167
9526.7039	88.6190	118.252
9595.7383	88.6006	108.281
9665.2730	88.6076	98.217
9735.3115	88.5896	88.146
9805.8576	88.5975	77.937
9876.9149	88.6040	67.701
9948.4871	88.5938	57.408
10020.5779	88.5999	47.011
10093.1912	88.5960	36.485
10166.3306	88.5963	25.931
10240.0000	88.5953	15.240
10314.2033	88.6063	4.544
10388.9442	88.6050	-6.183
10464.2268	88.5824	-17.044
10540.0549	88.5900	-27.967
10616.4325	88.5961	-39.004
10693.3635	88.6203	-50.024
10770.8521	88.6240	-61.227
10848.9021	88.6291	-72.495
10927.5177	88.6133	-83.820
11006.7030	88.6294	-95.155
11086.4621	88.6151	-106.665
11166.7992	88.6228	-118.199
11247.7184	88.6306	-129.834
11329.2240	88.6340	-141.570
11411.3202	88.6409	-153.339
11494.0114	88.6482	-165.200
11577.3017	88.6603	-177.185
11661.1956	88.6418	170.819
11745.6975	88.6589	158.667
11830.8116	88.6613	146.482
11916.5426	88.6592	134.121
12002.8947	88.6591	121.788
12089.8727	88.6507	109.316
12177.4809	88.6541	96.745
12265.7239	88.6498	84.121
12354.6064	88.6507	71.209
12444.1330	88.6575	58.389
12534.3083	88.6408	45.443
12625.1370	88.6393	32.406
12716.6240	88.6484	19.217
12808.7739	88.6335	5.971
12901.5916	88.6373	-7.343
12995.0818	88.6396	-20.802
13089.2495	88.6451	-34.309
13184.0996	88.6479	-47.922
13279.6370	88.6386	-61.698
13375.8668	88.6661	-75.476
13472.7938	88.6342	-89.376
13570.4232	88.6643	-103.372
13668.7601	88.6434	-117.513
13767.8096	88.6486	-131.716
13867.5768	88.6586	-145.955
13968.0670	88.6528	-160.362
14069.2853	88.6513	-174.941
14171.2372	88.6551	170.499
14273.9278	88.6360	155.766
14377.3626	88.6347	140.909
14481.5469	88.6188	125.933
14586.4861	88.6112	110.909
14692.1858	88.6174	95.744
14798.6515	88.6101	80.419
14905.8886	88.5957	65.064
15013.9028	88.5941	49.560
15122.6997	88.5881	33.933
15232.2851	88.5797	18.094
15342.6645	88.5704	2.233
15453.8437	88.5856	-13.766
15565.8287	88.5753	-29.890
15678.6251	88.5772	-46.089
15792.2389	88.5706	-62.405
15906.6759	88.5776	-78.869
16021.9423	88.5950	-95.478
16138.0439	88.5891	-112.112
16254.9868	88.6010	-128.886
16372.7771	88.5939	-145.861
16491.4210	88.5915	-162.808
16610.9246	88.5729	179.965
16731.2942	88.5888	162.702
16852.5361	88.5926	145.251
16974.6565	88.5974	127.684
17097.6619	88.5697	110.006
17221.5586	88.5832	92.104
17346.3531	88.5816	74.160
17472.0519	88.5874	55.981
17598.6616	88.5911	37.835
17726.1888	88.6050	19.344
17854.6400	88.5837	0.817
17984.0221	88.5925	-17.826
18114.3418	88.5881	-36.634
18245.6057	88.6020	-55.535
18377.8209	88.5939	-74.653
18510.9942	88.6108	-93.804
18645.1325	88.5999	-113.222
18780.2428	88.6373	-132.598
18916.3322	88.6253	-152.269
19053.4077	88.6267	-172.071
19191.4766	88.6213	168.026
19330.5459	88.6139	147.971
19470.6230	88.5929	127.708
19611.7152	88.6004	107.315
19753.8298	88.5984	86.790
19896.9742	88.6125	66.066
