* Helix DSP Ultra S, output layer — LR 36 dB/oct at 1000 Hz, crossover bypassed, channel full range.
* ELECTRICAL loop, no microphone: Scarlett 2i2 out L -> Helix line in,
* Helix line out -> Scarlett in 1; out R -> in 2 direct as the timing
* reference, timing offset 0. Everything else in the channel off; no gain,
* level or routing changed within a set, so the ratio to '-bypass' is the
* filter alone.
* REW V5.40 beta 132 measurement 'lr36-1k-bypass', 2026-Aug-31 12:29:01, 512k sweep, 1 average, -20 dBFS, 96 kHz,
* 10 Hz - 30 kHz, loopback timing reference. SNR 44.9 dB, delay 0.3988 ms.
* Levels are REW's electrical dB (splOffset 102.34); only ratios within a set carry meaning.
* frequency_Hz<TAB>dB<TAB>phase_deg — REW's unsmoothed magnitude with phase from the impulse response, resampled to 1/96 octave
20.0000	87.0177	57.196
20.1449	87.0356	56.761
20.2909	87.0539	56.322
20.4379	87.0724	55.881
20.5860	87.0912	55.473
20.7352	87.1104	55.096
20.8855	87.1298	54.716
21.0368	87.1493	54.333
21.1893	87.1690	53.948
21.3428	87.1880	53.559
21.4975	87.2069	53.168
21.6532	87.2252	52.774
21.8102	87.2423	52.377
21.9682	87.2595	51.977
22.1274	87.2747	51.574
22.2877	87.2899	51.169
22.4492	87.3042	50.760
22.6119	87.3182	50.349
22.7758	87.3320	49.934
22.9408	87.3458	49.517
23.1071	87.3598	49.096
23.2745	87.3742	48.672
23.4432	87.3888	48.249
23.6130	87.4039	47.928
23.7841	87.4192	47.604
23.9565	87.4344	47.277
24.1301	87.4497	46.948
24.3049	87.4643	46.617
24.4811	87.4789	46.284
24.6585	87.4926	45.948
24.8372	87.5061	45.609
25.0171	87.5191	45.269
25.1984	87.5319	44.925
25.3810	87.5446	44.579
25.5649	87.5572	44.231
25.7502	87.5699	43.880
25.9368	87.5826	43.527
26.1247	87.5952	43.171
26.3141	87.6077	42.812
26.5047	87.6197	42.486
26.6968	87.6315	42.171
26.8903	87.6426	41.853
27.0851	87.6535	41.534
27.2814	87.6639	41.212
27.4791	87.6743	40.887
27.6782	87.6848	40.561
27.8788	87.6954	40.232
28.0808	87.7064	39.900
28.2843	87.7175	39.566
28.4892	87.7287	39.230
28.6957	87.7399	38.891
28.9036	87.7509	38.550
29.1131	87.7615	38.206
29.3240	87.7721	37.867
29.5365	87.7823	37.573
29.7506	87.7927	37.277
29.9661	87.8031	36.978
30.1833	87.8140	36.678
30.4020	87.8250	36.375
30.6223	87.8363	36.070
30.8442	87.8474	35.763
31.0677	87.8584	35.454
31.2929	87.8686	35.142
31.5196	87.8784	34.828
31.7480	87.8874	34.512
31.9781	87.8960	34.194
32.2098	87.9044	33.873
32.4432	87.9126	33.601
32.6783	87.9208	33.330
32.9151	87.9291	33.058
33.1536	87.9372	32.783
33.3939	87.9451	32.507
33.6359	87.9528	32.228
33.8796	87.9602	31.948
34.1251	87.9675	31.665
34.3724	87.9746	31.380
34.6215	87.9818	31.094
34.8723	87.9891	30.805
35.1250	87.9965	30.514
35.3796	88.0040	30.241
35.6359	88.0113	29.969
35.8942	88.0186	29.695
36.1543	88.0255	29.419
36.4163	88.0323	29.141
36.6802	88.0389	28.861
36.9460	88.0455	28.579
37.2137	88.0522	28.295
37.4834	88.0591	28.008
37.7550	88.0663	27.720
38.0286	88.0740	27.430
38.3041	88.0818	27.177
38.5817	88.0894	26.933
38.8613	88.0966	26.688
39.1429	88.1026	26.440
39.4265	88.1073	26.191
39.7122	88.1114	25.940
40.0000	88.1153	25.687
40.2899	88.1197	25.432
40.5818	88.1261	25.176
40.8759	88.1340	24.917
41.1721	88.1426	24.667
41.4704	88.1511	24.423
41.7710	88.1583	24.177
42.0736	88.1631	23.930
42.3785	88.1661	23.681
42.6856	88.1690	23.430
42.9949	88.1728	23.177
43.3065	88.1784	22.922
43.6203	88.1857	22.666
43.9364	88.1938	22.408
44.2548	88.2006	22.175
44.5755	88.2054	21.940
44.8985	88.2087	21.704
45.2238	88.2116	21.467
45.5515	88.2154	21.228
45.8816	88.2208	20.987
46.2141	88.2276	20.744
46.5490	88.2348	20.499
46.8863	88.2414	20.254
47.2261	88.2466	20.034
47.5683	88.2505	19.813
47.9130	88.2537	19.591
48.2602	88.2566	19.366
48.6099	88.2593	19.140
48.9621	88.2621	18.913
49.3169	88.2652	18.684
49.6743	88.2693	18.453
50.0343	88.2745	18.227
50.3968	88.2804	18.004
50.7620	88.2862	17.778
51.1299	88.2909	17.552
51.5004	88.2942	17.323
51.8736	88.2969	17.093
52.2495	88.3002	16.862
52.6281	88.3046	16.628
53.0095	88.3097	16.412
53.3936	88.3145	16.202
53.7805	88.3180	15.990
54.1702	88.3203	15.777
54.5628	88.3221	15.562
54.9581	88.3240	15.346
55.3564	88.3260	15.128
55.7575	88.3280	14.911
56.1616	88.3305	14.702
56.5685	88.3347	14.492
56.9785	88.3412	14.280
57.3914	88.3490	14.066
57.8072	88.3561	13.851
58.2261	88.3607	13.635
58.6481	88.3622	13.418
59.0730	88.3627	13.212
59.5011	88.3639	13.004
59.9323	88.3659	12.794
60.3666	88.3684	12.583
60.8040	88.3707	12.371
61.2446	88.3734	12.157
61.6884	88.3768	11.948
62.1355	88.3806	11.750
62.5857	88.3842	11.550
63.0392	88.3870	11.348
63.4960	88.3899	11.145
63.9562	88.3936	10.941
64.4196	88.3978	10.735
64.8864	88.4015	10.536
65.3566	88.4042	10.335
65.8302	88.4060	10.134
66.3073	88.4074	9.931
66.7877	88.4088	9.726
67.2717	88.4106	9.520
67.7592	88.4137	9.318
68.2502	88.4189	9.117
68.7448	88.4247	8.914
69.2429	88.4290	8.709
69.7447	88.4299	8.503
70.2501	88.4284	8.296
70.7591	88.4268	8.101
71.2719	88.4279	7.906
71.7884	88.4317	7.710
72.3086	88.4360	7.513
72.8325	88.4387	7.314
73.3603	88.4396	7.116
73.8919	88.4408	6.923
74.4274	88.4429	6.728
74.9667	88.4446	6.532
75.5099	88.4459	6.335
76.0571	88.4489	6.136
76.6083	88.4543	5.942
77.1634	88.4587	5.749
77.7226	88.4587	5.555
78.2858	88.4566	5.359
78.8531	88.4575	5.162
79.4245	88.4614	4.967
80.0000	88.4643	4.774
80.5797	88.4656	4.580
81.1636	88.4687	4.385
81.7518	88.4731	4.188
82.3442	88.4744	3.996
82.9409	88.4719	3.808
83.5419	88.4706	3.619
84.1473	88.4736	3.429
84.7570	88.4778	3.237
85.3712	88.4804	3.043
85.9899	88.4820	2.847
86.6130	88.4842	2.650
87.2406	88.4859	2.451
87.8728	88.4865	2.251
88.5096	88.4871	2.062
89.1509	88.4884	1.871
89.7970	88.4900	1.680
90.4477	88.4919	1.487
91.1031	88.4933	1.296
91.7633	88.4937	1.110
92.4282	88.4949	0.922
93.0980	88.4985	0.733
93.7726	88.5028	0.543
94.4521	88.5051	0.351
95.1366	88.5048	0.158
95.8260	88.5041	-0.036
96.5204	88.5062	-0.232
97.2198	88.5105	-0.421
97.9243	88.5107	-0.608
98.6339	88.5066	-0.797
99.3486	88.5077	-0.988
100.0685	88.5144	-1.179
100.7937	88.5168	-1.371
101.5241	88.5153	-1.565
102.2598	88.5173	-1.760
103.0008	88.5204	-1.951
103.7472	88.5213	-2.140
104.4990	88.5216	-2.331
105.2562	88.5224	-2.522
106.0189	88.5247	-2.715
106.7872	88.5264	-2.909
107.5610	88.5253	-3.105
108.3404	88.5248	-3.302
109.1255	88.5263	-3.498
109.9163	88.5287	-3.696
110.7128	88.5307	-3.895
111.5151	88.5306	-4.093
112.3231	88.5318	-4.285
113.1371	88.5342	-4.479
113.9569	88.5338	-4.674
114.7827	88.5362	-4.868
115.6145	88.5397	-5.064
116.4523	88.5380	-5.260
117.2961	88.5366	-5.458
118.1461	88.5374	-5.655
119.0022	88.5409	-5.853
119.8646	88.5450	-6.053
120.7332	88.5426	-6.249
121.6080	88.5415	-6.444
122.4893	88.5441	-6.641
123.3769	88.5440	-6.840
124.2709	88.5476	-7.040
125.1714	88.5513	-7.242
126.0785	88.5510	-7.445
126.9921	88.5519	-7.640
127.9123	88.5480	-7.837
128.8392	88.5498	-8.036
129.7728	88.5581	-8.243
130.7132	88.5549	-8.452
131.6604	88.5553	-8.662
132.6145	88.5582	-8.866
133.5755	88.5560	-9.069
134.5434	88.5591	-9.273
135.5184	88.5564	-9.474
136.5004	88.5571	-9.676
137.4895	88.5632	-9.879
138.4858	88.5605	-10.089
139.4894	88.5615	-10.301
140.5002	88.5602	-10.515
141.5183	88.5556	-10.716
142.5438	88.5601	-10.917
143.5767	88.5641	-11.119
144.6171	88.5639	-11.329
145.6651	88.5649	-11.539
146.7206	88.5733	-11.753
147.7838	88.5735	-11.975
148.8547	88.5731	-12.197
149.9334	88.5720	-12.408
151.0199	88.5693	-12.606
152.1142	88.5728	-12.805
153.2165	88.5755	-13.028
154.3268	88.5748	-13.259
155.4451	88.5771	-13.487
156.5715	88.5748	-13.698
157.7061	88.5751	-13.911
158.8489	88.5796	-14.132
160.0000	88.5810	-14.361
161.1594	88.5759	-14.590
162.3273	88.5770	-14.797
163.5035	88.5787	-15.006
164.6884	88.5789	-15.230
165.8818	88.5826	-15.467
167.0838	88.5799	-15.704
168.2946	88.5773	-15.915
169.5141	88.5792	-16.127
170.7425	88.5859	-16.354
171.9797	88.5794	-16.589
173.2260	88.5834	-16.821
174.4812	88.5792	-17.042
175.7456	88.5838	-17.266
177.0191	88.5799	-17.503
178.3019	88.5888	-17.742
179.5939	88.5847	-17.983
180.8953	88.5886	-18.226
182.2062	88.5878	-18.467
183.5265	88.5893	-18.705
184.8564	88.5800	-18.940
186.1960	88.5902	-19.163
187.5452	88.5903	-19.388
188.9043	88.5947	-19.637
190.2731	88.5913	-19.887
191.6519	88.5940	-20.130
193.0407	88.5919	-20.373
194.4396	88.5940	-20.616
195.8486	88.5913	-20.860
197.2678	88.5969	-21.116
198.6972	88.5951	-21.378
200.1371	88.5934	-21.623
201.5874	88.5936	-21.858
203.0482	88.5949	-22.111
204.5195	88.5975	-22.374
206.0016	88.5949	-22.617
207.4943	88.5957	-22.849
208.9979	88.6006	-23.107
210.5124	88.6031	-23.380
212.0379	88.5975	-23.638
213.5744	88.5988	-23.892
215.1220	88.5997	-24.152
216.6809	88.6031	-24.416
218.2510	88.6034	-24.683
219.8326	88.6058	-24.952
221.4256	88.6035	-25.223
223.0301	88.5990	-25.497
224.6463	88.6045	-25.774
226.2742	88.5946	-26.039
227.9138	88.6027	-26.288
229.5654	88.6058	-26.559
231.2289	88.6089	-26.844
232.9045	88.6058	-27.109
234.5922	88.6133	-27.379
236.2922	88.6118	-27.694
238.0045	88.6060	-27.979
239.7291	88.5989	-28.221
241.4663	88.6133	-28.503
243.2161	88.6092	-28.802
244.9785	88.6090	-29.094
246.7537	88.6132	-29.384
248.5418	88.6105	-29.667
250.3428	88.6138	-29.977
252.1569	88.6128	-30.291
253.9842	88.5994	-30.548
255.8246	88.6036	-30.822
257.6785	88.6043	-31.114
259.5457	88.6132	-31.435
261.4265	88.6342	-31.748
263.3209	88.6251	-32.040
265.2290	88.6041	-32.423
267.1510	88.5687	-32.736
269.0869	88.5817	-32.815
271.0368	88.6009	-33.152
273.0008	88.6147	-33.534
274.9791	88.6087	-33.830
276.9717	88.6180	-34.183
278.9788	88.6136	-34.529
281.0003	88.6114	-34.825
283.0366	88.6228	-35.143
285.0876	88.6209	-35.476
287.1535	88.6203	-35.824
289.2343	88.6135	-36.156
291.3302	88.6150	-36.481
293.4413	88.6224	-36.807
295.5677	88.6156	-37.151
297.7095	88.6139	-37.465
299.8668	88.6185	-37.796
302.0398	88.6210	-38.146
304.2285	88.6243	-38.470
306.4330	88.6225	-38.818
308.6536	88.6143	-39.144
310.8902	88.6305	-39.454
313.1431	88.6258	-39.850
315.4122	88.6218	-40.205
317.6978	88.6190	-40.555
320.0000	88.6250	-40.904
322.3189	88.6232	-41.251
324.6545	88.6240	-41.628
327.0071	88.6241	-41.984
329.3767	88.6257	-42.343
331.7635	88.6221	-42.706
334.1676	88.6243	-43.064
336.5891	88.6275	-43.444
339.0282	88.6232	-43.824
341.4849	88.6221	-44.198
343.9595	88.6232	-44.571
346.4519	88.6278	-44.953
348.9625	88.6267	-45.342
351.4912	88.6215	-45.717
354.0383	88.6278	-46.093
356.6038	88.6314	-46.489
359.1879	88.6300	-46.886
361.7907	88.6277	-47.274
364.4124	88.6274	-47.656
367.0530	88.6284	-48.055
369.7129	88.6293	-48.475
372.3920	88.6287	-48.866
375.0905	88.6322	-49.267
377.8085	88.6294	-49.692
380.5463	88.6262	-50.092
383.3039	88.6321	-50.494
386.0814	88.6341	-50.906
388.8792	88.6334	-51.311
391.6971	88.6371	-51.749
394.5355	88.6335	-52.167
397.3945	88.6360	-52.600
400.2742	88.6366	-53.057
403.1747	88.6297	-53.477
406.0963	88.6334	-53.919
409.0390	88.6270	-54.337
412.0031	88.6358	-54.771
414.9887	88.6338	-55.213
417.9958	88.6354	-55.663
421.0248	88.6365	-56.120
424.0757	88.6411	-56.578
427.1488	88.6380	-57.024
430.2440	88.6368	-57.488
433.3618	88.6335	-57.944
436.5021	88.6314	-58.386
439.6652	88.6350	-58.865
442.8512	88.6364	-59.345
446.0602	88.6414	-59.811
449.2926	88.6366	-60.291
452.5483	88.6349	-60.774
455.8277	88.6359	-61.247
459.1308	88.6424	-61.762
462.4579	88.6361	-62.238
465.8090	88.6403	-62.725
469.1845	88.6340	-63.227
472.5844	88.6372	-63.708
476.0089	88.6384	-64.219
479.4583	88.6446	-64.723
482.9326	88.6423	-65.226
486.4321	88.6437	-65.738
489.9570	88.6401	-66.266
493.5075	88.6387	-66.792
497.0836	88.6392	-67.310
500.6857	88.6391	-67.831
504.3139	88.6417	-68.366
507.9683	88.6422	-68.903
511.6493	88.6418	-69.435
515.3569	88.6416	-69.953
519.0914	88.6416	-70.505
522.8529	88.6474	-71.060
526.6418	88.6379	-71.604
530.4580	88.6502	-72.142
534.3019	88.6490	-72.729
538.1737	88.6430	-73.305
542.0735	88.6416	-73.851
546.0016	88.6453	-74.438
549.9582	88.6478	-75.013
553.9434	88.6427	-75.564
557.9575	88.6465	-76.162
562.0007	88.6478	-76.749
566.0732	88.6516	-77.350
570.1752	88.6445	-77.938
574.3069	88.6452	-78.541
578.4686	88.6470	-79.153
582.6604	88.6449	-79.753
586.8826	88.6485	-80.353
591.1354	88.6403	-80.951
595.4190	88.6545	-81.584
599.7336	88.6473	-82.211
604.0796	88.6511	-82.854
608.4570	88.6389	-83.471
612.8661	88.6539	-84.088
617.3072	88.6469	-84.747
621.7804	88.6546	-85.389
626.2861	88.6443	-86.045
630.8244	88.6465	-86.684
635.3957	88.6543	-87.361
640.0000	88.6535	-88.017
644.6377	88.6503	-88.694
649.3090	88.6462	-89.368
654.0142	88.6479	-90.029
658.7534	88.6491	-90.719
663.5270	88.6555	-91.398
668.3352	88.6544	-92.096
673.1783	88.6533	-92.795
678.0564	88.6514	-93.500
682.9699	88.6544	-94.207
687.9189	88.6537	-94.906
692.9039	88.6517	-95.629
697.9249	88.6481	-96.363
702.9824	88.6579	-97.073
708.0765	88.6581	-97.792
713.2075	88.6541	-98.526
718.3757	88.6552	-99.246
723.5814	88.6578	-99.993
728.8247	88.6575	-100.768
734.1061	88.6624	-101.518
739.4257	88.6587	-102.284
744.7839	88.6576	-103.038
750.1809	88.6545	-103.822
755.6170	88.6555	-104.597
761.0926	88.6574	-105.382
766.6077	88.6578	-106.174
772.1629	88.6537	-106.974
777.7583	88.6572	-107.760
783.3943	88.6605	-108.576
789.0711	88.6651	-109.371
794.7890	88.6590	-110.193
800.5484	88.6681	-111.018
806.3495	88.6679	-111.842
812.1926	88.6592	-112.673
818.0781	88.6626	-113.511
824.0062	88.6574	-114.363
829.9773	88.6593	-115.211
835.9917	88.6592	-116.061
842.0496	88.6580	-116.916
848.1515	88.6638	-117.800
854.2975	88.6545	-118.690
860.4881	88.6561	-119.566
866.7236	88.6535	-120.437
873.0042	88.6675	-121.336
879.3303	88.6624	-122.213
885.7023	88.6656	-123.150
892.1205	88.6560	-124.056
898.5852	88.6657	-124.986
905.0967	88.6659	-125.906
911.6554	88.6606	-126.833
918.2616	88.6629	-127.780
924.9157	88.6663	-128.718
931.6180	88.6665	-129.669
938.3689	88.6565	-130.657
945.1687	88.6692	-131.601
952.0178	88.6590	-132.563
958.9165	88.6636	-133.556
965.8652	88.6600	-134.509
972.8643	88.6624	-135.512
979.9141	88.6638	-136.523
987.0149	88.6582	-137.548
994.1672	88.6634	-138.544
1001.3714	88.6555	-139.614
1008.6277	88.6623	-140.578
1015.9367	88.6664	-141.631
1023.2986	88.6634	-142.672
1030.7138	88.6698	-143.733
1038.1828	88.6665	-144.816
1045.7059	88.6685	-145.861
1053.2835	88.6658	-146.940
1060.9160	88.6613	-148.026
1068.6039	88.6737	-149.083
1076.3474	88.6542	-150.180
1084.1471	88.6699	-151.345
1092.0032	88.6633	-152.423
1099.9164	88.6697	-153.535
1107.8868	88.6617	-154.666
1115.9150	88.6634	-155.828
1124.0014	88.6723	-156.952
1132.1464	88.6584	-158.105
1140.3504	88.6561	-159.238
1148.6138	88.6681	-160.419
1156.9371	88.6660	-161.619
1165.3208	88.6722	-162.810
1173.7652	88.6644	-163.976
1182.2708	88.6746	-165.191
1190.8380	88.6717	-166.397
1199.4673	88.6691	-167.615
1208.1591	88.6619	-168.843
1216.9139	88.6694	-170.047
1225.7322	88.6620	-171.308
1234.6144	88.6619	-172.586
1243.5609	88.6651	-173.846
1252.5722	88.6601	-175.100
1261.6489	88.6692	-176.392
1270.7913	88.6634	-177.669
1280.0000	88.6658	-178.979
1289.2754	88.6626	179.724
1298.6180	88.6651	178.363
1308.0284	88.6547	177.060
1317.5069	88.6634	175.734
1327.0541	88.6665	174.352
1336.6704	88.6690	173.024
1346.3565	88.6658	171.641
1356.1128	88.6615	170.257
1365.9397	88.6616	168.850
1375.8379	88.6560	167.421
1385.8078	88.6656	166.064
1395.8499	88.6562	164.661
1405.9648	88.6556	163.250
1416.1530	88.6500	161.794
1426.4150	88.6582	160.359
1436.7514	88.6586	158.877
1447.1627	88.6618	157.412
1457.6495	88.6591	155.901
1468.2122	88.6593	154.411
1478.8515	88.6518	152.902
1489.5678	88.6507	151.388
1500.3618	88.6593	149.901
1511.2341	88.6519	148.379
1522.1851	88.6583	146.825
1533.2155	88.6557	145.268
1544.3258	88.6559	143.731
1555.5166	88.6546	142.082
1566.7885	88.6485	140.533
1578.1421	88.6549	138.919
1589.5780	88.6606	137.321
1601.0967	88.6520	135.706
1612.6989	88.6477	134.057
1624.3852	88.6429	132.410
1636.1562	88.6407	130.746
1648.0125	88.6383	129.100
1659.9546	88.6512	127.464
1671.9833	88.6530	125.677
1684.0992	88.6490	123.993
1696.3029	88.6425	122.290
1708.5950	88.6503	120.544
1720.9762	88.6371	118.803
1733.4471	88.6488	117.042
1746.0084	88.6428	115.310
1758.6607	88.6466	113.496
1771.4046	88.6387	111.710
1784.2410	88.6300	109.879
1797.1703	88.6343	108.059
1810.1934	88.6302	106.233
1823.3108	88.6363	104.376
1836.5232	88.6375	102.531
1849.8314	88.6311	100.608
1863.2361	88.6302	98.731
1876.7379	88.6410	96.801
1890.3375	88.6262	94.909
1904.0356	88.6213	93.002
1917.8331	88.6233	91.022
1931.7305	88.6348	89.068
1945.7286	88.6258	87.097
1959.8281	88.6287	85.139
1974.0299	88.6185	83.128
1988.3345	88.6187	81.101
2002.7428	88.6335	79.076
2017.2555	88.6181	77.023
2031.8733	88.6254	74.946
2046.5971	88.6225	72.882
2061.4276	88.6255	70.770
2076.3656	88.6193	68.670
2091.4118	88.6202	66.529
2106.5670	88.6201	64.365
2121.8321	88.6211	62.263
2137.2077	88.6147	60.092
2152.6948	88.6140	57.907
2168.2941	88.6165	55.699
2184.0065	88.6117	53.464
2199.8327	88.6193	51.280
2215.7736	88.6157	49.013
2231.8300	88.6100	46.744
2248.0028	88.6218	44.450
2264.2927	88.6027	42.150
2280.7007	88.6043	39.828
2297.2276	88.6223	37.531
2313.8743	88.6038	35.148
2330.6416	88.6049	32.814
2347.5304	88.6112	30.417
2364.5415	88.6113	28.010
2381.6760	88.6133	25.562
2398.9346	88.6115	23.114
2416.3182	88.6070	20.711
2433.8279	88.6043	18.208
2451.4644	88.6032	15.725
2469.2287	88.5978	13.193
2487.1218	88.6077	10.715
2505.1445	88.6095	8.140
2523.2978	88.5992	5.578
2541.5826	88.6029	3.020
2560.0000	88.5941	0.441
2578.5508	88.6049	-2.191
2597.2361	88.6048	-4.839
2616.0567	88.5972	-7.481
2635.0137	88.6070	-10.169
2654.1081	88.6052	-12.846
2673.3409	88.6040	-15.589
2692.7130	88.5841	-18.300
2712.2255	88.6045	-21.089
2731.8794	88.6062	-23.868
2751.6758	88.5992	-26.655
2771.6155	88.6013	-29.458
2791.6998	88.5959	-32.286
2811.9296	88.6087	-35.141
2832.3060	88.6049	-38.008
2852.8301	88.5963	-40.895
2873.5028	88.5984	-43.818
2894.3254	88.6117	-46.755
2915.2989	88.6099	-49.702
2936.4244	88.6051	-52.684
2957.7029	88.6113	-55.696
2979.1356	88.6112	-58.695
3000.7237	88.6095	-61.720
3022.4682	88.6076	-64.801
3044.3702	88.6077	-67.890
3066.4310	88.6151	-70.987
3088.6516	88.6160	-74.154
3111.0332	88.6211	-77.275
3133.5771	88.6111	-80.466
3156.2843	88.6151	-83.632
3179.1560	88.6120	-86.920
3202.1935	88.6115	-90.137
3225.3979	88.6261	-93.366
3248.7705	88.6224	-96.653
3272.3124	88.6169	-99.985
3296.0249	88.6205	-103.342
3319.9093	88.6256	-106.650
3343.9667	88.6246	-110.050
3368.1985	88.6195	-113.484
3392.6058	88.6282	-116.896
3417.1900	88.6242	-120.361
3441.9524	88.6275	-123.818
3466.8942	88.6281	-127.342
3492.0167	88.6263	-130.883
3517.3213	88.6314	-134.408
3542.8093	88.6328	-137.984
3568.4820	88.6319	-141.571
3594.3406	88.6349	-145.239
3620.3867	88.6342	-148.873
3646.6215	88.6303	-152.549
3673.0465	88.6264	-156.303
3699.6629	88.6337	-159.998
3726.4721	88.6440	-163.785
3753.4757	88.6357	-167.579
3780.6749	88.6491	-171.385
3808.0713	88.6341	-175.269
3835.6661	88.6411	-179.124
3863.4609	88.6432	176.939
3891.4572	88.6375	173.000
3919.6563	88.6399	169.084
3948.0597	88.6406	165.106
3976.6690	88.6365	161.073
4005.4856	88.6207	157.014
4034.5110	88.6369	152.955
4063.7467	88.6514	148.834
4093.1943	88.6417	144.722
4122.8552	88.6296	140.561
4152.7312	88.6319	136.356
4182.8236	88.6457	132.128
4213.1340	88.6375	127.860
4243.6641	88.6369	123.584
4274.4155	88.6247	119.271
4305.3896	88.6310	114.927
4336.5883	88.6333	110.506
4368.0130	88.6310	106.138
4399.6654	88.6374	101.664
4431.5472	88.6289	97.167
4463.6600	88.6297	92.668
4496.0055	88.6308	88.122
4528.5854	88.6284	83.542
4561.4014	88.6279	78.897
4594.4552	88.6243	74.246
4627.7485	88.6307	69.560
4661.2831	88.6308	64.856
4695.0607	88.6287	60.086
4729.0830	88.6236	55.285
4763.3519	88.6271	50.488
4797.8691	88.6370	45.616
4832.6365	88.6265	40.716
4867.6558	88.6205	35.781
4902.9288	88.6205	30.810
4938.4574	88.6360	25.839
4974.2435	88.6265	20.772
5010.2890	88.6241	15.674
5046.5956	88.6238	10.569
5083.1653	88.6307	5.412
5120.0000	88.6321	0.222
5157.1016	88.6338	-4.973
5194.4721	88.6244	-10.273
5232.1134	88.6410	-15.567
5270.0275	88.6433	-20.870
5308.2162	88.6403	-26.279
5346.6818	88.6305	-31.710
5385.4260	88.6407	-37.137
5424.4510	88.6376	-42.639
5463.7589	88.6565	-48.195
5503.3515	88.6594	-53.730
5543.2311	88.6556	-59.355
5583.3996	88.6586	-65.010
5623.8592	88.6489	-70.667
5664.6120	88.6557	-76.416
5705.6601	88.6654	-82.210
5747.0057	88.6595	-88.009
5788.6509	88.6696	-93.876
5830.5978	88.6654	-99.775
5872.8487	88.6714	-105.681
5915.4058	88.6834	-111.692
5958.2713	88.6870	-117.707
6001.4474	88.6836	-123.706
6044.9363	88.6823	-129.883
6088.7404	88.6839	-135.984
6132.8620	88.6879	-142.189
6177.3032	88.6837	-148.430
6222.0665	88.6852	-154.729
6267.1541	88.7005	-161.035
6312.5685	88.6840	-167.382
6358.3120	88.6879	-173.827
6404.3869	88.6831	179.716
6450.7958	88.6807	173.265
6497.5409	88.6916	166.660
6544.6248	88.6873	160.064
6592.0498	88.6797	153.469
6639.8185	88.6926	146.687
6687.9334	88.6902	139.996
6736.3969	88.6859	133.180
6785.2116	88.6851	126.348
6834.3801	88.6802	119.417
6883.9048	88.6661	112.470
6933.7884	88.6701	105.478
6984.0335	88.6713	98.426
7034.6427	88.6693	91.280
7085.6186	88.6660	84.114
7136.9639	88.6643	76.952
7188.6813	88.6574	69.664
7240.7734	88.6497	62.337
7293.2431	88.6492	54.955
7346.0929	88.6479	47.488
7399.3257	88.6467	39.997
7452.9443	88.6424	32.424
7506.9514	88.6362	24.901
7561.3499	88.6409	17.206
7616.1425	88.6241	9.485
7671.3322	88.6281	1.751
7726.9219	88.6269	-6.076
7782.9143	88.6339	-13.962
7839.3125	88.6228	-21.869
7896.1194	88.6348	-29.915
7953.3380	88.6340	-37.893
8010.9711	88.6341	-46.010
8069.0219	88.6178	-54.219
8127.4934	88.6204	-62.412
8186.3886	88.6372	-70.697
8245.7105	88.6257	-79.032
8305.4623	88.6384	-87.442
8365.6471	88.6302	-95.872
8426.2680	88.6338	-104.369
8487.3283	88.6327	-112.966
8548.8309	88.6390	-121.622
8610.7793	88.6287	-130.289
8673.1765	88.6345	-139.052
8736.0260	88.6278	-147.819
8799.3308	88.6322	-156.717
8863.0944	88.6349	-165.630
8927.3200	88.6291	-174.659
8992.0111	88.6193	176.224
9057.1709	88.6295	167.122
9122.8029	88.6364	157.858
9188.9105	88.6242	148.627
9255.4971	88.6189	139.342
9322.5662	88.6083	129.931
9390.1214	88.6094	120.385
9458.1661	88.6005	110.851
9526.7039	88.6032	101.266
9595.7383	88.6193	91.554
9665.2730	88.5938	81.723
9735.3115	88.5898	71.880
9805.8576	88.6026	61.990
9876.9149	88.5892	51.973
9948.4871	88.5807	41.894
10020.5779	88.5827	31.780
10093.1912	88.5833	21.536
10166.3306	88.5798	11.182
10240.0000	88.5849	0.840
10314.2033	88.5967	-9.559
10388.9442	88.5990	-20.080
10464.2268	88.5894	-30.692
10540.0549	88.6117	-41.351
10616.4325	88.6128	-52.181
10693.3635	88.6285	-62.941
10770.8521	88.6059	-73.875
10848.9021	88.6241	-84.863
10927.5177	88.6189	-95.808
11006.7030	88.6518	-106.984
11086.4621	88.6487	-118.137
11166.7992	88.6461	-129.525
11247.7184	88.6457	-140.921
11329.2240	88.6333	-152.315
11411.3202	88.6336	-163.766
11494.0114	88.6599	-175.458
11577.3017	88.6372	172.862
11661.1956	88.6568	161.037
11745.6975	88.6600	149.291
11830.8116	88.6266	137.229
11916.5426	88.6567	125.138
12002.8947	88.6216	112.931
12089.8727	88.6402	100.777
12177.4809	88.6439	88.451
12265.7239	88.6425	75.954
12354.6064	88.6516	63.467
12444.1330	88.6625	50.778
12534.3083	88.6565	38.142
12625.1370	88.6460	25.263
12716.6240	88.6368	12.474
12808.7739	88.6428	-0.569
12901.5916	88.6515	-13.712
12995.0818	88.6336	-26.855
13089.2495	88.6500	-40.124
13184.0996	88.6440	-53.516
13279.6370	88.6614	-66.913
13375.8668	88.6476	-80.607
13472.7938	88.6432	-94.206
13570.4232	88.6617	-107.979
13668.7601	88.6427	-121.839
13767.8096	88.6597	-135.838
13867.5768	88.6545	-149.874
13968.0670	88.6517	-164.026
14069.2853	88.6527	-178.312
14171.2372	88.6474	167.263
14273.9278	88.6461	152.833
14377.3626	88.6250	138.253
14481.5469	88.6404	123.531
14586.4861	88.6122	108.804
14692.1858	88.6291	93.795
14798.6515	88.6199	78.724
14905.8886	88.5875	63.563
15013.9028	88.5956	48.206
15122.6997	88.5861	32.914
15232.2851	88.5992	17.311
15342.6645	88.5784	1.671
15453.8437	88.5680	-14.014
15565.8287	88.5922	-29.945
15678.6251	88.5856	-45.914
15792.2389	88.5946	-61.967
15906.6759	88.6007	-78.170
16021.9423	88.6044	-94.522
16138.0439	88.5962	-110.913
16254.9868	88.5712	-127.493
16372.7771	88.6010	-144.190
16491.4210	88.5839	-161.025
16610.9246	88.6069	-177.877
16731.2942	88.5658	165.018
16852.5361	88.5867	147.823
16974.6565	88.5902	130.564
17097.6619	88.5961	113.091
17221.5586	88.5916	95.423
17346.3531	88.6047	77.744
17472.0519	88.5805	59.802
17598.6616	88.5826	41.816
17726.1888	88.5781	23.625
17854.6400	88.5798	5.324
17984.0221	88.5916	-13.050
18114.3418	88.5949	-31.650
18245.6057	88.6252	-50.311
18377.8209	88.5981	-69.092
18510.9942	88.5984	-88.093
18645.1325	88.6302	-107.149
18780.2428	88.6296	-126.513
18916.3322	88.6076	-145.770
19053.4077	88.6243	-165.316
19191.4766	88.6194	175.026
19330.5459	88.6325	155.178
19470.6230	88.6047	135.275
19611.7152	88.5976	115.050
19753.8298	88.5845	94.775
19896.9742	88.6000	74.277
