* Helix DSP Ultra S, output layer — LS_Q shelf, 1000 Hz, +6.0 dB, Q 2.
* ELECTRICAL loop, no microphone: Scarlett 2i2 out L -> Helix line in,
* Helix line out -> Scarlett in 1; out R -> in 2 direct as the timing
* reference, timing offset 0. Everything else in the channel off; no gain,
* level or routing changed within a set, so the ratio to '-bypass' is the
* filter alone.
* REW V5.40 beta 132 measurement 'a2_lsq_1k_+6db_q2', 2026-Sep-01 11:34:47, 512k sweep, 1 average, -20 dBFS, 96 kHz,
* 10 Hz - 30 kHz, loopback timing reference. SNR 45.7 dB, delay 0.4039 ms.
* Levels are REW's electrical dB (splOffset 102.34); only ratios within a set carry meaning.
* frequency_Hz<TAB>dB<TAB>phase_deg — REW's UNSMOOTHED raw spectrum (linear bins) resampled to 1/96 octave by complex averaging within each cell,
* with the measurement's own delay removed before averaging and restored after, so the cell average carries no rotation loss.
20.0000	92.9940	57.166
20.1449	93.0135	56.764
20.2909	93.0331	56.345
20.4379	93.0619	55.755
20.5860	93.0716	55.530
20.7352	93.0904	55.124
20.8855	93.1080	54.748
21.0368	93.1271	54.317
21.1893	93.1514	53.789
21.3428	93.1628	53.516
21.4975	93.1800	53.119
21.6532	93.1923	52.835
21.8102	93.2138	52.333
21.9682	93.2312	51.933
22.1274	93.2469	51.558
22.2877	93.2687	51.059
22.4492	93.2796	50.790
22.6119	93.2958	50.409
22.7758	93.3052	50.182
22.9408	93.3276	49.650
23.1071	93.3402	49.348
23.2745	93.3584	48.896
23.4432	93.3732	48.533
23.6130	93.3879	48.150
23.7841	93.4041	47.740
23.9565	93.4162	47.414
24.1301	93.4334	46.973
24.3049	93.4439	46.692
24.4811	93.4622	46.232
24.6585	93.4717	45.981
24.8372	93.4911	45.511
25.0171	93.5001	45.277
25.1984	93.5202	44.802
25.3810	93.5288	44.574
25.5649	93.5485	44.099
25.7502	93.5569	43.869
25.9368	93.5751	43.405
26.1247	93.5833	43.165
26.3141	93.5994	42.724
26.5047	93.6077	42.467
26.6968	93.6217	42.063
26.8903	93.6307	41.784
27.0851	93.6429	41.424
27.2814	93.6533	41.115
27.4791	93.6640	40.805
27.6782	93.6763	40.458
27.8788	93.6852	40.200
28.0808	93.6996	39.805
28.2843	93.7064	39.605
28.4892	93.7270	39.047
28.6957	93.7339	38.831
28.9036	93.7465	38.470
29.1131	93.7557	38.187
29.3240	93.7650	37.905
29.5365	93.7767	37.552
29.7506	93.7830	37.353
29.9661	93.8008	36.843
30.1833	93.8081	36.613
30.4020	93.8184	36.310
30.6223	93.8289	35.990
30.8442	93.8354	35.782
31.0677	93.8513	35.293
31.2929	93.8579	35.058
31.5196	93.8660	34.781
31.7480	93.8797	34.316
31.9781	93.8840	34.148
32.2098	93.8932	33.831
32.4432	93.9014	33.557
32.6783	93.9072	33.358
32.9151	93.9217	32.923
33.1536	93.9294	32.677
33.3939	93.9362	32.456
33.6359	93.9499	32.024
33.8796	93.9561	31.787
34.1251	93.9622	31.562
34.3724	93.9731	31.146
34.6215	93.9787	30.911
34.8723	93.9835	30.707
35.1250	93.9942	30.317
35.3796	94.0011	30.069
35.6359	94.0055	29.897
35.8942	94.0172	29.517
36.1543	94.0284	29.137
36.4163	94.0329	28.950
36.6802	94.0386	28.723
36.9460	94.0478	28.356
37.2137	94.0532	28.121
37.4834	94.0566	27.961
37.7550	94.0657	27.615
38.0286	94.0755	27.276
38.3041	94.0816	27.057
38.5817	94.0858	26.897
38.8613	94.0957	26.557
39.1429	94.1047	26.219
39.4265	94.1127	25.887
39.7122	94.1159	25.721
40.0000	94.1201	25.522
40.2899	94.1278	25.208
40.5818	94.1359	24.899
40.8759	94.1444	24.591
41.1721	94.1481	24.435
41.4704	94.1529	24.240
41.7710	94.1609	23.931
42.0736	94.1681	23.625
42.3785	94.1747	23.325
42.6856	94.1782	23.140
42.9949	94.1809	22.985
43.3065	94.1871	22.695
43.6203	94.1934	22.409
43.9364	94.1996	22.127
44.2548	94.2056	21.847
44.5755	94.2114	21.570
44.8985	94.2169	21.297
45.2238	94.2196	21.141
45.5515	94.2223	20.981
45.8816	94.2276	20.716
46.2141	94.2329	20.455
46.5490	94.2382	20.198
46.8863	94.2435	19.945
47.2261	94.2488	19.694
47.5683	94.2543	19.447
47.9130	94.2601	19.202
48.2602	94.2660	18.957
48.6099	94.2719	18.711
48.9621	94.2773	18.464
49.3169	94.2819	18.218
49.6743	94.2858	17.975
50.0343	94.2892	17.739
50.3968	94.2927	17.511
50.7620	94.2968	17.286
51.1299	94.3016	17.062
51.5004	94.3066	16.836
51.8736	94.3112	16.607
52.2495	94.3153	16.379
52.6281	94.3188	16.154
53.0095	94.3222	15.935
53.3936	94.3259	15.719
53.7805	94.3300	15.504
54.1702	94.3341	15.288
54.5628	94.3379	15.072
54.9581	94.3414	14.859
55.3564	94.3448	14.648
55.7575	94.3482	14.441
56.1616	94.3518	14.235
56.5685	94.3570	13.955
56.9785	94.3614	13.678
57.3914	94.3638	13.480
57.8072	94.3666	13.288
58.2261	94.3699	13.097
58.6481	94.3737	12.905
59.0730	94.3774	12.711
59.5011	94.3822	12.448
59.9323	94.3862	12.192
60.3666	94.3889	12.004
60.8040	94.3919	11.816
61.2446	94.3950	11.626
61.6884	94.3991	11.373
62.1355	94.4026	11.124
62.5857	94.4049	10.939
63.0392	94.4074	10.754
63.4960	94.4110	10.508
63.9562	94.4139	10.266
64.4196	94.4156	10.087
64.8864	94.4177	9.911
65.3566	94.4221	9.683
65.8302	94.4271	9.450
66.3073	94.4300	9.268
66.7877	94.4330	9.032
67.2717	94.4355	8.806
67.7592	94.4375	8.638
68.2502	94.4417	8.421
68.7448	94.4464	8.200
69.2429	94.4491	8.024
69.7447	94.4518	7.799
70.2501	94.4538	7.582
70.7591	94.4555	7.417
71.2719	94.4590	7.208
71.7884	94.4628	6.992
72.3086	94.4653	6.773
72.8325	94.4668	6.561
73.3603	94.4692	6.359
73.8919	94.4728	6.154
74.4274	94.4754	5.986
74.9667	94.4779	5.770
75.5099	94.4795	5.560
76.0571	94.4815	5.360
76.6083	94.4847	5.160
77.1634	94.4881	4.953
77.7226	94.4909	4.705
78.2858	94.4927	4.507
78.8531	94.4958	4.314
79.4245	94.4993	4.114
80.0000	94.5016	3.908
80.5797	94.5026	3.709
81.1636	94.5040	3.524
81.7518	94.5085	3.306
82.3442	94.5121	3.108
82.9409	94.5136	2.907
83.5419	94.5140	2.717
84.1473	94.5156	2.540
84.7570	94.5204	2.327
85.3712	94.5241	2.132
85.9899	94.5259	1.933
86.6130	94.5270	1.710
87.2406	94.5295	1.498
87.8728	94.5322	1.312
88.5096	94.5347	1.121
89.1509	94.5371	0.899
89.7970	94.5396	0.680
90.4477	94.5416	0.491
91.1031	94.5429	0.301
91.7633	94.5436	0.088
92.4282	94.5454	-0.112
93.0980	94.5495	-0.314
93.7726	94.5527	-0.501
94.4521	94.5546	-0.692
95.1366	94.5554	-0.906
95.8260	94.5566	-1.107
96.5204	94.5592	-1.307
97.2198	94.5618	-1.511
97.9243	94.5647	-1.712
98.6339	94.5684	-1.919
99.3486	94.5711	-2.132
100.0685	94.5727	-2.338
100.7937	94.5756	-2.539
101.5241	94.5786	-2.750
102.2598	94.5794	-2.958
103.0008	94.5812	-3.151
103.7472	94.5850	-3.355
104.4990	94.5864	-3.572
105.2562	94.5856	-3.772
106.0189	94.5872	-3.959
106.7872	94.5904	-4.159
107.5610	94.5921	-4.363
108.3404	94.5944	-4.560
109.1255	94.5984	-4.787
109.9163	94.6003	-5.015
110.7128	94.6026	-5.210
111.5151	94.6057	-5.412
112.3231	94.6071	-5.617
113.1371	94.6084	-5.827
113.9569	94.6116	-6.036
114.7827	94.6138	-6.238
115.6145	94.6147	-6.439
116.4523	94.6157	-6.650
117.2961	94.6185	-6.863
118.1461	94.6204	-7.068
119.0022	94.6224	-7.288
119.8646	94.6251	-7.511
120.7332	94.6263	-7.713
121.6080	94.6285	-7.922
122.4893	94.6320	-8.135
123.3769	94.6346	-8.345
124.2709	94.6379	-8.555
125.1714	94.6395	-8.769
126.0785	94.6415	-8.967
126.9921	94.6459	-9.179
127.9123	94.6480	-9.406
128.8392	94.6489	-9.620
129.7728	94.6515	-9.833
130.7132	94.6545	-10.055
131.6604	94.6563	-10.280
132.6145	94.6577	-10.492
133.5755	94.6612	-10.716
134.5434	94.6644	-10.932
135.5184	94.6664	-11.152
136.5004	94.6674	-11.379
137.4895	94.6690	-11.580
138.4858	94.6730	-11.791
139.4894	94.6750	-12.037
140.5002	94.6752	-12.252
141.5183	94.6806	-12.458
142.5438	94.6842	-12.700
143.5767	94.6840	-12.941
144.6171	94.6861	-13.162
145.6651	94.6906	-13.391
146.7206	94.6935	-13.636
147.7838	94.6945	-13.865
148.8547	94.6965	-14.077
149.9334	94.6993	-14.286
151.0199	94.7048	-14.524
152.1142	94.7049	-14.775
153.2165	94.7059	-14.989
154.3268	94.7094	-15.221
155.4451	94.7125	-15.460
156.5715	94.7152	-15.712
157.7061	94.7173	-15.933
158.8489	94.7208	-16.175
160.0000	94.7214	-16.406
161.1594	94.7253	-16.636
162.3273	94.7275	-16.877
163.5035	94.7316	-17.120
164.6884	94.7356	-17.373
165.8818	94.7386	-17.614
167.0838	94.7402	-17.850
168.2946	94.7439	-18.087
169.5141	94.7482	-18.338
170.7425	94.7502	-18.591
171.9797	94.7505	-18.839
173.2260	94.7535	-19.086
174.4812	94.7566	-19.331
175.7456	94.7609	-19.586
177.0191	94.7642	-19.836
178.3019	94.7687	-20.097
179.5939	94.7693	-20.359
180.8953	94.7722	-20.598
182.2062	94.7771	-20.862
183.5265	94.7796	-21.124
184.8564	94.7832	-21.379
186.1960	94.7874	-21.645
187.5452	94.7906	-21.907
188.9043	94.7921	-22.158
190.2731	94.7980	-22.421
191.6519	94.8009	-22.697
193.0407	94.8052	-22.962
194.4396	94.8093	-23.228
195.8486	94.8110	-23.490
197.2678	94.8162	-23.755
198.6972	94.8198	-24.036
200.1371	94.8235	-24.319
201.5874	94.8267	-24.601
203.0482	94.8300	-24.865
204.5195	94.8363	-25.150
206.0016	94.8382	-25.421
207.4943	94.8416	-25.701
208.9979	94.8446	-25.967
210.5124	94.8494	-26.261
212.0379	94.8540	-26.552
213.5744	94.8594	-26.853
215.1220	94.8638	-27.132
216.6809	94.8682	-27.415
218.2510	94.8724	-27.702
219.8326	94.8772	-27.986
221.4256	94.8819	-28.295
223.0301	94.8833	-28.594
224.6463	94.8915	-28.901
226.2742	94.8929	-29.210
227.9138	94.8993	-29.506
229.5654	94.9053	-29.796
231.2289	94.9099	-30.106
232.9045	94.9133	-30.405
234.5922	94.9184	-30.701
236.2922	94.9229	-31.016
238.0045	94.9252	-31.332
239.7291	94.9318	-31.639
241.4663	94.9375	-31.956
243.2161	94.9422	-32.281
244.9785	94.9514	-32.599
246.7537	94.9564	-32.940
248.5418	94.9605	-33.251
250.3428	94.9663	-33.574
252.1569	94.9729	-33.914
253.9842	94.9774	-34.254
255.8246	94.9845	-34.589
257.6785	94.9940	-34.908
259.5457	94.9969	-35.234
261.4265	94.9991	-35.531
263.3209	95.0058	-35.899
265.2290	95.0138	-36.238
267.1510	95.0363	-36.713
269.0869	95.0239	-37.004
271.0368	95.0394	-37.328
273.0008	95.0470	-37.636
274.9791	95.0470	-37.980
276.9717	95.0557	-38.363
278.9788	95.0620	-38.721
281.0003	95.0672	-39.085
283.0366	95.0736	-39.443
285.0876	95.0831	-39.803
287.1535	95.0899	-40.172
289.2343	95.0988	-40.540
291.3302	95.1070	-40.914
293.4413	95.1136	-41.304
295.5677	95.1215	-41.689
297.7095	95.1280	-42.047
299.8668	95.1361	-42.427
302.0398	95.1453	-42.820
304.2285	95.1532	-43.213
306.4330	95.1617	-43.602
308.6536	95.1715	-44.000
310.8902	95.1758	-44.400
313.1431	95.1865	-44.805
315.4122	95.1967	-45.195
317.6978	95.2059	-45.613
320.0000	95.2150	-46.011
322.3189	95.2236	-46.428
324.6545	95.2325	-46.838
327.0071	95.2429	-47.255
329.3767	95.2524	-47.682
331.7635	95.2605	-48.109
334.1676	95.2704	-48.532
336.5891	95.2823	-48.960
339.0282	95.2938	-49.393
341.4849	95.3033	-49.830
343.9595	95.3135	-50.273
346.4519	95.3251	-50.725
348.9625	95.3374	-51.158
351.4912	95.3481	-51.608
354.0383	95.3594	-52.077
356.6038	95.3707	-52.540
359.1879	95.3832	-52.996
361.7907	95.3961	-53.464
364.4124	95.4068	-53.925
367.0530	95.4185	-54.393
369.7129	95.4324	-54.884
372.3920	95.4456	-55.378
375.0905	95.4579	-55.855
377.8085	95.4692	-56.351
380.5463	95.4821	-56.835
383.3039	95.4965	-57.337
386.0814	95.5092	-57.844
388.8792	95.5243	-58.344
391.6971	95.5383	-58.871
394.5355	95.5540	-59.385
397.3945	95.5700	-59.904
400.2742	95.5847	-60.424
403.1747	95.5977	-60.960
406.0963	95.6118	-61.485
409.0390	95.6289	-62.025
412.0031	95.6450	-62.579
414.9887	95.6631	-63.133
417.9958	95.6782	-63.684
421.0248	95.6940	-64.236
424.0757	95.7135	-64.804
427.1488	95.7309	-65.396
430.2440	95.7458	-65.967
433.3618	95.7641	-66.540
436.5021	95.7821	-67.117
439.6652	95.8013	-67.722
442.8512	95.8201	-68.317
446.0602	95.8386	-68.932
449.2926	95.8578	-69.541
452.5483	95.8783	-70.151
455.8277	95.8975	-70.781
459.1308	95.9175	-71.432
462.4579	95.9376	-72.052
465.8090	95.9590	-72.690
469.1845	95.9808	-73.344
472.5844	96.0033	-74.006
476.0089	96.0252	-74.672
479.4583	96.0449	-75.322
482.9326	96.0674	-76.012
486.4321	96.0911	-76.706
489.9570	96.1134	-77.414
493.5075	96.1389	-78.117
497.0836	96.1626	-78.826
500.6857	96.1864	-79.547
504.3139	96.2117	-80.282
507.9683	96.2364	-81.020
511.6493	96.2598	-81.772
515.3569	96.2867	-82.518
519.0914	96.3143	-83.288
522.8529	96.3370	-84.051
526.6418	96.3650	-84.847
530.4580	96.3934	-85.641
534.3019	96.4191	-86.451
538.1737	96.4436	-87.271
542.0735	96.4751	-88.091
546.0016	96.5045	-88.940
549.9582	96.5317	-89.782
553.9434	96.5617	-90.661
557.9575	96.5933	-91.547
562.0007	96.6230	-92.433
566.0732	96.6523	-93.328
570.1752	96.6825	-94.228
574.3069	96.7123	-95.156
578.4686	96.7427	-96.100
582.6604	96.7732	-97.064
586.8826	96.8053	-98.036
591.1354	96.8372	-99.030
595.4190	96.8690	-100.036
599.7336	96.8991	-101.044
604.0796	96.9303	-102.080
608.4570	96.9626	-103.131
612.8661	96.9942	-104.204
617.3072	97.0260	-105.302
621.7804	97.0567	-106.406
626.2861	97.0872	-107.546
630.8244	97.1182	-108.679
635.3957	97.1501	-109.850
640.0000	97.1796	-111.037
644.6377	97.2088	-112.234
649.3090	97.2388	-113.480
654.0142	97.2675	-114.748
658.7534	97.2961	-116.017
663.5270	97.3225	-117.319
668.3352	97.3480	-118.644
673.1783	97.3734	-119.981
678.0564	97.3967	-121.368
682.9699	97.4172	-122.774
687.9189	97.4390	-124.198
692.9039	97.4573	-125.652
697.9249	97.4742	-127.121
702.9824	97.4890	-128.646
708.0765	97.5019	-130.176
713.2075	97.5104	-131.736
718.3757	97.5177	-133.316
723.5814	97.5207	-134.968
728.8247	97.5201	-136.626
734.1061	97.5194	-138.268
739.4257	97.5111	-139.968
744.7839	97.4988	-141.727
750.1809	97.4836	-143.472
755.6170	97.4639	-145.219
761.0926	97.4363	-147.030
766.6077	97.4062	-148.859
772.1629	97.3687	-150.726
777.7583	97.3268	-152.615
783.3943	97.2783	-154.482
789.0711	97.2234	-156.405
794.7890	97.1606	-158.343
800.5484	97.0935	-160.262
806.3495	97.0166	-162.183
812.1926	96.9326	-164.150
818.0781	96.8421	-166.108
824.0062	96.7424	-168.092
829.9773	96.6341	-170.071
835.9917	96.5201	-172.038
842.0496	96.3992	-173.976
848.1515	96.2687	-175.916
854.2975	96.1283	-177.863
860.4881	95.9807	-179.787
866.7236	95.8304	178.322
873.0042	95.6704	176.463
879.3303	95.5056	174.623
885.7023	95.3292	172.794
892.1205	95.1483	171.010
898.5852	94.9619	169.269
905.0967	94.7652	167.527
911.6554	94.5647	165.840
918.2616	94.3597	164.199
924.9157	94.1521	162.618
931.6180	93.9342	161.036
938.3689	93.7143	159.527
945.1687	93.4881	158.050
952.0178	93.2595	156.646
958.9165	93.0339	155.269
965.8652	92.8067	153.956
972.8643	92.5699	152.695
979.9141	92.3306	151.484
987.0149	92.0979	150.312
994.1672	91.8593	149.203
1001.3714	91.6162	148.134
1008.6277	91.3766	147.147
1015.9367	91.1375	146.155
1023.2986	90.9055	145.279
1030.7138	90.6675	144.421
1038.1828	90.4352	143.621
1045.7059	90.2052	142.853
1053.2835	89.9752	142.174
1060.9160	89.7508	141.509
1068.6039	89.5300	140.835
1076.3474	89.3158	140.324
1084.1471	89.0944	139.785
1092.0032	88.8891	139.332
1099.9164	88.6823	138.878
1107.8868	88.4839	138.456
1115.9150	88.2924	138.150
1124.0014	88.1140	137.772
1132.1464	87.9255	137.505
1140.3504	87.7533	137.210
1148.6138	87.5946	136.970
1156.9371	87.4341	136.714
1165.3208	87.2845	136.494
1173.7652	87.1422	136.341
1182.2708	87.0042	136.173
1190.8380	86.8771	135.996
1199.4673	86.7550	135.816
1208.1591	86.6500	135.663
1216.9139	86.5416	135.493
1225.7322	86.4423	135.337
1234.6144	86.3577	135.136
1243.5609	86.2778	134.988
1252.5722	86.2035	134.740
1261.6489	86.1414	134.532
1270.7913	86.0841	134.308
1280.0000	86.0244	134.043
1289.2754	85.9781	133.777
1298.6180	85.9365	133.511
1308.0284	85.9046	133.164
1317.5069	85.8723	132.809
1327.0541	85.8549	132.461
1336.6704	85.8344	132.026
1346.3565	85.8166	131.641
1356.1128	85.8074	131.156
1365.9397	85.7996	130.652
1375.8379	85.7901	130.092
1385.8078	85.8007	129.527
1395.8499	85.8046	128.958
1405.9648	85.8100	128.334
1416.1530	85.8141	127.667
1426.4150	85.8308	126.989
1436.7514	85.8417	126.230
1447.1627	85.8591	125.455
1457.6495	85.8858	124.679
1468.2122	85.9046	123.847
1478.8515	85.9256	123.007
1489.5678	85.9441	122.101
1500.3618	85.9754	121.161
1511.2341	85.9998	120.197
1522.1851	86.0267	119.223
1533.2155	86.0561	118.196
1544.3258	86.0783	117.200
1555.5166	86.1068	116.071
1566.7885	86.1410	115.021
1578.1421	86.1679	113.868
1589.5780	86.1933	112.715
1601.0967	86.2249	111.529
1612.6989	86.2524	110.318
1624.3852	86.2877	109.105
1636.1562	86.3223	107.856
1648.0125	86.3502	106.547
1659.9546	86.3770	105.230
1671.9833	86.4114	103.883
1684.0992	86.4394	102.489
1696.3029	86.4704	101.125
1708.5950	86.5024	99.702
1720.9762	86.5314	98.277
1733.4471	86.5589	96.837
1746.0084	86.5887	95.331
1758.6607	86.6208	93.810
1771.4046	86.6534	92.315
1784.2410	86.6810	90.756
1797.1703	86.7128	89.174
1810.1934	86.7359	87.577
1823.3108	86.7663	85.949
1836.5232	86.7933	84.319
1849.8314	86.8158	82.648
1863.2361	86.8453	81.000
1876.7379	86.8721	79.273
1890.3375	86.8977	77.556
1904.0356	86.9267	75.820
1917.8331	86.9502	74.025
1931.7305	86.9735	72.260
1945.7286	86.9960	70.459
1959.8281	87.0234	68.611
1974.0299	87.0473	66.784
1988.3345	87.0714	64.889
2002.7428	87.0938	63.026
2017.2555	87.1184	61.092
2031.8733	87.1424	59.190
2046.5971	87.1615	57.250
2061.4276	87.1817	55.271
2076.3656	87.2038	53.300
2091.4118	87.2261	51.271
2106.5670	87.2464	49.239
2121.8321	87.2677	47.194
2137.2077	87.2871	45.119
2152.6948	87.3100	43.027
2168.2941	87.3297	40.946
2184.0065	87.3491	38.826
2199.8327	87.3666	36.664
2215.7736	87.3831	34.509
2231.8300	87.4056	32.291
2248.0028	87.4241	30.100
2264.2927	87.4392	27.864
2280.7007	87.4562	25.657
2297.2276	87.4752	23.358
2313.8743	87.4909	21.080
2330.6416	87.5104	18.774
2347.5304	87.5292	16.456
2364.5415	87.5398	14.138
2381.6760	87.5600	11.770
2398.9346	87.5751	9.355
2416.3182	87.5863	6.952
2433.8279	87.6070	4.521
2451.4644	87.6199	2.105
2469.2287	87.6381	-0.375
2487.1218	87.6492	-2.860
2505.1445	87.6645	-5.357
2523.2978	87.6775	-7.910
2541.5826	87.6912	-10.454
2560.0000	87.7077	-13.013
2578.5508	87.7213	-15.617
2597.2361	87.7385	-18.223
2616.0567	87.7510	-20.863
2635.0137	87.7652	-23.510
2654.1081	87.7755	-26.186
2673.3409	87.7872	-28.862
2692.7130	87.7972	-31.590
2712.2255	87.8142	-34.309
2731.8794	87.8235	-37.086
2751.6758	87.8344	-39.876
2771.6155	87.8495	-42.678
2791.6998	87.8632	-45.504
2811.9296	87.8775	-48.347
2832.3060	87.8861	-51.220
2852.8301	87.8971	-54.095
2873.5028	87.9116	-57.015
2894.3254	87.9223	-59.973
2915.2989	87.9311	-62.909
2936.4244	87.9465	-65.883
2957.7029	87.9549	-68.897
2979.1356	87.9653	-71.921
3000.7237	87.9757	-74.969
3022.4682	87.9883	-78.035
3044.3702	87.9987	-81.141
3066.4310	88.0076	-84.241
3088.6516	88.0192	-87.404
3111.0332	88.0274	-90.550
3133.5771	88.0391	-93.747
3156.2843	88.0501	-96.964
3179.1560	88.0581	-100.210
3202.1935	88.0687	-103.467
3225.3979	88.0793	-106.739
3248.7705	88.0861	-110.053
3272.3124	88.0966	-113.396
3296.0249	88.1031	-116.756
3319.9093	88.1149	-120.122
3343.9667	88.1221	-123.535
3368.1985	88.1299	-126.979
3392.6058	88.1391	-130.413
3417.1900	88.1495	-133.904
3441.9524	88.1532	-137.433
3466.8942	88.1628	-140.946
3492.0167	88.1703	-144.512
3517.3213	88.1795	-148.101
3542.8093	88.1870	-151.728
3568.4820	88.1958	-155.382
3594.3406	88.2032	-159.037
3620.3867	88.2065	-162.740
3646.6215	88.2132	-166.462
3673.0465	88.2225	-170.215
3699.6629	88.2299	-173.993
3726.4721	88.2356	-177.792
3753.4757	88.2415	178.357
3780.6749	88.2468	174.489
3808.0713	88.2542	170.603
3835.6661	88.2600	166.692
3863.4609	88.2635	162.735
3891.4572	88.2726	158.747
3919.6563	88.2774	154.757
3948.0597	88.2821	150.696
3976.6690	88.2869	146.641
4005.4856	88.2900	142.509
4034.5110	88.2984	138.390
4063.7467	88.3025	134.226
4093.1943	88.3067	130.041
4122.8552	88.3103	125.837
4152.7312	88.3151	121.559
4182.8236	88.3210	117.260
4213.1340	88.3229	112.953
4243.6641	88.3265	108.589
4274.4155	88.3306	104.220
4305.3896	88.3350	99.795
4336.5883	88.3402	95.336
4368.0130	88.3443	90.852
4399.6654	88.3473	86.340
4431.5472	88.3524	81.808
4463.6600	88.3541	77.192
4496.0055	88.3591	72.570
4528.5854	88.3634	67.896
4561.4014	88.3638	63.238
4594.4552	88.3686	58.504
4627.7485	88.3719	53.735
4661.2831	88.3762	48.947
4695.0607	88.3806	44.103
4729.0830	88.3810	39.264
4763.3519	88.3852	34.344
4797.8691	88.3878	29.388
4832.6365	88.3928	24.421
4867.6558	88.3941	19.417
4902.9288	88.4012	14.365
4938.4574	88.4043	9.293
4974.2435	88.4106	4.142
5010.2890	88.4131	-1.011
5046.5956	88.4170	-6.227
5083.1653	88.4221	-11.460
5120.0000	88.4290	-16.751
5157.1016	88.4320	-22.053
5194.4721	88.4351	-27.411
5232.1134	88.4404	-32.784
5270.0275	88.4474	-38.207
5308.2162	88.4502	-43.699
5346.6818	88.4557	-49.197
5385.4260	88.4613	-54.752
5424.4510	88.4660	-60.318
5463.7589	88.4750	-65.956
5503.3515	88.4755	-71.633
5543.2311	88.4796	-77.342
5583.3996	88.4879	-83.075
5623.8592	88.4909	-88.879
5664.6120	88.4971	-94.714
5705.6601	88.5043	-100.584
5747.0057	88.5053	-106.470
5788.6509	88.5130	-112.440
5830.5978	88.5187	-118.398
5872.8487	88.5220	-124.482
5915.4058	88.5252	-130.541
5958.2713	88.5300	-136.674
6001.4474	88.5323	-142.831
6044.9363	88.5396	-149.059
6088.7404	88.5414	-155.337
6132.8620	88.5476	-161.619
6177.3032	88.5516	-167.956
6222.0665	88.5496	-174.348
6267.1541	88.5515	179.218
6312.5685	88.5578	172.724
6358.3120	88.5572	166.193
6404.3869	88.5597	159.612
6450.7958	88.5617	152.982
6497.5409	88.5618	146.295
6544.6248	88.5639	139.579
6592.0498	88.5617	132.802
6639.8185	88.5636	125.953
6687.9334	88.5604	119.096
6736.3969	88.5617	112.173
6785.2116	88.5597	105.179
6834.3801	88.5610	98.143
6883.9048	88.5614	91.076
6933.7884	88.5577	83.929
6984.0335	88.5577	76.734
7034.6427	88.5581	69.488
7085.6186	88.5524	62.172
7136.9639	88.5518	54.834
7188.6813	88.5502	47.422
7240.7734	88.5475	39.949
7293.2431	88.5452	32.432
7346.0929	88.5483	24.864
7399.3257	88.5459	17.199
7452.9443	88.5459	9.565
7506.9514	88.5453	1.787
7561.3499	88.5468	-6.019
7616.1425	88.5484	-13.851
7671.3322	88.5466	-21.783
7726.9219	88.5453	-29.764
7782.9143	88.5477	-37.776
7839.3125	88.5477	-45.883
7896.1194	88.5498	-54.027
7953.3380	88.5506	-62.219
8010.9711	88.5516	-70.482
8069.0219	88.5561	-78.812
8127.4934	88.5551	-87.167
8186.3886	88.5565	-95.612
8245.7105	88.5611	-104.098
8305.4623	88.5613	-112.648
8365.6471	88.5624	-121.258
8426.2680	88.5614	-129.935
8487.3283	88.5657	-138.666
8548.8309	88.5673	-147.454
8610.7793	88.5681	-156.326
8673.1765	88.5655	-165.246
8736.0260	88.5648	-174.232
8799.3308	88.5660	176.715
8863.0944	88.5645	167.605
8927.3200	88.5645	158.427
8992.0111	88.5622	149.178
9057.1709	88.5629	139.838
9122.8029	88.5581	130.477
9188.9105	88.5566	121.005
9255.4971	88.5557	111.464
9322.5662	88.5526	101.875
9390.1214	88.5510	92.203
9458.1661	88.5482	82.441
9526.7039	88.5449	72.635
9595.7383	88.5475	62.735
9665.2730	88.5432	52.743
9735.3115	88.5409	42.719
9805.8576	88.5414	32.585
9876.9149	88.5419	22.380
9948.4871	88.5436	12.121
10020.5779	88.5409	1.767
10093.1912	88.5432	-8.665
10166.3306	88.5462	-19.163
10240.0000	88.5469	-29.739
10314.2033	88.5514	-40.385
10388.9442	88.5526	-51.114
10464.2268	88.5595	-61.907
10540.0549	88.5607	-72.790
10616.4325	88.5683	-83.721
10693.3635	88.5704	-94.796
10770.8521	88.5786	-105.881
10848.9021	88.5839	-117.071
10927.5177	88.5892	-128.360
11006.7030	88.5927	-139.676
11086.4621	88.5981	-151.095
11166.7992	88.5991	-162.605
11247.7184	88.6045	-174.214
11329.2240	88.6085	174.102
11411.3202	88.6073	162.349
11494.0114	88.6103	150.516
11577.3017	88.6118	138.584
11661.1956	88.6126	126.545
11745.6975	88.6137	114.426
11830.8116	88.6125	102.212
11916.5426	88.6130	89.895
12002.8947	88.6116	77.499
12089.8727	88.6123	65.000
12177.4809	88.6109	52.419
12265.7239	88.6131	39.723
12354.6064	88.6112	26.956
12444.1330	88.6121	14.059
12534.3083	88.6130	1.095
12625.1370	88.6175	-11.972
12716.6240	88.6183	-25.134
12808.7739	88.6216	-38.403
12901.5916	88.6237	-51.763
12995.0818	88.6260	-65.202
13089.2495	88.6278	-78.749
13184.0996	88.6294	-92.386
13279.6370	88.6356	-106.122
13375.8668	88.6338	-119.942
13472.7938	88.6380	-133.885
13570.4232	88.6373	-147.900
13668.7601	88.6329	-162.053
13767.8096	88.6329	-176.275
13867.5768	88.6313	169.393
13968.0670	88.6279	154.956
14069.2853	88.6232	140.392
14171.2372	88.6186	125.711
14273.9278	88.6125	110.922
14377.3626	88.6071	96.036
14481.5469	88.6034	81.028
14586.4861	88.5949	65.889
14692.1858	88.5869	50.643
14798.6515	88.5816	35.271
14905.8886	88.5788	19.811
15013.9028	88.5756	4.201
15122.6997	88.5736	-11.527
15232.2851	88.5722	-27.346
15342.6645	88.5681	-43.294
15453.8437	88.5723	-59.354
15565.8287	88.5706	-75.544
15678.6251	88.5733	-91.814
15792.2389	88.5723	-108.208
15906.6759	88.5752	-124.744
16021.9423	88.5754	-141.380
16138.0439	88.5759	-158.140
16254.9868	88.5743	-175.022
16372.7771	88.5741	167.967
16491.4210	88.5732	150.828
16610.9246	88.5728	133.542
16731.2942	88.5712	116.136
16852.5361	88.5689	98.578
16974.6565	88.5663	80.895
17097.6619	88.5678	63.071
17221.5586	88.5659	45.101
17346.3531	88.5651	27.005
17472.0519	88.5635	8.739
17598.6616	88.5674	-9.615
17726.1888	88.5734	-28.144
17854.6400	88.5769	-46.802
17984.0221	88.5843	-65.575
18114.3418	88.5925	-84.504
18245.6057	88.5979	-103.538
18377.8209	88.6046	-122.740
18510.9942	88.6086	-142.072
18645.1325	88.6112	-161.556
18780.2428	88.6087	178.850
18916.3322	88.6055	159.070
19053.4077	88.6020	139.158
19191.4766	88.5998	119.064
19330.5459	88.5918	98.842
19470.6230	88.5869	78.420
19611.7152	88.5855	57.849
19753.8298	88.5799	37.132
19896.9742	88.5773	16.223
