* Helix DSP Ultra S, output layer, channel w_L — no filter
* REW 5.40 Beta 132 measurement 'bellQ-ref', 2026-08-20, 512k sweep, 4 averages,
* -9 dBFS, 96 kHz, loopback timing reference; ECM8000 on a tripod at the listening position,
* processor otherwise cleared. Only this one setting differs between before and after.
* frequency_Hz<TAB>SPL_dB<TAB>phase_deg — REW's unsmoothed curve resampled to 1/96 octave
20.0000	73.3567	103.673
20.1444	73.3619	103.668
20.2899	73.6306	103.428
20.4364	73.9013	103.186
20.5840	74.1861	102.716
20.7327	74.4845	102.030
20.8824	74.7850	101.310
21.0332	75.0855	100.113
21.1851	75.3883	98.907
21.3381	75.6756	97.387
21.4922	75.9549	95.684
21.6474	76.2236	93.865
21.8037	76.4588	91.744
21.9611	76.6956	89.607
22.1197	76.8769	87.203
22.2795	77.0550	84.762
22.4404	77.1914	82.221
22.6024	77.3035	79.614
22.7656	77.3915	76.993
22.9300	77.4377	74.361
23.0956	77.4754	71.732
23.2624	77.4626	69.207
23.4304	77.4496	66.664
23.5996	77.3924	64.335
23.7700	77.3328	62.000
23.9417	77.2485	59.884
24.1146	77.1577	57.811
24.2887	77.0559	55.931
24.4641	76.9485	54.135
24.6408	76.8386	52.496
24.8188	76.7268	50.965
24.9980	76.6188	49.565
25.1785	76.5143	48.279
25.3603	76.4208	47.094
25.5435	76.3384	46.008
25.7279	76.2747	44.965
25.9137	76.2296	43.965
26.1009	76.2071	42.906
26.2894	76.2046	41.794
26.4792	76.2177	40.498
26.6704	76.2419	39.067
26.8630	76.2608	37.360
27.0570	76.2771	35.509
27.2524	76.2588	33.394
27.4492	76.2305	31.194
27.6474	76.1425	28.875
27.8471	76.0439	26.540
28.0482	75.8893	24.305
28.2508	75.7256	22.119
28.4548	75.5372	20.106
28.6603	75.3474	18.155
28.8672	75.1559	16.279
29.0757	74.9661	14.323
29.2857	74.7762	12.323
29.4971	74.5547	9.997
29.7102	74.3098	7.564
29.9247	73.9920	4.857
30.1408	73.6000	2.101
30.3585	73.1373	-0.701
30.5777	72.5473	-3.228
30.7985	71.9092	-5.605
31.0209	71.1743	-7.463
31.2450	70.4043	-9.111
31.4706	69.6013	-10.565
31.6979	68.7076	-12.407
31.9268	67.6947	-14.727
32.1573	66.4211	-18.102
32.3896	64.3999	-23.149
32.6235	61.5048	-29.969
32.8590	54.9639	-43.712
33.0963	54.1342	-111.458
33.3353	57.6097	144.883
33.5761	63.1895	133.018
33.8186	67.3093	122.477
34.0628	70.0644	113.160
34.3088	71.7271	104.398
34.5565	73.0273	95.936
34.8061	73.9767	87.797
35.0574	74.4465	80.575
35.3106	74.6739	74.278
35.5656	74.6986	68.960
35.8224	74.4977	65.550
36.0811	74.2594	64.286
36.3417	74.0937	64.562
36.6041	74.1017	66.446
36.8685	74.5123	68.570
37.1347	75.1028	69.734
37.4029	75.8182	69.720
37.6730	76.5365	68.003
37.9450	77.1254	65.232
38.2191	77.5966	62.091
38.4951	77.9493	58.861
38.7731	78.1861	56.008
39.0531	78.3917	53.789
39.3351	78.6231	51.969
39.6191	78.9043	50.375
39.9052	79.2555	48.726
40.1934	79.6513	46.552
40.4837	80.0335	43.936
40.7760	80.3826	40.977
41.0705	80.6876	37.802
41.3671	80.9518	34.565
41.6658	81.2055	31.296
41.9667	81.4700	27.817
42.2698	81.7365	23.933
42.5750	81.9806	19.489
42.8825	82.1631	14.409
43.1922	82.2235	8.738
43.5041	82.1061	2.816
43.8182	81.8169	-2.923
44.1347	81.3649	-8.108
44.4534	80.7804	-12.395
44.7744	80.1134	-15.537
45.0978	79.4270	-17.449
45.4234	78.7820	-18.257
45.7515	78.2218	-18.206
46.0819	77.7440	-17.606
46.4146	77.3442	-16.551
46.7498	77.0414	-15.093
47.0874	76.8624	-13.432
47.4275	76.8151	-11.921
47.7700	76.8720	-10.925
48.1149	76.9769	-10.636
48.4624	77.0709	-10.992
48.8124	77.1158	-11.758
49.1649	77.1000	-12.648
49.5199	77.0327	-13.431
49.8775	76.9325	-13.956
50.2377	76.8211	-14.142
50.6005	76.7210	-13.955
50.9659	76.6558	-13.397
51.3340	76.6526	-12.521
51.7047	76.7407	-11.457
52.0781	76.9442	-10.468
52.4542	77.2649	-9.946
52.8330	77.6648	-10.295
53.2145	78.0687	-11.730
53.5988	78.3900	-14.141
53.9859	78.5639	-17.103
54.3757	78.5718	-20.012
54.7684	78.4536	-22.285
55.1639	78.2989	-23.615
55.5623	78.2084	-24.176
55.9635	78.2329	-24.540
56.3677	78.3450	-25.276
56.7747	78.4740	-26.578
57.1847	78.5669	-28.226
57.5977	78.6278	-29.915
58.0136	78.6821	-31.583
58.4326	78.7410	-33.355
58.8545	78.7873	-35.355
59.2796	78.7926	-37.552
59.7077	78.7453	-39.763
60.1388	78.6684	-41.835
60.5731	78.5994	-43.894
61.0106	78.5424	-46.234
61.4511	78.4589	-49.105
61.8949	78.2840	-52.513
62.3419	77.9352	-56.141
62.7921	77.4054	-59.440
63.2456	76.6993	-61.913
63.7023	75.8407	-63.055
64.1623	74.8823	-61.940
64.6257	73.9959	-58.103
65.0924	73.4399	-51.820
65.5624	73.4338	-44.855
66.0359	73.9212	-40.118
66.5128	74.4870	-38.050
66.9931	74.9193	-37.716
67.4769	75.1600	-37.811
67.9642	75.3337	-37.511
68.4550	75.5509	-36.971
68.9493	75.8405	-36.958
69.4472	76.1001	-37.875
69.9488	76.2204	-39.422
70.4539	76.1198	-40.608
70.9627	75.9232	-40.532
71.4751	75.8173	-38.948
71.9913	75.9423	-36.893
72.5112	76.2122	-35.510
73.0348	76.4702	-34.987
73.5622	76.6656	-34.428
74.0935	76.8784	-33.301
74.6285	77.2064	-31.889
75.1675	77.6832	-30.862
75.7103	78.2598	-30.737
76.2570	78.8488	-31.739
76.8077	79.3600	-33.710
77.3624	79.7395	-36.088
77.9211	80.0030	-38.336
78.4838	80.2063	-40.238
79.0506	80.3772	-41.881
79.6214	80.5149	-43.145
80.1964	80.6615	-43.832
80.7756	80.9303	-43.994
81.3589	81.3445	-44.445
81.9464	81.8415	-45.840
82.5382	82.3054	-48.076
83.1343	82.7031	-50.690
83.7346	83.0447	-53.420
84.3393	83.3496	-56.260
84.9484	83.6055	-59.198
85.5618	83.8023	-62.051
86.1797	83.9737	-64.670
86.8021	84.1546	-67.082
87.4289	84.3701	-69.438
88.0603	84.6181	-71.906
88.6962	84.8879	-74.589
89.3367	85.1609	-77.557
89.9819	85.4143	-80.810
90.6317	85.6393	-84.276
91.2862	85.8347	-87.934
91.9454	85.9978	-91.782
92.6094	86.1200	-95.803
93.2782	86.1937	-99.922
93.9518	86.2161	-104.034
94.6303	86.1914	-108.042
95.3136	86.1287	-111.916
96.0019	86.0291	-115.667
96.6952	85.8878	-119.234
97.3935	85.7173	-122.481
98.0968	85.5481	-125.396
98.8052	85.3975	-128.102
99.5188	85.2677	-130.722
100.2374	85.1496	-133.385
100.9613	85.0137	-136.141
101.6904	84.8363	-138.788
102.4248	84.6381	-141.065
103.1644	84.4596	-142.909
103.9094	84.3415	-144.387
104.6598	84.3207	-145.822
105.4156	84.3668	-147.707
106.1769	84.4071	-150.017
106.9436	84.4483	-152.442
107.7159	84.5188	-155.157
108.4938	84.5729	-158.269
109.2773	84.5916	-161.510
110.0665	84.5885	-164.853
110.8613	84.5465	-168.268
111.6619	84.4948	-171.554
112.4683	84.4766	-175.079
113.2805	84.4087	-179.177
114.0985	84.2282	176.697
114.9225	83.9895	172.925
115.7524	83.7366	169.404
116.5883	83.5000	166.084
117.4303	83.2941	162.598
118.2783	83.0251	158.840
119.1324	82.6654	155.689
119.9927	82.3669	153.270
120.8593	82.1718	150.744
121.7321	82.0073	147.771
122.6112	81.8196	144.417
123.4966	81.5465	140.865
124.3884	81.2090	137.678
125.2867	80.9356	134.769
126.1915	80.7494	131.298
127.1028	80.5351	127.170
128.0206	80.2472	122.870
128.9451	79.9077	118.385
129.8763	79.4862	113.411
130.8142	78.9457	108.123
131.7589	78.3015	102.942
132.7104	77.5583	97.909
133.6688	76.6585	93.223
134.6341	75.6357	89.287
135.6063	74.5357	85.805
136.5856	73.3128	83.181
137.5720	72.0345	82.125
138.5655	70.7306	81.812
139.5661	69.2240	82.747
140.5740	67.9112	86.550
141.5892	66.7840	89.052
142.6116	65.2183	94.340
143.6415	64.1617	104.260
144.6788	63.7478	116.337
145.7236	64.7712	126.784
146.7760	65.8587	128.455
147.8359	66.2403	127.211
148.9035	66.0578	125.637
149.9788	65.7044	125.775
151.0619	65.5277	127.895
152.1528	65.7116	130.435
153.2516	65.9206	130.860
154.3583	66.0946	130.305
155.4730	66.3575	127.520
156.5958	66.3255	123.160
157.7266	66.1144	118.592
158.8656	65.6177	111.872
160.0129	64.5646	103.857
161.1684	62.5804	94.361
162.3323	59.2610	89.353
163.5046	55.4010	90.169
164.6854	48.5508	96.479
165.8746	41.4735	-148.712
167.0725	52.2837	-117.140
168.2790	57.3170	-107.425
169.4943	61.8203	-106.079
170.7183	65.1334	-108.483
171.9511	68.2092	-112.299
173.1929	70.8423	-120.093
174.4436	73.0025	-130.739
175.7033	74.4468	-143.425
176.9722	75.1451	-154.888
178.2502	75.4142	-164.272
179.5374	75.2732	-170.541
180.8340	75.4930	-170.705
182.1399	76.6350	-172.718
183.4552	77.7611	-178.672
184.7800	78.6180	172.626
186.1144	79.0670	163.354
187.4584	79.2105	154.679
188.8122	79.2118	146.983
190.1757	79.1706	139.791
191.5490	79.0571	133.212
192.9323	78.8281	126.544
194.3256	78.4351	120.099
195.7289	78.0322	114.641
197.1424	77.5240	110.330
198.5660	76.9311	106.768
200.0000	76.4209	104.325
201.4443	76.0585	102.395
202.8990	75.7112	100.379
204.3643	75.2678	98.509
205.8401	74.8778	97.207
207.3266	74.3759	97.468
208.8238	74.0935	97.947
210.3318	73.8669	99.998
211.8507	74.0553	102.434
213.3806	74.4419	103.610
214.9216	74.8955	102.849
216.4736	75.2439	100.922
218.0369	75.5186	98.804
219.6115	75.7606	97.058
221.1974	76.0082	95.602
222.7948	76.4648	93.853
224.4037	76.9334	89.936
226.0242	77.1331	85.142
227.6565	77.1824	81.309
229.3005	77.1690	77.998
230.9564	77.1930	75.195
232.6243	77.2832	72.586
234.3042	77.3741	70.119
235.9962	77.4719	67.743
237.7004	77.6397	65.356
239.4170	77.8781	62.694
241.1460	78.0989	59.417
242.8874	78.2930	55.694
244.6414	78.4534	51.719
246.4081	78.5609	47.703
248.1876	78.6670	43.715
249.9798	78.7636	39.487
251.7851	78.7755	34.854
253.6034	78.7594	30.517
255.4348	78.6672	26.229
257.2794	78.5574	22.024
259.1373	78.4692	18.163
261.0087	78.3159	14.102
262.8936	78.1630	10.511
264.7921	78.0560	6.947
266.7043	77.9441	2.933
268.6303	77.7679	-1.600
270.5702	77.4397	-6.072
272.5242	76.9973	-10.134
274.4922	76.4538	-12.655
276.4744	75.9766	-14.637
278.4710	75.5666	-15.488
280.4820	75.2030	-15.879
282.5075	74.9215	-15.845
284.5476	74.7975	-15.181
286.6025	74.8005	-14.465
288.6722	74.9663	-14.187
290.7569	75.1954	-14.643
292.8566	75.4603	-15.360
294.9715	75.7318	-16.350
297.1016	76.0631	-17.648
299.2471	76.3791	-19.105
301.4082	76.8018	-20.799
303.5848	77.3033	-22.785
305.7771	77.8315	-25.919
307.9853	78.3009	-29.544
310.2094	78.7444	-33.596
312.4496	79.1876	-37.995
314.7060	79.6057	-42.688
316.9786	79.9832	-47.745
319.2677	80.3210	-53.238
321.5733	80.6380	-58.949
323.8956	80.9350	-65.055
326.2346	81.1929	-71.517
328.5905	81.3389	-78.690
330.9634	81.3683	-85.904
333.3535	81.2669	-92.820
335.7608	81.1171	-99.344
338.1855	80.9144	-105.522
340.6277	80.6961	-111.499
343.0876	80.4491	-117.097
345.5652	80.1419	-122.476
348.0607	79.8549	-127.135
350.5742	79.5914	-131.592
353.1059	79.4074	-135.765
355.6559	79.2809	-140.228
358.2243	79.1676	-144.798
360.8112	79.0495	-149.705
363.4168	78.8915	-154.691
366.0412	78.7520	-159.675
368.6846	78.5613	-164.808
371.3471	78.3638	-169.724
374.0288	78.1597	-174.647
376.7298	77.9469	-179.390
379.4504	77.7568	175.805
382.1906	77.6052	170.965
384.9506	77.4259	165.619
387.7305	77.2170	160.087
390.5305	76.9332	154.541
393.3508	76.5850	149.148
396.1914	76.2286	144.106
399.0525	75.8927	139.149
401.9342	75.5490	134.190
404.8368	75.1618	129.035
407.7604	74.6968	124.285
410.7050	74.2040	120.048
413.6709	73.7628	116.279
416.6583	73.3507	112.502
419.6672	72.9631	108.973
422.6978	72.5961	105.952
425.7503	72.3208	102.873
428.8249	72.1753	99.641
431.9217	72.0540	95.689
435.0408	71.9971	91.134
438.1825	71.9271	85.091
441.3468	71.6178	78.296
444.5340	71.1258	71.268
447.7442	70.4300	65.037
450.9776	69.4883	59.900
454.2344	68.6710	57.186
457.5146	67.9935	54.344
460.8186	67.3867	51.413
464.1464	66.7348	48.481
467.4983	66.0732	45.792
470.8743	65.2380	43.302
474.2747	64.3806	42.057
477.6997	63.5803	42.055
481.1495	62.8900	44.402
484.6241	62.3993	46.552
488.1238	62.2079	49.146
491.6488	62.1350	51.350
495.1993	62.0880	53.281
498.7754	62.3646	55.844
502.3773	62.7814	57.181
506.0052	63.4094	56.843
509.6593	64.0423	54.405
513.3399	64.4235	51.894
517.0470	64.7763	48.906
520.7808	65.0581	45.675
524.5417	65.2886	42.825
528.3297	65.5324	39.208
532.1450	65.5679	36.462
535.9879	65.6316	34.689
539.8586	65.7671	34.203
543.7572	66.2646	34.729
547.6839	67.1191	33.238
551.6390	67.7896	29.918
555.6227	68.4517	27.773
559.6352	69.4106	25.539
563.6766	70.5292	21.315
567.7472	71.6862	15.142
571.8472	72.7478	7.385
575.9768	73.6559	-1.433
580.1362	74.4807	-10.693
584.3257	75.1940	-20.671
588.5454	75.8353	-31.189
592.7956	76.3399	-42.388
597.0765	76.6651	-54.013
601.3883	76.8814	-65.520
605.7313	77.0007	-76.849
610.1056	77.0228	-88.348
614.5115	76.9325	-99.771
618.9492	76.7301	-110.796
623.4189	76.4712	-121.741
627.9210	76.1006	-132.351
632.4555	75.6007	-142.467
637.0228	75.0092	-150.640
641.6231	74.7519	-156.821
646.2566	74.9198	-165.395
650.9236	74.8329	-176.234
655.6242	74.5652	173.297
660.3588	74.2780	162.279
665.1276	73.8569	150.740
669.9309	73.1792	139.137
674.7688	72.3625	128.433
679.6417	71.3968	118.720
684.5497	70.4362	110.043
689.4932	69.3653	101.662
694.4724	68.1856	94.749
699.4876	67.0313	89.497
704.5389	65.8755	85.164
709.6268	64.6640	84.857
714.7514	64.1538	88.344
719.9130	64.6021	90.884
725.1118	65.5668	89.597
730.3483	66.7377	84.028
735.6225	67.7429	75.118
740.9348	68.5963	65.102
746.2855	69.4544	53.099
751.6748	70.2072	39.049
757.1030	70.7656	22.869
762.5705	70.9825	6.042
768.0774	71.0165	-10.595
773.6241	70.8573	-27.418
779.2109	70.6695	-43.570
784.8380	70.4293	-59.030
790.5057	70.1431	-73.859
796.2143	70.0003	-86.900
801.9642	70.1927	-99.009
807.7556	70.9312	-111.413
813.5889	72.0717	-126.859
819.4642	73.1309	-145.793
825.3820	74.0077	-166.174
831.3425	74.6616	172.833
837.3461	75.1838	150.653
843.3930	75.2712	128.072
849.4836	74.9617	106.694
855.6182	74.3536	87.918
861.7970	73.6872	72.427
868.0205	73.2277	59.410
874.2890	73.1108	47.162
880.6027	73.2669	34.261
886.9620	73.3948	19.650
893.3672	73.3629	4.837
899.8187	73.3658	-9.578
906.3167	73.4418	-25.698
912.8617	73.1478	-44.861
919.4540	71.9908	-64.930
926.0938	69.9035	-81.817
932.7817	66.9124	-92.431
939.5178	63.1596	-88.209
946.3025	61.9982	-56.649
953.1363	66.6929	-43.769
960.0194	70.2366	-56.842
966.9522	72.3324	-74.114
973.9351	73.5961	-92.808
980.9684	74.2925	-110.874
988.0524	74.7290	-128.010
995.1877	75.0755	-144.549
1002.3745	75.4343	-162.460
1009.6131	75.3838	177.826
1016.9041	74.8462	158.503
1024.2477	73.8306	140.999
1031.6443	72.7648	126.817
1039.0944	71.9903	113.723
1046.5982	71.1493	98.148
1054.1563	69.7730	81.402
1061.7689	67.6464	65.529
1069.4365	64.5095	51.943
1077.1594	59.3560	44.400
1084.9382	50.2098	114.625
1092.7731	63.1418	143.181
1100.6646	68.0602	117.103
1108.6131	69.7250	90.867
1116.6190	69.9181	69.457
1124.6827	69.3096	53.228
1132.8046	68.4234	43.334
1140.9852	67.9022	37.350
1149.2248	67.4626	35.543
1157.5240	68.0425	39.414
1165.8831	70.3842	41.207
1174.3025	73.4359	31.208
1182.7828	75.8337	13.475
1191.3243	77.4990	-6.979
1199.9275	78.7341	-27.465
1208.5928	79.8161	-48.861
1217.3207	80.5976	-72.253
1226.1116	80.9374	-96.449
1234.9660	80.8412	-121.306
1243.8843	80.1773	-145.628
1252.8671	79.0049	-167.606
1261.9147	77.7219	174.118
1271.0276	76.6167	157.398
1280.2064	75.4749	140.202
1289.4515	74.0073	122.698
1298.7633	72.0018	105.943
1308.1423	68.8990	92.831
1317.5891	64.9536	97.731
1327.1041	65.1612	120.008
1336.6878	67.7060	118.943
1346.3408	69.2126	107.485
1356.0634	69.5568	93.407
1365.8563	68.9171	87.011
1375.7198	69.8030	89.723
1385.6546	72.4099	84.414
1395.6612	74.8219	69.500
1405.7400	76.6893	50.711
1415.8916	78.1528	30.127
1426.1165	79.3488	8.581
1436.4152	80.3431	-14.601
1446.7883	81.0309	-39.423
1457.2363	81.1761	-65.090
1467.7598	80.9109	-89.092
1478.3593	80.5935	-111.609
1489.0353	80.2361	-134.075
1499.7884	79.7633	-156.290
1510.6192	79.3317	-178.968
1521.5282	78.6045	155.985
1532.5159	77.1844	130.580
1543.5830	75.2087	108.458
1554.7301	72.9512	88.424
1565.9576	69.7797	71.231
1577.2662	65.0968	71.481
1588.6565	65.4723	101.921
1600.1290	69.9829	94.116
1611.6844	72.0155	71.456
1623.3232	73.1779	48.200
1635.0461	73.8515	22.446
1646.8536	73.8716	-4.691
1658.7464	73.0482	-31.878
1670.7251	71.7259	-54.528
1682.7903	70.0488	-74.215
1694.9426	68.4898	-82.491
1707.1827	69.3904	-90.805
1719.5111	70.7182	-108.018
1731.9286	72.2359	-131.160
1744.4358	73.6513	-161.694
1757.0333	74.3092	160.717
1769.7218	73.6133	122.131
1782.5019	72.5032	91.165
1795.3743	73.1021	60.284
1808.3396	73.9022	15.219
1821.3986	73.3474	-37.445
1834.5519	71.2989	-88.371
1847.8001	69.3779	-133.769
1861.1441	67.8442	175.587
1874.5844	65.5464	119.947
1888.1218	63.2681	66.830
1901.7569	63.5239	13.840
1915.4905	65.2259	-42.092
1929.3232	66.7301	-89.436
1943.2559	69.1768	-125.845
1957.2892	71.9200	-166.687
1971.4238	73.4512	152.115
1985.6605	74.5695	117.586
2000.0000	76.0649	81.905
2014.4431	76.5700	45.347
2028.9904	77.4767	16.778
2043.6428	79.2338	-21.921
2058.4011	79.4066	-66.811
2073.2659	78.1932	-108.465
2088.2380	76.2933	-145.068
2103.3183	73.9033	-176.120
2118.5075	71.2336	155.402
2133.8063	66.4281	144.798
2149.2157	68.4416	155.603
2164.7363	70.4550	126.891
2180.3690	69.9898	103.834
2196.1146	71.6895	95.052
2211.9739	75.6685	60.227
2227.9477	76.9417	10.258
2244.0369	75.8078	-38.157
2260.2423	73.4073	-75.712
2276.5647	71.4974	-106.749
2293.0050	69.1517	-133.073
2309.5640	69.1029	-143.203
2326.2426	72.1838	-179.862
2343.0416	72.6984	128.085
2359.9619	71.7824	71.975
2377.0045	67.2928	15.168
2394.1701	60.6276	-0.917
2411.4596	62.8093	1.342
2428.8741	64.9308	-39.174
2446.4142	65.6823	-84.074
2464.0811	63.8641	-123.151
2481.8755	64.2404	-154.707
2499.7985	61.7568	146.745
2517.8508	44.5378	-94.444
2536.0336	66.2689	-142.834
2554.3476	73.3449	155.029
2572.7939	75.7882	89.304
2591.3734	75.1404	37.235
2610.0871	75.8902	-0.185
2628.9359	77.3150	-48.989
2647.9208	77.1993	-102.573
2667.0429	76.5173	-155.175
2686.3030	74.2421	147.712
2705.7022	70.4772	100.950
2725.2415	66.1614	62.191
2744.9219	64.4703	36.154
2764.7445	64.3910	-16.377
2784.7101	64.3070	-94.269
2804.8200	64.6207	168.043
2825.0751	65.1040	82.333
2845.4765	64.4597	18.211
2866.0251	68.0809	-36.231
2886.7222	70.5222	-114.660
2907.5688	72.3676	164.940
2928.5659	73.8058	83.669
2949.7146	74.5962	5.297
2971.0160	73.5855	-69.395
2992.4713	71.8068	-128.885
3014.0815	70.6472	177.951
3035.8478	68.2308	117.397
3057.7713	62.9280	67.744
3079.8531	59.1086	69.413
3102.0943	59.7783	32.731
3124.4962	57.5307	6.317
3147.0598	60.7218	-13.892
3169.7864	58.4976	-62.812
3192.6771	59.4572	-73.458
3215.7331	64.7014	-88.622
3238.9556	71.4479	-153.241
3262.3458	74.2021	128.116
3285.9049	74.4351	57.530
3309.6342	74.2534	-6.491
3333.5348	73.3973	-65.470
3357.6080	72.0994	-118.897
3381.8551	70.8005	-158.990
3406.2773	71.5184	159.523
3430.8758	71.9070	113.076
3455.6520	71.8628	64.850
3480.6071	71.1713	13.055
3505.7424	68.7710	-34.295
3531.0592	65.3494	-64.758
3556.5588	67.0665	-78.832
3582.2426	66.5289	-119.761
3608.1119	67.5292	-140.730
3634.1680	71.4392	169.259
3660.4122	68.6566	113.728
3686.8460	70.5702	87.742
3713.4706	72.1094	22.303
3740.2876	69.6455	-52.982
3767.2982	57.5186	-163.552
3794.5038	64.4232	-3.180
3821.9059	69.9648	-76.665
3849.5060	69.8931	-150.391
3877.3053	69.4114	140.192
3905.3053	65.1767	67.837
3933.5076	59.4382	-51.063
3961.9136	68.4638	172.155
3990.5246	72.1336	63.326
4019.3423	70.9358	-13.082
4048.3681	67.7827	-78.882
4077.6035	65.4505	-92.980
4107.0501	70.4034	-175.934
4136.7092	68.1071	78.335
4166.5826	64.1505	-45.606
4196.6717	65.2827	-147.766
4226.9781	67.9747	125.033
4257.5033	69.0443	40.481
4288.2490	65.9013	-42.757
4319.2167	59.4175	-111.602
4350.4081	53.5738	78.878
4381.8247	67.1127	-62.504
4413.4681	72.1732	-163.910
4445.3401	72.7584	88.335
4477.4423	69.5105	-14.205
4509.7763	61.4164	-94.730
4542.3437	65.0586	158.755
4575.1464	63.4466	28.756
4608.1860	58.1321	-62.222
4641.4641	62.6119	-112.923
4674.9826	64.4862	154.023
4708.7431	62.6758	60.448
4742.7474	64.0629	-7.551
4776.9973	64.9811	-100.573
4811.4945	64.2878	-177.830
4846.2409	65.0877	69.056
4881.2381	60.3081	-74.143
4916.4881	62.9713	161.535
4951.9927	66.1783	48.426
4987.7537	68.8210	-68.865
5023.7729	64.3396	-179.564
5060.0522	41.9067	-163.473
5096.5935	50.1789	163.873
5133.3987	64.0804	83.727
5170.4697	64.4193	2.823
5207.8084	68.7427	-76.005
5245.4167	69.1958	163.106
5283.2966	67.2396	24.905
5321.4501	65.4963	-116.308
5359.8791	68.2421	106.822
5398.5856	70.0237	-22.718
5437.5717	71.0310	-138.239
5476.8393	69.8976	102.686
5516.3904	69.2510	-59.480
5556.2272	68.3997	86.276
5596.3516	65.0550	-95.343
5636.7659	66.0259	-93.868
5677.4719	68.3892	130.145
5718.4720	63.6053	74.722
5759.7681	60.6452	-22.393
5801.3624	65.0460	-97.285
5843.2571	66.8369	178.808
5885.4544	70.5206	17.301
5927.9563	61.7569	169.932
5970.7652	65.3382	-129.014
6013.8833	62.6241	57.113
6057.3127	59.2683	-67.379
6101.0558	61.5149	177.783
6145.1147	64.7613	64.201
6189.4919	61.7651	-72.402
6234.1894	64.4404	-109.406
6279.2098	64.3672	87.386
6324.5553	57.1721	43.961
6370.2283	57.5049	-94.101
6416.2311	51.3982	92.221
6462.5661	58.1044	-84.783
6509.2357	53.9297	-24.686
6556.2423	61.5627	137.597
6603.5884	55.4300	-13.454
6651.2764	56.6408	121.625
6699.3088	59.4721	-26.994
6747.6880	59.8217	173.080
6796.4167	60.9533	94.189
6845.4972	58.2152	-31.401
6894.9321	59.4576	-86.453
6944.7241	64.7059	120.638
6994.8756	59.9198	-55.265
7045.3893	54.3998	-89.979
7096.2678	59.2008	-168.493
7147.5137	52.4214	50.084
7199.1297	41.3971	7.352
7251.1184	55.2652	-58.729
7303.4825	55.3942	62.229
7356.2249	59.6221	-148.322
7409.3480	60.8191	19.264
7462.8549	56.2897	34.744
7516.7481	63.1753	-110.008
7571.0305	52.4436	136.086
7625.7049	60.2714	24.826
7680.7742	53.7047	-166.678
7736.2411	60.5424	-68.091
7792.1086	61.9572	-95.295
7848.3795	62.0634	103.205
7905.0568	63.6170	-17.908
7962.1434	60.9942	-92.736
8019.6423	48.9546	156.318
8077.5563	62.9711	177.910
8135.8886	65.0385	21.932
8194.6422	51.2758	-107.522
8253.8200	59.9636	-165.667
8313.4252	63.3740	24.867
8373.4609	61.0392	177.590
8433.9301	62.9240	21.254
8494.8359	58.2857	-158.477
8556.1816	57.5442	120.229
8617.9704	56.0097	1.595
8680.2053	57.1113	141.817
8742.8896	51.2809	18.028
8806.0267	55.3223	0.510
8869.6196	65.0593	-168.724
8933.6718	62.5338	31.890
8998.1866	58.4430	-171.380
9063.1673	63.8132	-20.948
9128.6172	59.3559	151.574
9194.5398	60.2347	60.040
9260.9384	59.5414	-72.573
9327.8165	55.2788	119.381
9395.1776	56.4124	80.788
9463.0252	60.4824	-119.791
9531.3627	62.9989	120.854
9600.1937	57.3710	66.302
9669.5218	66.6937	-96.330
9739.3505	61.3133	86.723
9809.6835	61.9217	-17.332
9880.5244	51.9885	72.760
9951.8769	60.1275	-126.482
10023.7447	52.4251	139.466
10096.1314	58.5304	22.709
10169.0409	58.7477	177.122
10242.4770	58.6475	43.598
10316.4433	60.9020	-147.264
10390.9438	50.0146	10.098
10465.9823	57.2017	-81.200
10541.5627	60.2055	67.487
10617.6889	58.2846	-153.584
10694.3648	60.3256	50.517
10771.5945	59.1009	-121.614
10849.3819	28.6407	-0.821
10927.7310	51.1178	66.367
11006.6459	57.7045	-66.154
11086.1307	51.4469	-108.802
11166.1895	56.9173	83.473
11246.8265	31.2194	-94.299
11328.0458	58.2858	-154.273
11409.8516	43.6061	172.993
11492.2482	57.5599	-67.593
11575.2398	59.3413	6.681
11658.8307	59.2437	151.734
11743.0253	54.9772	-89.415
11827.8279	46.1604	3.013
11913.2429	54.6839	-52.547
11999.2747	61.9392	98.698
12085.9278	57.3312	-47.267
12173.2067	58.7083	179.861
12261.1158	51.3217	66.926
12349.6598	52.9903	-66.145
12438.8433	54.8020	176.017
12528.6707	53.4802	10.294
12619.1469	51.4691	-124.849
12710.2764	52.4313	94.304
12802.0640	53.8462	-141.459
12894.5145	46.1437	26.557
12987.6326	48.7445	143.409
13081.4232	55.3667	4.181
13175.8911	55.9024	132.710
13271.0411	52.1039	24.070
13366.8784	45.7889	-158.262
13463.4076	44.1001	139.345
13560.6340	46.5346	-128.083
13658.5625	48.1782	-127.186
13757.1982	48.4534	147.943
13856.5462	52.6653	-99.677
13956.6117	52.1221	82.680
14057.3998	45.9029	178.139
14158.9157	48.3408	178.271
14261.1647	38.1119	65.278
14364.1521	31.2527	-167.144
14467.8833	40.2635	179.329
14572.3635	34.6886	143.700
14677.5982	42.9746	38.064
14783.5929	43.3927	109.752
14890.3531	48.1428	108.641
14997.8842	46.3448	-43.693
15106.1918	46.3655	98.146
15215.2816	51.6325	-137.999
15325.1592	46.6391	-53.335
15435.8303	38.7586	23.996
15547.3006	42.6103	-127.139
15659.5759	39.9364	17.242
15772.6620	25.9091	6.733
15886.5647	43.9497	-18.653
16001.2900	33.4232	-78.349
16116.8438	35.8015	-7.986
16233.2320	36.0761	-64.217
16350.4608	35.9749	43.048
16468.5361	46.3165	-108.210
16587.4641	39.2939	23.686
16707.2509	38.1066	172.950
16827.9028	33.9402	-177.523
16949.4260	42.6210	-16.674
17071.8268	35.6052	127.137
17195.1115	39.6876	-111.120
17319.2865	46.3828	75.495
17444.3582	41.8713	-96.079
17570.3331	41.4849	47.501
17697.2178	37.5934	-64.189
17825.0188	25.7584	12.770
17953.7426	26.8712	-162.145
18083.3961	21.8895	170.132
18213.9859	39.6101	-164.353
18345.5187	27.9277	-35.665
18478.0014	31.0355	11.359
18611.4408	40.2320	40.378
18745.8439	37.5128	67.935
18881.2175	33.3400	49.889
19017.5688	35.9482	-28.728
19154.9047	42.5668	5.908
19293.2324	36.2955	17.042
19432.5590	29.3084	-132.830
19572.8918	32.2431	74.883
19714.2380	33.0624	-59.267
19856.6050	20.3494	63.348
20000.0000	23.9073	124.757
