* Helix DSP Ultra S, output layer — Butterworth 42 dB/oct at 1000 Hz, low-pass only.
* ELECTRICAL loop, no microphone: Scarlett 2i2 out L -> Helix line in,
* Helix line out -> Scarlett in 1; out R -> in 2 direct as the timing
* reference, timing offset 0. Everything else in the channel off; no gain,
* level or routing changed within a set, so the ratio to '-bypass' is the
* filter alone.
* REW V5.40 beta 132 measurement 'bw42-1k-lp', 2026-Aug-31 12:43:39, 512k sweep, 1 average, -20 dBFS, 96 kHz,
* 10 Hz - 30 kHz, loopback timing reference. SNR 29.2 dB, delay 1.2112 ms.
* Levels are REW's electrical dB (splOffset 102.34); only ratios within a set carry meaning.
* frequency_Hz<TAB>dB<TAB>phase_deg — REW's unsmoothed magnitude with phase from the impulse response, resampled to 1/96 octave
20.0000	87.0248	51.916
20.1449	87.0445	51.446
20.2909	87.0634	50.973
20.4379	87.0823	50.496
20.5860	87.1009	50.052
20.7352	87.1191	49.636
20.8855	87.1373	49.216
21.0368	87.1550	48.794
21.1893	87.1728	48.369
21.3428	87.1905	47.941
21.4975	87.2082	47.509
21.6532	87.2259	47.075
21.8102	87.2435	46.637
21.9682	87.2612	46.196
22.1274	87.2784	45.752
22.2877	87.2956	45.304
22.4492	87.3121	44.854
22.6119	87.3283	44.400
22.7758	87.3440	43.943
22.9408	87.3589	43.483
23.1071	87.3736	43.019
23.2745	87.3874	42.552
23.4432	87.4013	42.085
23.6130	87.4147	41.722
23.7841	87.4282	41.357
23.9565	87.4420	40.989
24.1301	87.4558	40.618
24.3049	87.4700	40.245
24.4811	87.4843	39.869
24.6585	87.4987	39.490
24.8372	87.5132	39.109
25.0171	87.5272	38.724
25.1984	87.5410	38.337
25.3810	87.5539	37.948
25.5649	87.5663	37.555
25.7502	87.5778	37.159
25.9368	87.5888	36.761
26.1247	87.5992	36.360
26.3141	87.6094	35.956
26.5047	87.6198	35.578
26.6968	87.6304	35.210
26.8903	87.6418	34.838
27.0851	87.6536	34.464
27.2814	87.6665	34.088
27.4791	87.6796	33.708
27.6782	87.6931	33.326
27.8788	87.7064	32.941
28.0808	87.7193	32.553
28.2843	87.7314	32.163
28.4892	87.7426	31.769
28.6957	87.7526	31.373
28.9036	87.7620	30.974
29.1131	87.7705	30.572
29.3240	87.7789	30.175
29.5365	87.7874	29.830
29.7506	87.7963	29.482
29.9661	87.8058	29.131
30.1833	87.8160	28.778
30.4020	87.8266	28.423
30.6223	87.8374	28.065
30.8442	87.8482	27.704
31.0677	87.8588	27.340
31.2929	87.8688	26.974
31.5196	87.8787	26.606
31.7480	87.8882	26.235
31.9781	87.8978	25.861
32.2098	87.9073	25.484
32.4432	87.9168	25.149
32.6783	87.9263	24.815
32.9151	87.9355	24.478
33.1536	87.9441	24.139
33.3939	87.9524	23.798
33.6359	87.9601	23.454
33.8796	87.9677	23.107
34.1251	87.9754	22.758
34.3724	87.9835	22.407
34.6215	87.9920	22.053
34.8723	88.0005	21.696
35.1250	88.0090	21.337
35.3796	88.0163	21.001
35.6359	88.0227	20.665
35.8942	88.0281	20.327
36.1543	88.0326	19.987
36.4163	88.0375	19.644
36.6802	88.0429	19.299
36.9460	88.0497	18.951
37.2137	88.0578	18.601
37.4834	88.0663	18.248
37.7550	88.0748	17.892
38.0286	88.0822	17.534
38.3041	88.0883	17.211
38.5817	88.0938	16.896
38.8613	88.0991	16.578
39.1429	88.1052	16.258
39.4265	88.1128	15.935
39.7122	88.1212	15.610
40.0000	88.1298	15.283
40.2899	88.1378	14.954
40.5818	88.1434	14.622
40.8759	88.1472	14.288
41.1721	88.1503	13.960
41.4704	88.1535	13.637
41.7710	88.1579	13.312
42.0736	88.1645	12.985
42.3785	88.1724	12.655
42.6856	88.1803	12.323
42.9949	88.1873	11.988
43.3065	88.1928	11.651
43.6203	88.1969	11.312
43.9364	88.2000	10.970
44.2548	88.2035	10.655
44.5755	88.2076	10.338
44.8985	88.2124	10.019
45.2238	88.2177	9.698
45.5515	88.2231	9.375
45.8816	88.2287	9.049
46.2141	88.2342	8.720
46.5490	88.2395	8.390
46.8863	88.2446	8.057
47.2261	88.2491	7.750
47.5683	88.2531	7.440
47.9130	88.2573	7.127
48.2602	88.2621	6.813
48.6099	88.2676	6.496
48.9621	88.2734	6.177
49.3169	88.2785	5.855
49.6743	88.2824	5.531
50.0343	88.2852	5.212
50.3968	88.2879	4.893
50.7620	88.2915	4.572
51.1299	88.2964	4.249
51.5004	88.3019	3.924
51.8736	88.3067	3.596
52.2495	88.3101	3.266
52.6281	88.3121	2.933
53.0095	88.3139	2.619
53.3936	88.3168	2.311
53.7805	88.3211	2.001
54.1702	88.3259	1.688
54.5628	88.3302	1.374
54.9581	88.3336	1.056
55.3564	88.3369	0.737
55.7575	88.3411	0.417
56.1616	88.3460	0.102
56.5685	88.3506	-0.215
56.9785	88.3534	-0.534
57.3914	88.3542	-0.856
57.8072	88.3540	-1.180
58.2261	88.3547	-1.507
58.6481	88.3577	-1.834
59.0730	88.3622	-2.148
59.5011	88.3670	-2.464
59.9323	88.3715	-2.783
60.3666	88.3757	-3.104
60.8040	88.3799	-3.428
61.2446	88.3836	-3.753
61.6884	88.3863	-4.076
62.1355	88.3880	-4.392
62.5857	88.3893	-4.710
63.0392	88.3911	-5.030
63.4960	88.3936	-5.352
63.9562	88.3966	-5.677
64.4196	88.3997	-6.004
64.8864	88.4027	-6.326
65.3566	88.4053	-6.649
65.8302	88.4077	-6.974
66.3073	88.4102	-7.302
66.7877	88.4136	-7.633
67.2717	88.4170	-7.965
67.7592	88.4190	-8.288
68.2502	88.4187	-8.608
68.7448	88.4185	-8.932
69.2429	88.4212	-9.257
69.7447	88.4268	-9.585
70.2501	88.4318	-9.915
70.7591	88.4337	-10.243
71.2719	88.4340	-10.572
71.7884	88.4358	-10.904
72.3086	88.4401	-11.238
72.8325	88.4447	-11.574
73.3603	88.4482	-11.912
73.8919	88.4507	-12.246
74.4274	88.4526	-12.583
74.9667	88.4535	-12.923
75.5099	88.4534	-13.265
76.0571	88.4532	-13.609
76.6083	88.4544	-13.945
77.1634	88.4574	-14.280
77.7226	88.4604	-14.618
78.2858	88.4619	-14.958
78.8531	88.4620	-15.301
79.4245	88.4633	-15.640
80.0000	88.4670	-15.976
80.5797	88.4702	-16.315
81.1636	88.4706	-16.656
81.7518	88.4714	-17.000
82.3442	88.4749	-17.346
82.9409	88.4787	-17.693
83.5419	88.4802	-18.044
84.1473	88.4815	-18.397
84.7570	88.4847	-18.752
85.3712	88.4862	-19.103
85.9899	88.4838	-19.453
86.6130	88.4839	-19.806
87.2406	88.4896	-20.161
87.8728	88.4951	-20.519
88.5096	88.4941	-20.878
89.1509	88.4928	-21.240
89.7970	88.4963	-21.604
90.4477	88.4997	-21.971
91.1031	88.4958	-22.334
91.7633	88.4919	-22.690
92.4282	88.4964	-23.048
93.0980	88.5037	-23.409
93.7726	88.5034	-23.773
94.4521	88.5006	-24.135
95.1366	88.5054	-24.500
95.8260	88.5110	-24.868
96.5204	88.5107	-25.238
97.2198	88.5124	-25.617
97.9243	88.5200	-26.001
98.6339	88.5234	-26.388
99.3486	88.5190	-26.778
100.0685	88.5158	-27.158
100.7937	88.5175	-27.534
101.5241	88.5211	-27.913
102.2598	88.5242	-28.295
103.0008	88.5246	-28.681
103.7472	88.5245	-29.071
104.4990	88.5269	-29.464
105.2562	88.5282	-29.860
106.0189	88.5272	-30.248
106.7872	88.5282	-30.636
107.5610	88.5306	-31.027
108.3404	88.5315	-31.420
109.1255	88.5312	-31.816
109.9163	88.5317	-32.213
110.7128	88.5348	-32.614
111.5151	88.5386	-33.017
112.3231	88.5388	-33.419
113.1371	88.5366	-33.824
113.9569	88.5374	-34.233
114.7827	88.5428	-34.645
115.6145	88.5460	-35.060
116.4523	88.5440	-35.478
117.2961	88.5437	-35.898
118.1461	88.5448	-36.311
119.0022	88.5466	-36.726
119.8646	88.5489	-37.145
120.7332	88.5483	-37.571
121.6080	88.5510	-38.002
122.4893	88.5546	-38.437
123.3769	88.5529	-38.869
124.2709	88.5523	-39.296
125.1714	88.5515	-39.726
126.0785	88.5508	-40.159
126.9921	88.5538	-40.594
127.9123	88.5547	-41.032
128.8392	88.5526	-41.474
129.7728	88.5551	-41.913
130.7132	88.5566	-42.355
131.6604	88.5563	-42.800
132.6145	88.5614	-43.256
133.5755	88.5620	-43.717
134.5434	88.5636	-44.181
135.5184	88.5661	-44.639
136.5004	88.5640	-45.099
137.4895	88.5668	-45.561
138.4858	88.5672	-46.029
139.4894	88.5668	-46.501
140.5002	88.5646	-46.977
141.5183	88.5610	-47.440
142.5438	88.5658	-47.904
143.5767	88.5690	-48.372
144.6171	88.5693	-48.866
145.6651	88.5768	-49.363
146.7206	88.5771	-49.860
147.7838	88.5735	-50.345
148.8547	88.5752	-50.834
149.9334	88.5759	-51.327
151.0199	88.5790	-51.824
152.1142	88.5782	-52.325
153.2165	88.5798	-52.832
154.3268	88.5804	-53.344
155.4451	88.5787	-53.857
156.5715	88.5754	-54.359
157.7061	88.5822	-54.864
158.8489	88.5838	-55.376
160.0000	88.5776	-55.892
161.1594	88.5839	-56.413
162.3273	88.5843	-56.944
163.5035	88.5833	-57.479
164.6884	88.5845	-58.014
165.8818	88.5850	-58.549
167.0838	88.5892	-59.089
168.2946	88.5850	-59.636
169.5141	88.5895	-60.187
170.7425	88.5837	-60.725
171.9797	88.5858	-61.259
173.2260	88.5864	-61.804
174.4812	88.5915	-62.367
175.7456	88.5916	-62.934
177.0191	88.5916	-63.500
178.3019	88.5918	-64.071
179.5939	88.5923	-64.640
180.8953	88.5977	-65.211
182.2062	88.5943	-65.797
183.5265	88.6073	-66.401
184.8564	88.5885	-66.999
186.1960	88.5971	-67.564
187.5452	88.5973	-68.133
188.9043	88.6004	-68.747
190.2731	88.5971	-69.365
191.6519	88.5967	-69.964
193.0407	88.5980	-70.565
194.4396	88.5982	-71.176
195.8486	88.5975	-71.792
197.2678	88.5963	-72.403
198.6972	88.6008	-73.014
200.1371	88.6006	-73.639
201.5874	88.6030	-74.274
203.0482	88.6010	-74.919
204.5195	88.6052	-75.571
206.0016	88.5989	-76.205
207.4943	88.6028	-76.828
208.9979	88.6045	-77.478
210.5124	88.6104	-78.145
212.0379	88.6068	-78.802
213.5744	88.6024	-79.459
215.1220	88.6068	-80.132
216.6809	88.6070	-80.811
218.2510	88.6070	-81.489
219.8326	88.6053	-82.171
221.4256	88.6116	-82.848
223.0301	88.6063	-83.537
224.6463	88.6152	-84.254
226.2742	88.5982	-84.954
227.9138	88.6050	-85.628
229.5654	88.6100	-86.325
231.2289	88.6069	-87.038
232.9045	88.6095	-87.761
234.5922	88.6121	-88.488
236.2922	88.6079	-89.213
238.0045	88.6084	-89.939
239.7291	88.6080	-90.665
241.4663	88.6158	-91.415
243.2161	88.6130	-92.179
244.9785	88.6085	-92.931
246.7537	88.6104	-93.683
248.5418	88.6112	-94.430
250.3428	88.6149	-95.183
252.1569	88.6085	-95.941
253.9842	88.6185	-96.710
255.8246	88.6181	-97.500
257.6785	88.6160	-98.310
259.5457	88.6063	-99.067
261.4265	88.6182	-99.865
263.3209	88.6246	-100.741
265.2290	88.6144	-101.364
267.1510	88.6432	-102.072
269.0869	88.6443	-103.132
271.0368	88.6443	-103.957
273.0008	88.6177	-104.749
274.9791	88.6176	-105.635
276.9717	88.6301	-106.469
278.9788	88.6248	-107.317
281.0003	88.6206	-108.218
283.0366	88.6126	-109.060
285.0876	88.6232	-109.903
287.1535	88.6229	-110.759
289.2343	88.6231	-111.661
291.3302	88.6204	-112.550
293.4413	88.6210	-113.439
295.5677	88.6219	-114.350
297.7095	88.6254	-115.250
299.8668	88.6202	-116.152
302.0398	88.6216	-117.060
304.2285	88.6227	-117.989
306.4330	88.6259	-118.937
308.6536	88.6170	-119.860
310.8902	88.6237	-120.760
313.1431	88.6254	-121.740
315.4122	88.6270	-122.703
317.6978	88.6183	-123.654
320.0000	88.6291	-124.611
322.3189	88.6230	-125.599
324.6545	88.6254	-126.575
327.0071	88.6277	-127.575
329.3767	88.6257	-128.572
331.7635	88.6201	-129.567
334.1676	88.6272	-130.575
336.5891	88.6305	-131.612
339.0282	88.6216	-132.640
341.4849	88.6256	-133.677
343.9595	88.6196	-134.706
346.4519	88.6223	-135.737
348.9625	88.6250	-136.810
351.4912	88.6193	-137.850
354.0383	88.6250	-138.947
356.6038	88.6224	-140.026
359.1879	88.6212	-141.097
361.7907	88.6275	-142.198
364.4124	88.6228	-143.312
367.0530	88.6308	-144.423
369.7129	88.6214	-145.559
372.3920	88.6233	-146.675
375.0905	88.6267	-147.823
377.8085	88.6211	-148.950
380.5463	88.6311	-150.109
383.3039	88.6223	-151.265
386.0814	88.6266	-152.450
388.8792	88.6246	-153.614
391.6971	88.6219	-154.826
394.5355	88.6188	-156.013
397.3945	88.6200	-157.219
400.2742	88.6245	-158.448
403.1747	88.6206	-159.662
406.0963	88.6265	-160.910
409.0390	88.6200	-162.146
412.0031	88.6247	-163.383
414.9887	88.6249	-164.651
417.9958	88.6241	-165.947
421.0248	88.6177	-167.217
424.0757	88.6224	-168.489
427.1488	88.6264	-169.813
430.2440	88.6213	-171.097
433.3618	88.6181	-172.444
436.5021	88.6134	-173.747
439.6652	88.6246	-175.101
442.8512	88.6222	-176.469
446.0602	88.6191	-177.822
449.2926	88.6200	-179.218
452.5483	88.6236	179.406
455.8277	88.6186	177.989
459.1308	88.6081	176.598
462.4579	88.6172	175.181
465.8090	88.6130	173.733
469.1845	88.6136	172.307
472.5844	88.6179	170.863
476.0089	88.6204	169.382
479.4583	88.6137	167.898
482.9326	88.6167	166.425
486.4321	88.6151	164.923
489.9570	88.6198	163.419
493.5075	88.6183	161.893
497.0836	88.6145	160.346
500.6857	88.6141	158.815
504.3139	88.6107	157.232
507.9683	88.6098	155.654
511.6493	88.6061	154.070
515.3569	88.6023	152.480
519.0914	88.6106	150.852
522.8529	88.6133	149.225
526.6418	88.6070	147.561
530.4580	88.6026	145.913
534.3019	88.6113	144.268
538.1737	88.6124	142.581
542.0735	88.6006	140.874
546.0016	88.6039	139.164
549.9582	88.5989	137.457
553.9434	88.5983	135.656
557.9575	88.5997	133.915
562.0007	88.6015	132.141
566.0732	88.6013	130.343
570.1752	88.6025	128.535
574.3069	88.5890	126.714
578.4686	88.5906	124.876
582.6604	88.5880	123.013
586.8826	88.5973	121.142
591.1354	88.5909	119.236
595.4190	88.5889	117.340
599.7336	88.5873	115.430
604.0796	88.5840	113.460
608.4570	88.5890	111.499
612.8661	88.5818	109.517
617.3072	88.5785	107.514
621.7804	88.5837	105.506
626.2861	88.5870	103.467
630.8244	88.5757	101.392
635.3957	88.5726	99.329
640.0000	88.5709	97.217
644.6377	88.5664	95.113
649.3090	88.5655	92.961
654.0142	88.5651	90.808
658.7534	88.5630	88.627
663.5270	88.5648	86.412
668.3352	88.5641	84.171
673.1783	88.5550	81.928
678.0564	88.5575	79.639
682.9699	88.5479	77.338
687.9189	88.5481	75.025
692.9039	88.5460	72.659
697.9249	88.5347	70.310
702.9824	88.5369	67.919
708.0765	88.5256	65.474
713.2075	88.5255	62.996
718.3757	88.5193	60.517
723.5814	88.5187	58.008
728.8247	88.5050	55.456
734.1061	88.5028	52.872
739.4257	88.4973	50.287
744.7839	88.4927	47.656
750.1809	88.4797	44.990
755.6170	88.4685	42.268
761.0926	88.4617	39.518
766.6077	88.4517	36.757
772.1629	88.4354	33.942
777.7583	88.4257	31.099
783.3943	88.4152	28.224
789.0711	88.3960	25.291
794.7890	88.3785	22.340
800.5484	88.3628	19.360
806.3495	88.3495	16.301
812.1926	88.3153	13.229
818.0781	88.2925	10.120
824.0062	88.2709	6.939
829.9773	88.2418	3.740
835.9917	88.2138	0.469
842.0496	88.1695	-2.835
848.1515	88.1392	-6.177
854.2975	88.0943	-9.597
860.4881	88.0458	-13.057
866.7236	88.0021	-16.546
873.0042	87.9498	-20.080
879.3303	87.8808	-23.652
885.7023	87.8133	-27.297
892.1205	87.7507	-30.971
898.5852	87.6749	-34.713
905.0967	87.5963	-38.475
911.6554	87.4929	-42.313
918.2616	87.3984	-46.185
924.9157	87.2954	-50.117
931.6180	87.1883	-54.046
938.3689	87.0616	-58.046
945.1687	86.9265	-62.086
952.0178	86.7905	-66.121
958.9165	86.6341	-70.240
965.8652	86.4718	-74.335
972.8643	86.3066	-78.491
979.9141	86.1227	-82.661
987.0149	85.9317	-86.882
994.1672	85.7369	-91.091
1001.3714	85.5236	-95.293
1008.6277	85.2972	-99.513
1015.9367	85.0600	-103.732
1023.2986	84.8122	-107.947
1030.7138	84.5501	-112.164
1038.1828	84.2628	-116.371
1045.7059	84.0065	-120.602
1053.2835	83.7171	-124.783
1060.9160	83.4035	-128.906
1068.6039	83.0958	-132.991
1076.3474	82.7687	-137.133
1084.1471	82.4683	-141.263
1092.0032	82.1203	-145.290
1099.9164	81.7860	-149.317
1107.8868	81.4337	-153.343
1115.9150	81.0747	-157.220
1124.0014	80.7052	-161.155
1132.1464	80.3517	-165.086
1140.3504	79.9711	-169.000
1148.6138	79.5941	-172.775
1156.9371	79.2057	-176.541
1165.3208	78.8424	179.775
1173.7652	78.4528	176.039
1182.2708	78.0546	172.417
1190.8380	77.6361	168.755
1199.4673	77.2365	165.160
1208.1591	76.8074	161.570
1216.9139	76.4001	158.045
1225.7322	75.9920	154.596
1234.6144	75.5867	150.914
1243.5609	75.1164	147.531
1252.5722	74.7745	144.038
1261.6489	74.3485	140.601
1270.7913	73.8712	137.218
1280.0000	73.4809	133.961
1289.2754	73.0543	130.909
1298.6180	72.5918	127.340
1308.0284	72.1298	124.105
1317.5069	71.7005	120.881
1327.0541	71.2928	117.698
1336.6704	70.8836	114.100
1346.3565	70.4499	111.017
1356.1128	70.0385	107.924
1365.9397	69.5797	104.766
1375.8379	69.0957	101.527
1385.8078	68.6525	98.817
1395.8499	68.1728	95.410
1405.9648	67.7986	92.455
1416.1530	67.3695	89.072
1426.4150	66.8379	86.110
1436.7514	66.5012	82.995
1447.1627	66.0230	80.170
1457.6495	65.4890	76.666
1468.2122	65.0433	74.018
1478.8515	64.6521	71.308
1489.5678	64.0239	67.890
1500.3618	63.6466	65.234
1511.2341	63.3150	61.995
1522.1851	62.8134	58.803
1533.2155	62.3133	55.998
1544.3258	61.8357	52.547
1555.5166	61.2473	49.347
1566.7885	61.0627	46.380
1578.1421	60.3847	43.346
1589.5780	60.1886	40.851
1601.0967	59.6466	37.580
1612.6989	58.8470	34.228
1624.3852	58.5796	30.700
1636.1562	58.4195	27.527
1648.0125	57.4672	23.848
1659.9546	57.2068	22.384
1671.9833	56.3583	18.922
1684.0992	56.0396	15.935
1696.3029	55.5922	11.217
1708.5950	55.2492	8.280
1720.9762	54.8656	6.066
1733.4471	54.5372	2.752
1746.0084	53.4796	-1.599
1758.6607	53.3174	-5.239
1771.4046	53.1331	-8.369
1784.2410	52.1495	-11.016
1797.1703	51.9549	-12.470
1810.1934	51.6156	-16.956
1823.3108	51.2844	-19.584
1836.5232	50.4289	-23.974
1849.8314	49.4368	-28.995
1863.2361	49.3720	-31.870
1876.7379	49.5110	-37.972
1890.3375	48.5607	-38.846
1904.0356	47.7386	-40.879
1917.8331	47.6079	-49.709
1931.7305	47.1473	-50.599
1945.7286	48.2878	-53.525
1959.8281	46.3596	-58.004
1974.0299	46.1698	-59.163
1988.3345	44.8408	-67.381
2002.7428	46.1245	-70.479
2017.2555	43.9058	-73.841
2031.8733	45.6130	-79.239
2046.5971	43.8731	-82.305
2061.4276	43.2273	-85.375
2076.3656	44.0481	-87.979
2091.4118	43.7824	-91.159
2106.5670	42.5665	-97.859
2121.8321	42.4461	-99.516
2137.2077	43.6630	-108.950
2152.6948	42.4776	-109.506
2168.2941	42.1290	-120.355
2184.0065	42.7021	-119.594
2199.8327	42.2219	-119.223
2215.7736	42.1837	-120.641
2231.8300	40.4100	-130.247
2248.0028	42.2068	-133.613
2264.2927	41.8491	-133.618
2280.7007	41.7051	-134.016
2297.2276	42.2167	-150.214
2313.8743	39.3968	-143.421
2330.6416	42.4096	-151.375
2347.5304	38.4437	-150.659
2364.5415	42.2519	-147.599
2381.6760	39.8025	-149.244
2398.9346	40.8894	-155.455
2416.3182	39.2053	-154.918
2433.8279	38.4404	-159.913
2451.4644	38.5399	-157.938
2469.2287	36.8284	-160.088
2487.1218	38.5652	-159.265
2505.1445	39.0126	-161.270
2523.2978	37.2336	-158.202
2541.5826	37.9390	-164.690
2560.0000	36.6010	-174.201
2578.5508	37.5237	-166.434
2597.2361	39.6189	-174.352
2616.0567	39.6319	175.147
2635.0137	37.7913	-170.131
2654.1081	35.1627	165.102
2673.3409	34.1312	174.807
2692.7130	39.5829	-172.791
2712.2255	37.6407	175.761
2731.8794	37.9472	178.810
2751.6758	38.8382	174.596
2771.6155	36.6328	179.041
2791.6998	36.4511	173.683
2811.9296	32.7162	170.965
2832.3060	36.8364	169.735
2852.8301	37.5692	166.196
2873.5028	33.7265	-164.844
2894.3254	34.7153	163.515
2915.2989	36.9843	178.068
2936.4244	39.7076	170.151
2957.7029	32.7102	174.724
2979.1356	34.9459	163.295
3000.7237	32.0453	167.236
3022.4682	35.1303	176.641
3044.3702	31.4669	165.461
3066.4310	36.5573	163.971
3088.6516	35.2734	168.700
3111.0332	34.2533	-176.434
3133.5771	36.0824	-176.909
3156.2843	37.4269	177.887
3179.1560	34.8143	173.873
3202.1935	32.0257	-179.162
3225.3979	30.4129	168.381
3248.7705	35.8083	-170.291
3272.3124	36.0916	166.063
3296.0249	35.4080	172.371
3319.9093	33.6562	-154.709
3343.9667	38.2665	-174.400
3368.1985	29.6993	-170.266
3392.6058	33.9632	-169.553
3417.1900	32.2468	-173.695
3441.9524	31.6091	-171.863
3466.8942	36.1489	-153.771
3492.0167	31.2430	-159.873
3517.3213	33.5128	-162.969
3542.8093	35.8415	-171.707
3568.4820	36.9372	-161.433
3594.3406	35.6991	-179.124
3620.3867	22.5985	-165.356
3646.6215	35.9761	-173.661
3673.0465	35.3154	-156.999
3699.6629	33.4607	-171.553
3726.4721	38.2871	-173.072
3753.4757	37.8536	-169.973
3780.6749	32.9168	-173.726
3808.0713	20.7571	-166.322
3835.6661	38.3359	-171.418
3863.4609	36.3274	-163.852
3891.4572	29.1133	178.500
3919.6563	29.2751	-167.952
3948.0597	29.1555	-171.024
3976.6690	36.1611	-178.811
4005.4856	39.7742	-170.386
4034.5110	36.9580	-160.149
4063.7467	35.9464	-172.867
4093.1943	33.4782	171.073
4122.8552	31.5027	168.133
4152.7312	36.4868	-162.081
4182.8236	36.4651	-161.841
4213.1340	37.3529	-171.635
4243.6641	31.2248	-161.850
4274.4155	35.5550	-165.793
4305.3896	36.0341	179.334
4336.5883	38.8997	-172.946
4368.0130	36.2881	-165.549
4399.6654	33.6400	-178.499
4431.5472	38.9203	-166.948
4463.6600	31.0627	-155.709
4496.0055	33.0625	173.278
4528.5854	34.6875	-164.393
4561.4014	32.8279	178.877
4594.4552	33.3770	-173.879
4627.7485	36.0050	-169.886
4661.2831	32.9464	-175.183
4695.0607	34.6657	-165.473
4729.0830	33.9141	-168.557
4763.3519	31.7781	179.934
4797.8691	27.9968	-175.335
4832.6365	38.1227	163.269
4867.6558	35.4024	-169.110
4902.9288	34.7245	-170.818
4938.4574	35.7225	170.098
4974.2435	32.9830	-157.727
5010.2890	30.7512	169.396
5046.5956	34.0575	174.283
5083.1653	31.7177	177.169
5120.0000	35.0822	-170.350
5157.1016	34.9477	-178.773
5194.4721	33.4586	179.158
5232.1134	30.3515	149.019
5270.0275	38.0403	166.023
5308.2162	33.7182	176.683
5346.6818	39.3880	-179.380
5385.4260	37.6859	-171.202
5424.4510	34.0070	-177.515
5463.7589	37.9260	-176.041
5503.3515	37.8875	177.877
5543.2311	38.8481	172.451
5583.3996	36.1498	-178.866
5623.8592	36.8062	-177.611
5664.6120	37.8655	161.212
5705.6601	38.1382	177.704
5747.0057	32.0919	178.225
5788.6509	33.8032	174.598
5830.5978	32.6080	177.657
5872.8487	34.9462	174.989
5915.4058	36.1630	178.812
5958.2713	38.7412	-175.765
6001.4474	33.8961	177.958
6044.9363	32.6402	-176.236
6088.7404	35.4670	-178.652
6132.8620	35.0487	164.412
6177.3032	33.7523	171.832
6222.0665	36.2604	164.107
6267.1541	34.4115	161.336
6312.5685	34.3406	166.002
6358.3120	35.0624	177.062
6404.3869	34.8673	177.273
6450.7958	38.0543	-178.264
6497.5409	34.8735	-178.983
6544.6248	35.1024	-165.105
6592.0498	37.4927	161.620
6639.8185	34.0175	-168.509
6687.9334	32.2132	-173.651
6736.3969	37.2394	174.236
6785.2116	29.1936	179.771
6834.3801	34.7276	170.627
6883.9048	32.1957	170.627
6933.7884	31.7484	-177.291
6984.0335	37.1967	154.153
7034.6427	26.0416	150.538
7085.6186	38.8125	-159.381
7136.9639	25.1215	-177.477
7188.6813	36.8226	-174.559
7240.7734	16.1162	167.081
7293.2431	29.5384	170.316
7346.0929	37.5302	-173.182
7399.3257	34.9421	168.118
7452.9443	36.7065	162.558
7506.9514	36.0639	-177.388
7561.3499	36.1647	166.188
7616.1425	37.1591	-172.360
7671.3322	38.6526	-179.723
7726.9219	32.7044	-170.925
7782.9143	39.9568	-168.658
7839.3125	34.5540	-175.459
7896.1194	34.9989	-175.835
7953.3380	32.9589	-154.755
8010.9711	33.1311	-129.259
8069.0219	36.0355	166.910
8127.4934	24.8170	127.802
8186.3886	30.7628	-163.845
8245.7105	35.0560	162.017
8305.4623	35.8870	168.678
8365.6471	35.8968	-179.855
8426.2680	26.7504	152.343
8487.3283	39.3672	-174.609
8548.8309	35.6275	177.443
8610.7793	30.8195	-171.054
8673.1765	36.2594	-161.236
8736.0260	36.2140	160.893
8799.3308	26.1027	-161.348
8863.0944	40.7180	177.182
8927.3200	32.9535	-156.774
8992.0111	29.4587	-174.260
9057.1709	27.9008	164.512
9122.8029	37.5274	156.423
9188.9105	30.9210	171.416
9255.4971	37.3463	-166.116
9322.5662	28.6056	172.924
9390.1214	26.3968	168.259
9458.1661	37.0587	-160.646
9526.7039	36.3920	-160.419
9595.7383	35.5543	169.941
9665.2730	39.8895	176.930
9735.3115	33.6644	150.991
9805.8576	38.6980	174.637
9876.9149	34.8758	-114.703
9948.4871	37.2357	-155.375
10020.5779	35.1605	160.348
10093.1912	28.8396	175.234
10166.3306	24.1088	148.518
10240.0000	32.9709	-159.500
10314.2033	31.2810	158.424
10388.9442	35.3603	-154.373
10464.2268	34.5958	-153.240
10540.0549	37.1367	161.711
10616.4325	29.0741	-146.816
10693.3635	16.7437	-124.181
10770.8521	34.9544	-136.197
10848.9021	35.2787	160.029
10927.5177	37.5163	177.075
11006.7030	25.6319	-129.773
11086.4621	32.4898	-178.040
11166.7992	31.7219	-138.148
11247.7184	37.3495	174.922
11329.2240	39.5823	161.679
11411.3202	29.1843	-157.722
11494.0114	31.6038	-174.020
11577.3017	34.2102	-150.742
11661.1956	35.9812	163.085
11745.6975	36.4981	174.340
11830.8116	32.1308	-178.994
11916.5426	35.1402	-170.919
12002.8947	31.2889	-137.028
12089.8727	27.1885	136.906
12177.4809	39.7092	-178.581
12265.7239	38.2503	-153.118
12354.6064	30.7370	-151.678
12444.1330	34.0639	-166.937
12534.3083	37.2177	155.759
12625.1370	33.2491	162.044
12716.6240	34.5557	-169.143
12808.7739	32.7664	-140.507
12901.5916	27.8772	-152.842
12995.0818	31.5296	-170.830
13089.2495	34.5514	-174.773
13184.0996	23.9141	-97.187
13279.6370	34.6382	-173.540
13375.8668	37.9005	176.926
13472.7938	33.3202	-160.460
13570.4232	27.2745	-179.346
13668.7601	31.4144	-159.869
13767.8096	35.3446	-70.616
13867.5768	33.8747	-141.239
13968.0670	33.0873	-162.879
14069.2853	35.3650	-127.473
14171.2372	38.9234	-172.389
14273.9278	34.9944	-123.931
14377.3626	34.2765	-150.482
14481.5469	25.8884	-149.264
14586.4861	21.7641	-156.495
14692.1858	31.6834	155.897
14798.6515	31.3513	-173.901
14905.8886	18.8888	-122.550
15013.9028	31.0920	-129.522
15122.6997	32.7354	-131.099
15232.2851	36.9556	-161.285
15342.6645	31.3790	-130.327
15453.8437	27.3655	-126.055
15565.8287	35.5214	-117.268
15678.6251	37.6141	174.245
15792.2389	34.2826	160.198
15906.6759	33.2219	-156.292
16021.9423	27.5770	-139.552
16138.0439	17.7994	-100.839
16254.9868	41.1495	-162.033
16372.7771	33.8300	-143.113
16491.4210	40.1865	-162.909
16610.9246	39.8974	176.356
16731.2942	35.3291	169.059
16852.5361	36.3840	-172.518
16974.6565	30.3545	-170.767
17097.6619	22.0471	-160.569
17221.5586	32.7193	-137.577
17346.3531	34.4977	154.526
17472.0519	40.2013	-153.232
17598.6616	36.8270	-164.495
17726.1888	35.5906	-79.674
17854.6400	16.6404	-127.271
17984.0221	40.6385	-115.865
18114.3418	30.8455	-157.525
18245.6057	34.2589	-171.013
18377.8209	24.6990	-170.663
18510.9942	34.0965	-133.891
18645.1325	30.4122	-121.110
18780.2428	29.8514	-137.295
18916.3322	40.1043	-135.455
19053.4077	39.1265	-152.809
19191.4766	33.0205	-126.461
19330.5459	28.4987	-151.377
19470.6230	20.0711	-79.180
19611.7152	19.3968	145.672
19753.8298	39.3655	166.133
19896.9742	38.0994	-131.819
