* Helix DSP Ultra S, output layer — Butterworth 42 dB/oct at 1000 Hz, crossover bypassed, channel full range.
* ELECTRICAL loop, no microphone: Scarlett 2i2 out L -> Helix line in,
* Helix line out -> Scarlett in 1; out R -> in 2 direct as the timing
* reference, timing offset 0. Everything else in the channel off; no gain,
* level or routing changed within a set, so the ratio to '-bypass' is the
* filter alone.
* REW V5.40 beta 132 measurement 'bw42-1k-bypass', 2026-Aug-31 12:43:22, 512k sweep, 1 average, -20 dBFS, 96 kHz,
* 10 Hz - 30 kHz, loopback timing reference. SNR 45.2 dB, delay 0.3988 ms.
* Levels are REW's electrical dB (splOffset 102.34); only ratios within a set carry meaning.
* frequency_Hz<TAB>dB<TAB>phase_deg — REW's unsmoothed magnitude with phase from the impulse response, resampled to 1/96 octave
20.0000	87.0254	57.088
20.1449	87.0451	56.657
20.2909	87.0645	56.222
20.4379	87.0841	55.784
20.5860	87.1033	55.379
20.7352	87.1222	55.002
20.8855	87.1412	54.622
21.0368	87.1589	54.240
21.1893	87.1767	53.855
21.3428	87.1937	53.467
21.4975	87.2103	53.077
21.6532	87.2268	52.683
21.8102	87.2426	52.287
21.9682	87.2586	51.888
22.1274	87.2744	51.485
22.2877	87.2904	51.080
22.4492	87.3066	50.673
22.6119	87.3229	50.262
22.7758	87.3392	49.848
22.9408	87.3556	49.431
23.1071	87.3720	49.011
23.2745	87.3877	48.588
23.4432	87.4035	48.166
23.6130	87.4178	47.845
23.7841	87.4323	47.522
23.9565	87.4455	47.197
24.1301	87.4586	46.869
24.3049	87.4712	46.539
24.4811	87.4836	46.206
24.6585	87.4963	45.871
24.8372	87.5091	45.534
25.0171	87.5225	45.194
25.1984	87.5362	44.852
25.3810	87.5502	44.508
25.5649	87.5644	44.160
25.7502	87.5783	43.811
25.9368	87.5920	43.458
26.1247	87.6047	43.104
26.3141	87.6170	42.746
26.5047	87.6281	42.420
26.6968	87.6388	42.103
26.8903	87.6489	41.785
27.0851	87.6589	41.464
27.2814	87.6694	41.141
27.4791	87.6800	40.815
27.6782	87.6919	40.488
27.8788	87.7040	40.157
28.0808	87.7168	39.825
28.2843	87.7297	39.490
28.4892	87.7425	39.152
28.6957	87.7546	38.813
28.9036	87.7663	38.470
29.1131	87.7767	38.125
29.3240	87.7869	37.785
29.5365	87.7963	37.491
29.7506	87.8057	37.195
29.9661	87.8151	36.896
30.1833	87.8249	36.596
30.4020	87.8348	36.293
30.6223	87.8450	35.988
30.8442	87.8550	35.681
31.0677	87.8648	35.372
31.2929	87.8739	35.060
31.5196	87.8829	34.746
31.7480	87.8912	34.430
31.9781	87.8995	34.112
32.2098	87.9077	33.791
32.4432	87.9161	33.521
32.6783	87.9246	33.253
32.9151	87.9331	32.983
33.1536	87.9414	32.711
33.3939	87.9495	32.437
33.6359	87.9571	32.161
33.8796	87.9645	31.883
34.1251	87.9719	31.603
34.3724	87.9795	31.322
34.6215	87.9874	31.038
34.8723	87.9955	30.752
35.1250	88.0036	30.464
35.3796	88.0113	30.191
35.6359	88.0186	29.918
35.8942	88.0253	29.644
36.1543	88.0314	29.367
36.4163	88.0375	29.089
36.6802	88.0439	28.809
36.9460	88.0507	28.526
37.2137	88.0581	28.242
37.4834	88.0656	27.955
37.7550	88.0730	27.666
38.0286	88.0799	27.376
38.3041	88.0863	27.124
38.5817	88.0924	26.881
38.8613	88.0984	26.636
39.1429	88.1046	26.390
39.4265	88.1110	26.142
39.7122	88.1175	25.892
40.0000	88.1240	25.640
40.2899	88.1302	25.386
40.5818	88.1360	25.131
40.8759	88.1417	24.873
41.1721	88.1476	24.624
41.4704	88.1537	24.381
41.7710	88.1598	24.136
42.0736	88.1656	23.890
42.3785	88.1709	23.642
42.6856	88.1758	23.392
42.9949	88.1806	23.140
43.3065	88.1859	22.887
43.6203	88.1919	22.631
43.9364	88.1986	22.374
44.2548	88.2050	22.139
44.5755	88.2105	21.903
44.8985	88.2146	21.665
45.2238	88.2178	21.426
45.5515	88.2210	21.185
45.8816	88.2249	20.942
46.2141	88.2304	20.697
46.5490	88.2370	20.451
46.8863	88.2440	20.204
47.2261	88.2497	19.985
47.5683	88.2536	19.765
47.9130	88.2560	19.543
48.2602	88.2580	19.319
48.6099	88.2611	19.094
48.9621	88.2660	18.867
49.3169	88.2723	18.639
49.6743	88.2789	18.409
50.0343	88.2843	18.183
50.3968	88.2878	17.959
50.7620	88.2899	17.733
51.1299	88.2918	17.506
51.5004	88.2947	17.277
51.8736	88.2992	17.047
52.2495	88.3043	16.814
52.6281	88.3087	16.580
53.0095	88.3118	16.365
53.3936	88.3141	16.156
53.7805	88.3171	15.945
54.1702	88.3217	15.732
54.5628	88.3276	15.519
54.9581	88.3330	15.303
55.3564	88.3369	15.086
55.7575	88.3395	14.869
56.1616	88.3422	14.656
56.5685	88.3458	14.441
56.9785	88.3501	14.225
57.3914	88.3535	14.007
57.8072	88.3555	13.788
58.2261	88.3567	13.567
58.6481	88.3589	13.347
59.0730	88.3627	13.144
59.5011	88.3670	12.940
59.9323	88.3700	12.735
60.3666	88.3714	12.528
60.8040	88.3725	12.320
61.2446	88.3755	12.110
61.6884	88.3805	11.903
62.1355	88.3862	11.702
62.5857	88.3907	11.500
63.0392	88.3934	11.297
63.4960	88.3950	11.092
63.9562	88.3966	10.885
64.4196	88.3987	10.677
64.8864	88.4013	10.476
65.3566	88.4043	10.273
65.8302	88.4073	10.070
66.3073	88.4099	9.864
66.7877	88.4123	9.657
67.2717	88.4149	9.449
67.7592	88.4176	9.253
68.2502	88.4196	9.059
68.7448	88.4201	8.865
69.2429	88.4196	8.668
69.7447	88.4205	8.470
70.2501	88.4238	8.271
70.7591	88.4289	8.074
71.2719	88.4335	7.876
71.7884	88.4368	7.676
72.3086	88.4395	7.475
72.8325	88.4425	7.272
73.3603	88.4455	7.071
73.8919	88.4474	6.876
74.4274	88.4482	6.680
74.9667	88.4485	6.483
75.5099	88.4494	6.284
76.0571	88.4514	6.084
76.6083	88.4540	5.894
77.1634	88.4558	5.707
77.7226	88.4567	5.517
78.2858	88.4585	5.327
78.8531	88.4625	5.135
79.4245	88.4665	4.943
80.0000	88.4675	4.749
80.5797	88.4676	4.554
81.1636	88.4710	4.358
81.7518	88.4760	4.160
82.3442	88.4778	3.965
82.9409	88.4765	3.773
83.5419	88.4773	3.580
84.1473	88.4808	3.385
84.7570	88.4822	3.189
85.3712	88.4819	2.998
85.9899	88.4845	2.808
86.6130	88.4882	2.618
87.2406	88.4882	2.426
87.8728	88.4856	2.232
88.5096	88.4862	2.047
89.1509	88.4897	1.861
89.7970	88.4939	1.674
90.4477	88.4978	1.485
91.1031	88.4987	1.295
91.7633	88.4973	1.103
92.4282	88.4989	0.910
93.0980	88.5041	0.716
93.7726	88.5066	0.520
94.4521	88.5067	0.331
95.1366	88.5096	0.140
95.8260	88.5111	-0.052
96.5204	88.5090	-0.245
97.2198	88.5095	-0.433
97.9243	88.5135	-0.621
98.6339	88.5155	-0.809
99.3486	88.5168	-1.000
100.0685	88.5185	-1.191
100.7937	88.5182	-1.385
101.5241	88.5198	-1.579
102.2598	88.5256	-1.775
103.0008	88.5281	-1.970
103.7472	88.5271	-2.164
104.4990	88.5293	-2.360
105.2562	88.5313	-2.558
106.0189	88.5291	-2.748
106.7872	88.5289	-2.938
107.5610	88.5336	-3.128
108.3404	88.5359	-3.320
109.1255	88.5336	-3.518
109.9163	88.5345	-3.718
110.7128	88.5373	-3.919
111.5151	88.5363	-4.119
112.3231	88.5364	-4.311
113.1371	88.5377	-4.504
113.9569	88.5329	-4.699
114.7827	88.5320	-4.894
115.6145	88.5396	-5.089
116.4523	88.5415	-5.286
117.2961	88.5377	-5.483
118.1461	88.5398	-5.676
119.0022	88.5440	-5.871
119.8646	88.5448	-6.067
120.7332	88.5451	-6.262
121.6080	88.5473	-6.457
122.4893	88.5487	-6.653
123.3769	88.5486	-6.852
124.2709	88.5516	-7.055
125.1714	88.5544	-7.259
126.0785	88.5539	-7.464
126.9921	88.5568	-7.669
127.9123	88.5562	-7.876
128.8392	88.5513	-8.084
129.7728	88.5555	-8.280
130.7132	88.5572	-8.477
131.6604	88.5576	-8.674
132.6145	88.5646	-8.874
133.5755	88.5584	-9.075
134.5434	88.5548	-9.278
135.5184	88.5666	-9.482
136.5004	88.5657	-9.687
137.4895	88.5627	-9.894
138.4858	88.5686	-10.112
139.4894	88.5685	-10.334
140.5002	88.5743	-10.559
141.5183	88.5684	-10.762
142.5438	88.5610	-10.963
143.5767	88.5713	-11.165
144.6171	88.5703	-11.369
145.6651	88.5693	-11.574
146.7206	88.5700	-11.782
147.7838	88.5705	-11.995
148.8547	88.5742	-12.209
149.9334	88.5725	-12.423
151.0199	88.5705	-12.635
152.1142	88.5761	-12.849
153.2165	88.5771	-13.062
154.3268	88.5794	-13.277
155.4451	88.5779	-13.494
156.5715	88.5820	-13.716
157.7061	88.5808	-13.939
158.8489	88.5800	-14.159
160.0000	88.5785	-14.377
161.1594	88.5795	-14.596
162.3273	88.5793	-14.811
163.5035	88.5813	-15.028
164.6884	88.5829	-15.247
165.8818	88.5828	-15.470
167.0838	88.5870	-15.695
168.2946	88.5852	-15.920
169.5141	88.5890	-16.148
170.7425	88.5864	-16.379
171.9797	88.5895	-16.612
173.2260	88.5856	-16.845
174.4812	88.5883	-17.074
175.7456	88.5905	-17.305
177.0191	88.5937	-17.545
178.3019	88.5880	-17.787
179.5939	88.5911	-18.017
180.8953	88.5846	-18.241
182.2062	88.5877	-18.469
183.5265	88.5853	-18.700
184.8564	88.5949	-18.937
186.1960	88.5908	-19.188
187.5452	88.5923	-19.440
188.9043	88.5948	-19.672
190.2731	88.5923	-19.905
191.6519	88.5967	-20.148
193.0407	88.5930	-20.393
194.4396	88.5928	-20.638
195.8486	88.5983	-20.884
197.2678	88.6000	-21.131
198.6972	88.5955	-21.379
200.1371	88.6015	-21.627
201.5874	88.6027	-21.874
203.0482	88.6008	-22.123
204.5195	88.6003	-22.371
206.0016	88.6020	-22.626
207.4943	88.5989	-22.886
208.9979	88.6003	-23.140
210.5124	88.6000	-23.392
212.0379	88.5967	-23.652
213.5744	88.6049	-23.917
215.1220	88.5984	-24.171
216.6809	88.6089	-24.425
218.2510	88.6076	-24.705
219.8326	88.6052	-24.987
221.4256	88.6033	-25.245
223.0301	88.6086	-25.505
224.6463	88.5980	-25.769
226.2742	88.6050	-26.036
227.9138	88.6040	-26.307
229.5654	88.6054	-26.583
231.2289	88.6086	-26.863
232.9045	88.6075	-27.149
234.5922	88.6019	-27.434
236.2922	88.6110	-27.696
238.0045	88.6157	-27.970
239.7291	88.6108	-28.262
241.4663	88.6126	-28.553
243.2161	88.6098	-28.846
244.9785	88.6092	-29.122
246.7537	88.6125	-29.412
248.5418	88.6129	-29.724
250.3428	88.6107	-29.999
252.1569	88.6147	-30.263
253.9842	88.6137	-30.560
255.8246	88.6138	-30.855
257.6785	88.6166	-31.150
259.5457	88.6159	-31.424
261.4265	88.6157	-31.709
263.3209	88.6173	-32.018
265.2290	88.6380	-32.285
267.1510	88.6816	-32.612
269.0869	88.6076	-33.111
271.0368	88.6411	-33.369
273.0008	88.6104	-33.598
274.9791	88.6169	-33.942
276.9717	88.6082	-34.250
278.9788	88.6211	-34.554
281.0003	88.6177	-34.869
283.0366	88.6181	-35.194
285.0876	88.6227	-35.515
287.1535	88.6223	-35.828
289.2343	88.6170	-36.160
291.3302	88.6146	-36.493
293.4413	88.6189	-36.825
295.5677	88.6208	-37.148
297.7095	88.6250	-37.486
299.8668	88.6227	-37.820
302.0398	88.6252	-38.151
304.2285	88.6266	-38.511
306.4330	88.6172	-38.852
308.6536	88.6168	-39.176
310.8902	88.6243	-39.497
313.1431	88.6264	-39.883
315.4122	88.6251	-40.217
317.6978	88.6244	-40.555
320.0000	88.6241	-40.904
322.3189	88.6318	-41.255
324.6545	88.6319	-41.630
327.0071	88.6291	-42.003
329.3767	88.6283	-42.364
331.7635	88.6261	-42.719
334.1676	88.6235	-43.081
336.5891	88.6287	-43.450
339.0282	88.6271	-43.836
341.4849	88.6270	-44.200
343.9595	88.6297	-44.572
346.4519	88.6260	-44.960
348.9625	88.6222	-45.335
351.4912	88.6247	-45.708
354.0383	88.6285	-46.104
356.6038	88.6292	-46.495
359.1879	88.6323	-46.894
361.7907	88.6286	-47.287
364.4124	88.6292	-47.680
367.0530	88.6326	-48.080
369.7129	88.6340	-48.468
372.3920	88.6310	-48.869
375.0905	88.6344	-49.281
377.8085	88.6302	-49.684
380.5463	88.6351	-50.096
383.3039	88.6291	-50.498
386.0814	88.6326	-50.910
388.8792	88.6329	-51.341
391.6971	88.6308	-51.755
394.5355	88.6367	-52.173
397.3945	88.6346	-52.601
400.2742	88.6322	-53.038
403.1747	88.6349	-53.469
406.0963	88.6358	-53.899
409.0390	88.6359	-54.339
412.0031	88.6364	-54.789
414.9887	88.6344	-55.245
417.9958	88.6318	-55.676
421.0248	88.6408	-56.134
424.0757	88.6355	-56.582
427.1488	88.6338	-57.031
430.2440	88.6359	-57.506
433.3618	88.6372	-57.952
436.5021	88.6374	-58.432
439.6652	88.6393	-58.875
442.8512	88.6396	-59.345
446.0602	88.6347	-59.836
449.2926	88.6404	-60.294
452.5483	88.6412	-60.783
455.8277	88.6375	-61.275
459.1308	88.6351	-61.739
462.4579	88.6447	-62.234
465.8090	88.6429	-62.735
469.1845	88.6440	-63.227
472.5844	88.6462	-63.734
476.0089	88.6423	-64.217
479.4583	88.6450	-64.721
482.9326	88.6446	-65.234
486.4321	88.6471	-65.756
489.9570	88.6448	-66.272
493.5075	88.6437	-66.811
497.0836	88.6435	-67.334
500.6857	88.6441	-67.847
504.3139	88.6448	-68.358
507.9683	88.6432	-68.890
511.6493	88.6464	-69.426
515.3569	88.6436	-69.979
519.0914	88.6421	-70.518
522.8529	88.6432	-71.073
526.6418	88.6473	-71.621
530.4580	88.6462	-72.175
534.3019	88.6414	-72.726
538.1737	88.6568	-73.290
542.0735	88.6416	-73.890
546.0016	88.6440	-74.440
549.9582	88.6509	-75.000
553.9434	88.6474	-75.577
557.9575	88.6480	-76.178
562.0007	88.6494	-76.756
566.0732	88.6433	-77.349
570.1752	88.6499	-77.938
574.3069	88.6523	-78.561
578.4686	88.6523	-79.147
582.6604	88.6483	-79.753
586.8826	88.6470	-80.357
591.1354	88.6558	-80.975
595.4190	88.6514	-81.601
599.7336	88.6492	-82.230
604.0796	88.6476	-82.849
608.4570	88.6529	-83.479
612.8661	88.6531	-84.107
617.3072	88.6536	-84.770
621.7804	88.6508	-85.417
626.2861	88.6518	-86.051
630.8244	88.6536	-86.706
635.3957	88.6476	-87.359
640.0000	88.6562	-88.009
644.6377	88.6518	-88.692
649.3090	88.6580	-89.368
654.0142	88.6537	-90.038
658.7534	88.6562	-90.745
663.5270	88.6515	-91.415
668.3352	88.6512	-92.098
673.1783	88.6560	-92.806
678.0564	88.6563	-93.502
682.9699	88.6545	-94.196
687.9189	88.6575	-94.904
692.9039	88.6671	-95.620
697.9249	88.6577	-96.347
702.9824	88.6566	-97.085
708.0765	88.6495	-97.788
713.2075	88.6586	-98.529
718.3757	88.6620	-99.284
723.5814	88.6517	-100.034
728.8247	88.6558	-100.770
734.1061	88.6586	-101.516
739.4257	88.6521	-102.297
744.7839	88.6537	-103.052
750.1809	88.6568	-103.821
755.6170	88.6581	-104.635
761.0926	88.6588	-105.373
766.6077	88.6629	-106.177
772.1629	88.6566	-106.964
777.7583	88.6584	-107.762
783.3943	88.6615	-108.558
789.0711	88.6554	-109.371
794.7890	88.6598	-110.190
800.5484	88.6585	-111.014
806.3495	88.6553	-111.842
812.1926	88.6548	-112.682
818.0781	88.6657	-113.525
824.0062	88.6637	-114.360
829.9773	88.6668	-115.213
835.9917	88.6596	-116.076
842.0496	88.6631	-116.927
848.1515	88.6617	-117.789
854.2975	88.6612	-118.701
860.4881	88.6620	-119.557
866.7236	88.6725	-120.443
873.0042	88.6588	-121.381
879.3303	88.6619	-122.264
885.7023	88.6613	-123.162
892.1205	88.6668	-124.068
898.5852	88.6598	-124.986
905.0967	88.6646	-125.897
911.6554	88.6621	-126.842
918.2616	88.6620	-127.792
924.9157	88.6657	-128.734
931.6180	88.6567	-129.686
938.3689	88.6694	-130.654
945.1687	88.6647	-131.611
952.0178	88.6616	-132.600
958.9165	88.6653	-133.565
965.8652	88.6608	-134.549
972.8643	88.6641	-135.539
979.9141	88.6545	-136.533
987.0149	88.6656	-137.557
994.1672	88.6630	-138.556
1001.3714	88.6586	-139.557
1008.6277	88.6671	-140.580
1015.9367	88.6682	-141.622
1023.2986	88.6658	-142.677
1030.7138	88.6639	-143.742
1038.1828	88.6684	-144.821
1045.7059	88.6734	-145.874
1053.2835	88.6672	-146.945
1060.9160	88.6758	-148.044
1068.6039	88.6661	-149.086
1076.3474	88.6764	-150.165
1084.1471	88.6642	-151.347
1092.0032	88.6676	-152.428
1099.9164	88.6702	-153.568
1107.8868	88.6678	-154.722
1115.9150	88.6678	-155.788
1124.0014	88.6703	-156.998
1132.1464	88.6666	-158.105
1140.3504	88.6710	-159.260
1148.6138	88.6689	-160.426
1156.9371	88.6640	-161.594
1165.3208	88.6742	-162.780
1173.7652	88.6675	-164.013
1182.2708	88.6655	-165.222
1190.8380	88.6681	-166.417
1199.4673	88.6662	-167.605
1208.1591	88.6684	-168.849
1216.9139	88.6680	-170.100
1225.7322	88.6780	-171.334
1234.6144	88.6702	-172.606
1243.5609	88.6605	-173.870
1252.5722	88.6630	-175.125
1261.6489	88.6680	-176.416
1270.7913	88.6624	-177.734
1280.0000	88.6666	-179.023
1289.2754	88.6621	179.677
1298.6180	88.6651	178.368
1308.0284	88.6675	177.060
1317.5069	88.6746	175.682
1327.0541	88.6576	174.336
1336.6704	88.6676	172.998
1346.3565	88.6485	171.650
1356.1128	88.6611	170.215
1365.9397	88.6634	168.829
1375.8379	88.6662	167.462
1385.8078	88.6680	166.043
1395.8499	88.6549	164.628
1405.9648	88.6585	163.228
1416.1530	88.6558	161.764
1426.4150	88.6625	160.306
1436.7514	88.6529	158.879
1447.1627	88.6582	157.400
1457.6495	88.6557	155.905
1468.2122	88.6568	154.422
1478.8515	88.6577	152.917
1489.5678	88.6651	151.414
1500.3618	88.6542	149.884
1511.2341	88.6544	148.351
1522.1851	88.6433	146.826
1533.2155	88.6627	145.258
1544.3258	88.6544	143.694
1555.5166	88.6500	142.123
1566.7885	88.6548	140.504
1578.1421	88.6557	138.933
1589.5780	88.6584	137.277
1601.0967	88.6625	135.684
1612.6989	88.6634	134.058
1624.3852	88.6654	132.385
1636.1562	88.6646	130.732
1648.0125	88.6496	129.054
1659.9546	88.6655	127.355
1671.9833	88.6526	125.698
1684.0992	88.6469	123.993
1696.3029	88.6487	122.255
1708.5950	88.6492	120.507
1720.9762	88.6536	118.781
1733.4471	88.6435	116.998
1746.0084	88.6526	115.235
1758.6607	88.6435	113.451
1771.4046	88.6352	111.701
1784.2410	88.6395	109.851
1797.1703	88.6443	108.040
1810.1934	88.6366	106.225
1823.3108	88.6372	104.361
1836.5232	88.6345	102.483
1849.8314	88.6364	100.606
1863.2361	88.6286	98.701
1876.7379	88.6353	96.800
1890.3375	88.6343	94.870
1904.0356	88.6375	92.936
1917.8331	88.6236	91.030
1931.7305	88.6324	89.090
1945.7286	88.6234	87.105
1959.8281	88.6271	85.119
1974.0299	88.6344	83.088
1988.3345	88.6300	81.081
2002.7428	88.6248	79.056
2017.2555	88.6387	77.002
2031.8733	88.6258	74.939
2046.5971	88.6294	72.860
2061.4276	88.6273	70.760
2076.3656	88.6239	68.666
2091.4118	88.6200	66.562
2106.5670	88.6244	64.395
2121.8321	88.6249	62.251
2137.2077	88.6232	60.087
2152.6948	88.6196	57.897
2168.2941	88.6148	55.691
2184.0065	88.6154	53.469
2199.8327	88.6153	51.236
2215.7736	88.6125	49.007
2231.8300	88.6187	46.718
2248.0028	88.6172	44.420
2264.2927	88.6108	42.133
2280.7007	88.6062	39.809
2297.2276	88.6124	37.480
2313.8743	88.6068	35.132
2330.6416	88.6145	32.778
2347.5304	88.6109	30.374
2364.5415	88.6063	27.987
2381.6760	88.6086	25.545
2398.9346	88.6060	23.156
2416.3182	88.6143	20.644
2433.8279	88.6080	18.201
2451.4644	88.6091	15.725
2469.2287	88.6111	13.184
2487.1218	88.6119	10.686
2505.1445	88.5985	8.167
2523.2978	88.6024	5.549
2541.5826	88.6033	2.990
2560.0000	88.6028	0.422
2578.5508	88.6006	-2.200
2597.2361	88.6053	-4.859
2616.0567	88.6023	-7.490
2635.0137	88.5946	-10.201
2654.1081	88.6043	-12.870
2673.3409	88.6020	-15.588
2692.7130	88.6003	-18.319
2712.2255	88.6051	-21.073
2731.8794	88.6087	-23.887
2751.6758	88.5998	-26.659
2771.6155	88.6144	-29.451
2791.6998	88.6032	-32.277
2811.9296	88.6079	-35.153
2832.3060	88.6028	-38.055
2852.8301	88.6086	-40.940
2873.5028	88.5964	-43.810
2894.3254	88.6127	-46.758
2915.2989	88.6069	-49.695
2936.4244	88.6053	-52.683
2957.7029	88.6078	-55.697
2979.1356	88.6113	-58.722
3000.7237	88.6024	-61.729
3022.4682	88.6139	-64.816
3044.3702	88.6152	-67.918
3066.4310	88.6143	-71.025
3088.6516	88.6140	-74.167
3111.0332	88.6121	-77.281
3133.5771	88.6150	-80.469
3156.2843	88.6150	-83.656
3179.1560	88.6100	-86.907
3202.1935	88.6115	-90.179
3225.3979	88.6146	-93.409
3248.7705	88.6166	-96.686
3272.3124	88.6291	-99.977
3296.0249	88.6255	-103.364
3319.9093	88.6277	-106.689
3343.9667	88.6260	-110.032
3368.1985	88.6201	-113.494
3392.6058	88.6156	-116.909
3417.1900	88.6234	-120.380
3441.9524	88.6252	-123.867
3466.8942	88.6296	-127.369
3492.0167	88.6391	-130.891
3517.3213	88.6327	-134.427
3542.8093	88.6332	-138.026
3568.4820	88.6300	-141.608
3594.3406	88.6358	-145.260
3620.3867	88.6240	-148.884
3646.6215	88.6237	-152.600
3673.0465	88.6319	-156.305
3699.6629	88.6401	-160.074
3726.4721	88.6275	-163.794
3753.4757	88.6408	-167.603
3780.6749	88.6396	-171.432
3808.0713	88.6408	-175.256
3835.6661	88.6374	-179.119
3863.4609	88.6529	176.914
3891.4572	88.6415	173.017
3919.6563	88.6412	169.062
3948.0597	88.6419	165.069
3976.6690	88.6357	161.053
4005.4856	88.6400	156.989
4034.5110	88.6423	152.958
4063.7467	88.6382	148.809
4093.1943	88.6369	144.674
4122.8552	88.6367	140.513
4152.7312	88.6396	136.317
4182.8236	88.6324	132.094
4213.1340	88.6403	127.839
4243.6641	88.6358	123.517
4274.4155	88.6334	119.229
4305.3896	88.6387	114.885
4336.5883	88.6344	110.493
4368.0130	88.6346	106.034
4399.6654	88.6237	101.596
4431.5472	88.6327	97.118
4463.6600	88.6329	92.612
4496.0055	88.6288	88.071
4528.5854	88.6349	83.495
4561.4014	88.6336	78.835
4594.4552	88.6292	74.242
4627.7485	88.6289	69.505
4661.2831	88.6191	64.803
4695.0607	88.6146	60.035
4729.0830	88.6286	55.294
4763.3519	88.6351	50.458
4797.8691	88.6259	45.602
4832.6365	88.6255	40.691
4867.6558	88.6257	35.756
4902.9288	88.6391	30.806
4938.4574	88.6318	25.793
4974.2435	88.6239	20.698
5010.2890	88.6342	15.685
5046.5956	88.6265	10.551
5083.1653	88.6357	5.387
5120.0000	88.6316	0.219
5157.1016	88.6249	-5.042
5194.4721	88.6412	-10.281
5232.1134	88.6367	-15.586
5270.0275	88.6385	-20.955
5308.2162	88.6407	-26.326
5346.6818	88.6453	-31.739
5385.4260	88.6516	-37.168
5424.4510	88.6428	-42.674
5463.7589	88.6531	-48.205
5503.3515	88.6440	-53.756
5543.2311	88.6498	-59.406
5583.3996	88.6531	-65.021
5623.8592	88.6552	-70.735
5664.6120	88.6728	-76.469
5705.6601	88.6629	-82.258
5747.0057	88.6692	-88.041
5788.6509	88.6770	-93.920
5830.5978	88.6725	-99.795
5872.8487	88.6766	-105.724
5915.4058	88.6766	-111.728
5958.2713	88.6773	-117.725
6001.4474	88.6858	-123.825
6044.9363	88.6836	-129.893
6088.7404	88.6873	-136.011
6132.8620	88.6868	-142.230
6177.3032	88.6921	-148.504
6222.0665	88.6913	-154.734
6267.1541	88.6917	-161.085
6312.5685	88.6868	-167.458
6358.3120	88.6869	-173.836
6404.3869	88.6757	179.703
6450.7958	88.6880	173.181
6497.5409	88.6977	166.626
6544.6248	88.6890	160.021
6592.0498	88.6870	153.350
6639.8185	88.6729	146.645
6687.9334	88.6947	139.903
6736.3969	88.6755	133.120
6785.2116	88.6832	126.326
6834.3801	88.6657	119.384
6883.9048	88.6805	112.427
6933.7884	88.6811	105.411
6984.0335	88.6799	98.376
7034.6427	88.6574	91.203
7085.6186	88.6637	84.106
7136.9639	88.6566	76.948
7188.6813	88.6562	69.626
7240.7734	88.6436	62.268
7293.2431	88.6526	54.913
7346.0929	88.6560	47.475
7399.3257	88.6477	39.980
7452.9443	88.6397	32.363
7506.9514	88.6391	24.838
7561.3499	88.6410	17.141
7616.1425	88.6173	9.472
7671.3322	88.6311	1.694
7726.9219	88.6440	-6.102
7782.9143	88.6306	-13.981
7839.3125	88.6271	-21.907
7896.1194	88.6379	-29.895
7953.3380	88.6353	-37.997
8010.9711	88.6199	-46.091
8069.0219	88.6343	-54.256
8127.4934	88.6079	-62.481
8186.3886	88.6465	-70.721
8245.7105	88.6199	-79.094
8305.4623	88.6289	-87.462
8365.6471	88.6318	-95.935
8426.2680	88.6358	-104.538
8487.3283	88.6275	-112.961
8548.8309	88.6353	-121.628
8610.7793	88.6318	-130.281
8673.1765	88.6345	-139.100
8736.0260	88.6338	-147.891
8799.3308	88.6410	-156.811
8863.0944	88.6278	-165.714
8927.3200	88.6359	-174.711
8992.0111	88.6350	176.188
9057.1709	88.6265	167.056
9122.8029	88.6120	157.883
9188.9105	88.6284	148.563
9255.4971	88.6299	139.232
9322.5662	88.6205	129.805
9390.1214	88.6047	120.339
9458.1661	88.5909	110.817
9526.7039	88.5942	101.097
9595.7383	88.6131	91.425
9665.2730	88.5996	81.664
9735.3115	88.5948	71.797
9805.8576	88.5772	61.867
9876.9149	88.5900	51.923
9948.4871	88.6054	41.850
10020.5779	88.5879	31.730
10093.1912	88.6127	21.414
10166.3306	88.5893	11.174
10240.0000	88.6097	0.817
10314.2033	88.5958	-9.658
10388.9442	88.5955	-20.154
10464.2268	88.5966	-30.765
10540.0549	88.5959	-41.471
10616.4325	88.6042	-52.126
10693.3635	88.6198	-62.960
10770.8521	88.6173	-73.900
10848.9021	88.6100	-84.841
10927.5177	88.6298	-95.973
11006.7030	88.6263	-107.023
11086.4621	88.6409	-118.264
11166.7992	88.6454	-129.541
11247.7184	88.6414	-140.917
11329.2240	88.6536	-152.389
11411.3202	88.6522	-163.947
11494.0114	88.6393	-175.549
11577.3017	88.6375	172.803
11661.1956	88.6493	160.995
11745.6975	88.6509	149.101
11830.8116	88.6607	137.117
11916.5426	88.6343	125.111
12002.8947	88.6654	112.928
12089.8727	88.6541	100.694
12177.4809	88.6533	88.290
12265.7239	88.6416	75.923
12354.6064	88.6458	63.416
12444.1330	88.6403	50.747
12534.3083	88.6471	38.096
12625.1370	88.6550	25.243
12716.6240	88.6448	12.370
12808.7739	88.6435	-0.586
12901.5916	88.6584	-13.764
12995.0818	88.6348	-26.958
13089.2495	88.6629	-40.254
13184.0996	88.6554	-53.653
13279.6370	88.6372	-67.096
13375.8668	88.6718	-80.691
13472.7938	88.6554	-94.300
13570.4232	88.6598	-108.056
13668.7601	88.6526	-121.926
13767.8096	88.6461	-135.905
13867.5768	88.6528	-149.984
13968.0670	88.6449	-164.151
14069.2853	88.6596	-178.390
14171.2372	88.6389	167.239
14273.9278	88.6293	152.697
14377.3626	88.6353	138.169
14481.5469	88.6398	123.490
14586.4861	88.6103	108.664
14692.1858	88.6059	93.718
14798.6515	88.6094	78.637
14905.8886	88.5986	63.448
15013.9028	88.5931	48.165
15122.6997	88.6021	32.719
15232.2851	88.5900	17.200
15342.6645	88.5878	1.637
15453.8437	88.5927	-14.169
15565.8287	88.5798	-30.066
15678.6251	88.5900	-45.991
15792.2389	88.5820	-62.024
15906.6759	88.5832	-78.308
16021.9423	88.5956	-94.637
16138.0439	88.5835	-111.095
16254.9868	88.6080	-127.602
16372.7771	88.5781	-144.301
16491.4210	88.6130	-161.091
16610.9246	88.5909	-177.992
16731.2942	88.5952	164.936
16852.5361	88.6055	147.767
16974.6565	88.5829	130.456
17097.6619	88.5897	112.964
17221.5586	88.5829	95.359
17346.3531	88.5717	77.535
17472.0519	88.5905	59.701
17598.6616	88.5952	41.686
17726.1888	88.5731	23.577
17854.6400	88.5827	5.181
17984.0221	88.5922	-13.153
18114.3418	88.5870	-31.752
18245.6057	88.6012	-50.407
18377.8209	88.6067	-69.263
18510.9942	88.6003	-88.179
18645.1325	88.6063	-107.380
18780.2428	88.6266	-126.548
18916.3322	88.6499	-145.956
19053.4077	88.6183	-165.517
19191.4766	88.6161	174.900
19330.5459	88.6150	155.068
19470.6230	88.6003	135.078
19611.7152	88.5984	114.894
19753.8298	88.6014	94.551
19896.9742	88.5887	74.112
