* Helix DSP Ultra S, output layer — LS_Q shelf, 1000 Hz, +6.0 dB, Q 0.7.
* ELECTRICAL loop, no microphone: Scarlett 2i2 out L -> Helix line in,
* Helix line out -> Scarlett in 1; out R -> in 2 direct as the timing
* reference, timing offset 0. Everything else in the channel off; no gain,
* level or routing changed within a set, so the ratio to '-bypass' is the
* filter alone.
* REW V5.40 beta 132 measurement 'a1_lsq_1k_+6db_q0.7', 2026-Sep-01 11:34:20, 512k sweep, 1 average, -20 dBFS, 96 kHz,
* 10 Hz - 30 kHz, loopback timing reference. SNR 45.6 dB, delay 0.4040 ms.
* Levels are REW's electrical dB (splOffset 102.34); only ratios within a set carry meaning.
* frequency_Hz<TAB>dB<TAB>phase_deg — REW's UNSMOOTHED raw spectrum (linear bins) resampled to 1/96 octave by complex averaging within each cell,
* with the measurement's own delay removed before averaging and restored after, so the cell average carries no rotation loss.
20.0000	92.9903	56.800
20.1449	93.0095	56.393
20.2909	93.0286	55.971
20.4379	93.0567	55.376
20.5860	93.0663	55.151
20.7352	93.0846	54.744
20.8855	93.1018	54.367
21.0368	93.1208	53.936
21.1893	93.1449	53.410
21.3428	93.1564	53.137
21.4975	93.1739	52.741
21.6532	93.1863	52.457
21.8102	93.2084	51.954
21.9682	93.2263	51.553
22.1274	93.2423	51.174
22.2877	93.2646	50.671
22.4492	93.2755	50.400
22.6119	93.2917	50.015
22.7758	93.3010	49.786
22.9408	93.3230	49.251
23.1071	93.3354	48.947
23.2745	93.3533	48.496
23.4432	93.3679	48.133
23.6130	93.3828	47.752
23.7841	93.3992	47.345
23.9565	93.4119	47.019
24.1301	93.4300	46.578
24.3049	93.4411	46.293
24.4811	93.4604	45.828
24.6585	93.4703	45.571
24.8372	93.4902	45.090
25.0171	93.4990	44.851
25.1984	93.5185	44.363
25.3810	93.5266	44.133
25.5649	93.5451	43.650
25.7502	93.5529	43.419
25.9368	93.5701	42.954
26.1247	93.5782	42.715
26.3141	93.5941	42.276
26.5047	93.6029	42.019
26.6968	93.6175	41.614
26.8903	93.6272	41.330
27.0851	93.6403	40.964
27.2814	93.6511	40.645
27.4791	93.6621	40.324
27.6782	93.6739	39.965
27.8788	93.6825	39.698
28.0808	93.6955	39.294
28.2843	93.7017	39.089
28.4892	93.7204	38.527
28.6957	93.7271	38.311
28.9036	93.7393	37.951
29.1131	93.7489	37.669
29.3240	93.7586	37.386
29.5365	93.7711	37.027
29.7506	93.7778	36.825
29.9661	93.7961	36.299
30.1833	93.8032	36.063
30.4020	93.8130	35.751
30.6223	93.8225	35.426
30.8442	93.8284	35.215
31.0677	93.8432	34.727
31.2929	93.8499	34.495
31.5196	93.8581	34.221
31.7480	93.8734	33.755
31.9781	93.8783	33.583
32.2098	93.8887	33.260
32.4432	93.8972	32.974
32.6783	93.9031	32.768
32.9151	93.9162	32.316
33.1536	93.9226	32.066
33.3939	93.9283	31.842
33.6359	93.9402	31.416
33.8796	93.9465	31.184
34.1251	93.9524	30.964
34.3724	93.9650	30.552
34.6215	93.9716	30.313
34.8723	93.9774	30.105
35.1250	93.9888	29.698
35.3796	93.9951	29.439
35.6359	93.9992	29.261
35.8942	94.0092	28.872
36.1543	94.0193	28.494
36.4163	94.0240	28.308
36.6802	94.0300	28.083
36.9460	94.0409	27.713
37.2137	94.0474	27.468
37.4834	94.0515	27.303
37.7550	94.0612	26.935
38.0286	94.0701	26.574
38.3041	94.0751	26.347
38.5817	94.0785	26.180
38.8613	94.0867	25.834
39.1429	94.0948	25.493
39.4265	94.1027	25.158
39.7122	94.1060	24.989
40.0000	94.1102	24.786
40.2899	94.1176	24.463
40.5818	94.1250	24.146
40.8759	94.1326	23.833
41.1721	94.1358	23.675
41.4704	94.1402	23.479
41.7710	94.1476	23.171
42.0736	94.1547	22.866
42.3785	94.1617	22.567
42.6856	94.1657	22.380
42.9949	94.1689	22.224
43.3065	94.1760	21.927
43.6203	94.1826	21.629
43.9364	94.1882	21.333
44.2548	94.1926	21.044
44.5755	94.1968	20.767
44.8985	94.2016	20.500
45.2238	94.2045	20.347
45.5515	94.2076	20.190
45.8816	94.2146	19.925
46.2141	94.2217	19.655
46.5490	94.2281	19.383
46.8863	94.2335	19.113
47.2261	94.2384	18.850
47.5683	94.2432	18.592
47.9130	94.2482	18.338
48.2602	94.2533	18.086
48.6099	94.2582	17.835
48.9621	94.2629	17.589
49.3169	94.2677	17.346
49.6743	94.2728	17.105
50.0343	94.2781	16.864
50.3968	94.2830	16.620
50.7620	94.2871	16.377
51.1299	94.2904	16.138
51.5004	94.2935	15.907
51.8736	94.2970	15.681
52.2495	94.3012	15.455
52.6281	94.3055	15.226
53.0095	94.3093	14.995
53.3936	94.3121	14.765
53.7805	94.3144	14.541
54.1702	94.3167	14.324
54.5628	94.3198	14.112
54.9581	94.3235	13.899
55.3564	94.3274	13.683
55.7575	94.3309	13.465
56.1616	94.3339	13.248
56.5685	94.3380	12.961
56.9785	94.3428	12.680
57.3914	94.3464	12.472
57.8072	94.3499	12.261
58.2261	94.3529	12.051
58.6481	94.3554	11.843
59.0730	94.3577	11.639
59.5011	94.3616	11.369
59.9323	94.3658	11.101
60.3666	94.3686	10.901
60.8040	94.3711	10.703
61.2446	94.3735	10.506
61.6884	94.3771	10.246
62.1355	94.3809	9.989
62.5857	94.3832	9.796
63.0392	94.3855	9.606
63.4960	94.3892	9.358
63.9562	94.3935	9.109
64.4196	94.3964	8.918
64.8864	94.3987	8.724
65.3566	94.4005	8.472
65.8302	94.4015	8.234
66.3073	94.4030	8.062
66.7877	94.4072	7.836
67.2717	94.4120	7.601
67.7592	94.4145	7.416
68.2502	94.4171	7.177
68.7448	94.4195	6.945
69.2429	94.4214	6.767
69.7447	94.4240	6.534
70.2501	94.4258	6.304
70.7591	94.4270	6.131
71.2719	94.4297	5.910
71.7884	94.4328	5.684
72.3086	94.4347	5.455
72.8325	94.4358	5.235
73.3603	94.4384	5.026
73.8919	94.4425	4.811
74.4274	94.4453	4.633
74.9667	94.4473	4.401
75.5099	94.4476	4.179
76.0571	94.4484	3.974
76.6083	94.4508	3.772
77.1634	94.4541	3.563
77.7226	94.4577	3.306
78.2858	94.4597	3.096
78.8531	94.4620	2.890
79.4245	94.4645	2.684
80.0000	94.4670	2.475
80.5797	94.4691	2.265
81.1636	94.4708	2.057
81.7518	94.4728	1.811
82.3442	94.4743	1.606
82.9409	94.4753	1.401
83.5419	94.4760	1.201
84.1473	94.4772	1.008
84.7570	94.4804	0.778
85.3712	94.4832	0.574
85.9899	94.4846	0.367
86.6130	94.4852	0.131
87.2406	94.4868	-0.092
87.8728	94.4896	-0.283
88.5096	94.4925	-0.484
89.1509	94.4945	-0.725
89.7970	94.4951	-0.953
90.4477	94.4967	-1.138
91.1031	94.4998	-1.329
91.7633	94.5028	-1.570
92.4282	94.5021	-1.803
93.0980	94.5024	-2.010
93.7726	94.5053	-2.192
94.4521	94.5084	-2.394
95.1366	94.5086	-2.639
95.8260	94.5063	-2.860
96.5204	94.5067	-3.065
97.2198	94.5090	-3.281
97.9243	94.5103	-3.502
98.6339	94.5119	-3.713
99.3486	94.5152	-3.929
100.0685	94.5175	-4.156
100.7937	94.5183	-4.375
101.5241	94.5203	-4.586
102.2598	94.5226	-4.807
103.0008	94.5233	-5.026
103.7472	94.5245	-5.237
104.4990	94.5263	-5.456
105.2562	94.5263	-5.678
106.0189	94.5262	-5.887
106.7872	94.5279	-6.096
107.5610	94.5295	-6.313
108.3404	94.5309	-6.526
109.1255	94.5334	-6.767
109.9163	94.5353	-7.009
110.7128	94.5370	-7.225
111.5151	94.5375	-7.445
112.3231	94.5365	-7.652
113.1371	94.5388	-7.869
113.9569	94.5419	-8.113
114.7827	94.5410	-8.332
115.6145	94.5406	-8.537
116.4523	94.5415	-8.766
117.2961	94.5426	-8.995
118.1461	94.5446	-9.207
119.0022	94.5451	-9.449
119.8646	94.5453	-9.672
120.7332	94.5483	-9.876
121.6080	94.5510	-10.121
122.4893	94.5515	-10.362
123.3769	94.5515	-10.591
124.2709	94.5528	-10.811
125.1714	94.5564	-11.048
126.0785	94.5560	-11.302
126.9921	94.5534	-11.522
127.9123	94.5551	-11.737
128.8392	94.5561	-11.976
129.7728	94.5552	-12.204
130.7132	94.5558	-12.425
131.6604	94.5580	-12.650
132.6145	94.5604	-12.892
133.5755	94.5605	-13.152
134.5434	94.5618	-13.381
135.5184	94.5629	-13.625
136.5004	94.5611	-13.868
137.4895	94.5628	-14.080
138.4858	94.5653	-14.311
139.4894	94.5661	-14.562
140.5002	94.5659	-14.810
141.5183	94.5659	-15.032
142.5438	94.5688	-15.261
143.5767	94.5710	-15.537
144.6171	94.5685	-15.802
145.6651	94.5689	-16.043
146.7206	94.5698	-16.301
147.7838	94.5702	-16.544
148.8547	94.5721	-16.779
149.9334	94.5724	-17.015
151.0199	94.5734	-17.263
152.1142	94.5737	-17.510
153.2165	94.5756	-17.755
154.3268	94.5763	-18.010
155.4451	94.5780	-18.273
156.5715	94.5781	-18.552
157.7061	94.5765	-18.799
158.8489	94.5775	-19.041
160.0000	94.5792	-19.303
161.1594	94.5786	-19.565
162.3273	94.5788	-19.822
163.5035	94.5794	-20.089
164.6884	94.5813	-20.366
165.8818	94.5804	-20.625
167.0838	94.5811	-20.876
168.2946	94.5822	-21.144
169.5141	94.5833	-21.424
170.7425	94.5824	-21.678
171.9797	94.5855	-21.950
173.2260	94.5857	-22.237
174.4812	94.5852	-22.504
175.7456	94.5879	-22.769
177.0191	94.5887	-23.060
178.3019	94.5876	-23.328
179.5939	94.5878	-23.602
180.8953	94.5883	-23.869
182.2062	94.5881	-24.164
183.5265	94.5854	-24.422
184.8564	94.5899	-24.708
186.1960	94.5882	-25.012
187.5452	94.5896	-25.297
188.9043	94.5885	-25.576
190.2731	94.5902	-25.867
191.6519	94.5904	-26.153
193.0407	94.5916	-26.455
194.4396	94.5920	-26.731
195.8486	94.5932	-27.038
197.2678	94.5909	-27.336
198.6972	94.5908	-27.626
200.1371	94.5941	-27.924
201.5874	94.5918	-28.243
203.0482	94.5916	-28.519
204.5195	94.5930	-28.833
206.0016	94.5923	-29.138
207.4943	94.5917	-29.447
208.9979	94.5933	-29.746
210.5124	94.5952	-30.066
212.0379	94.5963	-30.387
213.5744	94.5940	-30.724
215.1220	94.5938	-31.005
216.6809	94.5956	-31.321
218.2510	94.5961	-31.648
219.8326	94.5957	-31.972
221.4256	94.5953	-32.279
223.0301	94.5956	-32.596
224.6463	94.5933	-32.939
226.2742	94.5952	-33.237
227.9138	94.5939	-33.607
229.5654	94.5938	-33.924
231.2289	94.5925	-34.260
232.9045	94.5921	-34.590
234.5922	94.5926	-34.928
236.2922	94.5922	-35.266
238.0045	94.5951	-35.611
239.7291	94.5983	-35.967
241.4663	94.5936	-36.306
243.2161	94.5932	-36.659
244.9785	94.5914	-37.002
246.7537	94.5916	-37.351
248.5418	94.5917	-37.709
250.3428	94.5931	-38.066
252.1569	94.5904	-38.444
253.9842	94.5899	-38.770
255.8246	94.5886	-39.154
257.6785	94.5879	-39.498
259.5457	94.5919	-39.878
261.4265	94.5871	-40.259
263.3209	94.5920	-40.614
265.2290	94.5852	-40.950
267.1510	94.5837	-41.201
269.0869	94.5954	-41.719
271.0368	94.5847	-42.069
273.0008	94.5842	-42.527
274.9791	94.5887	-42.913
276.9717	94.5866	-43.318
278.9788	94.5866	-43.679
281.0003	94.5835	-44.075
283.0366	94.5815	-44.473
285.0876	94.5818	-44.852
287.1535	94.5817	-45.248
289.2343	94.5792	-45.652
291.3302	94.5754	-46.061
293.4413	94.5776	-46.464
295.5677	94.5766	-46.885
297.7095	94.5764	-47.295
299.8668	94.5765	-47.708
302.0398	94.5722	-48.144
304.2285	94.5716	-48.554
306.4330	94.5754	-48.976
308.6536	94.5732	-49.399
310.8902	94.5716	-49.840
313.1431	94.5677	-50.269
315.4122	94.5655	-50.711
317.6978	94.5638	-51.129
320.0000	94.5641	-51.577
322.3189	94.5606	-52.026
324.6545	94.5605	-52.477
327.0071	94.5589	-52.945
329.3767	94.5572	-53.382
331.7635	94.5563	-53.839
334.1676	94.5537	-54.300
336.5891	94.5499	-54.757
339.0282	94.5485	-55.224
341.4849	94.5452	-55.702
343.9595	94.5448	-56.183
346.4519	94.5395	-56.648
348.9625	94.5406	-57.111
351.4912	94.5382	-57.600
354.0383	94.5362	-58.087
356.6038	94.5323	-58.587
359.1879	94.5290	-59.065
361.7907	94.5263	-59.567
364.4124	94.5230	-60.065
367.0530	94.5238	-60.559
369.7129	94.5195	-61.073
372.3920	94.5146	-61.574
375.0905	94.5123	-62.078
377.8085	94.5100	-62.600
380.5463	94.5040	-63.108
383.3039	94.5015	-63.637
386.0814	94.4982	-64.181
388.8792	94.4938	-64.701
391.6971	94.4903	-65.240
394.5355	94.4861	-65.784
397.3945	94.4837	-66.335
400.2742	94.4792	-66.869
403.1747	94.4740	-67.408
406.0963	94.4698	-67.962
409.0390	94.4660	-68.516
412.0031	94.4600	-69.082
414.9887	94.4561	-69.656
417.9958	94.4519	-70.211
421.0248	94.4465	-70.768
424.0757	94.4404	-71.350
427.1488	94.4355	-71.950
430.2440	94.4296	-72.524
433.3618	94.4225	-73.121
436.5021	94.4167	-73.717
439.6652	94.4110	-74.310
442.8512	94.4054	-74.913
446.0602	94.3980	-75.510
449.2926	94.3919	-76.110
452.5483	94.3830	-76.729
455.8277	94.3779	-77.349
459.1308	94.3711	-77.992
462.4579	94.3640	-78.593
465.8090	94.3557	-79.208
469.1845	94.3490	-79.864
472.5844	94.3412	-80.508
476.0089	94.3319	-81.158
479.4583	94.3220	-81.798
482.9326	94.3153	-82.432
486.4321	94.3059	-83.095
489.9570	94.2986	-83.764
493.5075	94.2894	-84.411
497.0836	94.2804	-85.072
500.6857	94.2701	-85.774
504.3139	94.2590	-86.437
507.9683	94.2482	-87.140
511.6493	94.2384	-87.815
515.3569	94.2304	-88.495
519.0914	94.2166	-89.202
522.8529	94.2029	-89.886
526.6418	94.1925	-90.596
530.4580	94.1797	-91.317
534.3019	94.1689	-92.029
538.1737	94.1534	-92.727
542.0735	94.1422	-93.469
546.0016	94.1318	-94.198
549.9582	94.1185	-94.944
553.9434	94.1043	-95.683
557.9575	94.0890	-96.418
562.0007	94.0750	-97.151
566.0732	94.0604	-97.920
570.1752	94.0437	-98.669
574.3069	94.0270	-99.428
578.4686	94.0151	-100.182
582.6604	93.9982	-100.949
586.8826	93.9803	-101.731
591.1354	93.9634	-102.510
595.4190	93.9446	-103.288
599.7336	93.9305	-104.070
604.0796	93.9117	-104.870
608.4570	93.8935	-105.668
612.8661	93.8743	-106.463
617.3072	93.8547	-107.284
621.7804	93.8355	-108.098
626.2861	93.8143	-108.902
630.8244	93.7919	-109.723
635.3957	93.7730	-110.543
640.0000	93.7520	-111.365
644.6377	93.7272	-112.193
649.3090	93.7066	-113.026
654.0142	93.6841	-113.865
658.7534	93.6622	-114.723
663.5270	93.6395	-115.577
668.3352	93.6143	-116.441
673.1783	93.5915	-117.281
678.0564	93.5656	-118.147
682.9699	93.5422	-119.011
687.9189	93.5137	-119.882
692.9039	93.4885	-120.758
697.9249	93.4644	-121.627
702.9824	93.4347	-122.517
708.0765	93.4094	-123.396
713.2075	93.3777	-124.298
718.3757	93.3531	-125.191
723.5814	93.3233	-126.082
728.8247	93.2934	-126.996
734.1061	93.2633	-127.899
739.4257	93.2369	-128.800
744.7839	93.2030	-129.731
750.1809	93.1730	-130.637
755.6170	93.1426	-131.539
761.0926	93.1094	-132.476
766.6077	93.0773	-133.397
772.1629	93.0434	-134.338
777.7583	93.0076	-135.252
783.3943	92.9804	-136.193
789.0711	92.9416	-137.137
794.7890	92.9087	-138.099
800.5484	92.8791	-139.013
806.3495	92.8423	-139.988
812.1926	92.8061	-140.942
818.0781	92.7676	-141.897
824.0062	92.7312	-142.863
829.9773	92.6964	-143.831
835.9917	92.6585	-144.783
842.0496	92.6238	-145.770
848.1515	92.5834	-146.738
854.2975	92.5445	-147.738
860.4881	92.5062	-148.684
866.7236	92.4682	-149.682
873.0042	92.4276	-150.647
879.3303	92.3914	-151.649
885.7023	92.3526	-152.637
892.1205	92.3106	-153.642
898.5852	92.2733	-154.634
905.0967	92.2320	-155.648
911.6554	92.1916	-156.624
918.2616	92.1512	-157.634
924.9157	92.1115	-158.637
931.6180	92.0686	-159.672
938.3689	92.0284	-160.678
945.1687	91.9887	-161.702
952.0178	91.9433	-162.720
958.9165	91.9028	-163.749
965.8652	91.8651	-164.778
972.8643	91.8218	-165.800
979.9141	91.7804	-166.836
987.0149	91.7377	-167.857
994.1672	91.6983	-168.933
1001.3714	91.6567	-169.945
1008.6277	91.6139	-171.015
1015.9367	91.5717	-172.049
1023.2986	91.5315	-173.126
1030.7138	91.4892	-174.163
1038.1828	91.4484	-175.219
1045.7059	91.4063	-176.295
1053.2835	91.3674	-177.354
1060.9160	91.3241	-178.439
1068.6039	91.2833	-179.508
1076.3474	91.2436	179.405
1084.1471	91.1976	178.316
1092.0032	91.1578	177.214
1099.9164	91.1177	176.141
1107.8868	91.0782	175.018
1115.9150	91.0393	173.938
1124.0014	90.9973	172.799
1132.1464	90.9587	171.708
1140.3504	90.9201	170.582
1148.6138	90.8810	169.481
1156.9371	90.8422	168.347
1165.3208	90.8002	167.236
1173.7652	90.7655	166.067
1182.2708	90.7215	164.937
1190.8380	90.6881	163.788
1199.4673	90.6490	162.622
1208.1591	90.6099	161.478
1216.9139	90.5739	160.306
1225.7322	90.5409	159.124
1234.6144	90.5049	157.937
1243.5609	90.4670	156.771
1252.5722	90.4330	155.579
1261.6489	90.3982	154.379
1270.7913	90.3640	153.179
1280.0000	90.3302	151.962
1289.2754	90.2937	150.723
1298.6180	90.2602	149.506
1308.0284	90.2308	148.253
1317.5069	90.1951	147.032
1327.0541	90.1663	145.742
1336.6704	90.1325	144.505
1346.3565	90.0951	143.252
1356.1128	90.0718	141.957
1365.9397	90.0388	140.714
1375.8379	90.0124	139.404
1385.8078	89.9833	138.100
1395.8499	89.9470	136.788
1405.9648	89.9224	135.478
1416.1530	89.8904	134.142
1426.4150	89.8656	132.819
1436.7514	89.8363	131.453
1447.1627	89.8060	130.122
1457.6495	89.7823	128.755
1468.2122	89.7558	127.369
1478.8515	89.7326	126.000
1489.5678	89.7075	124.590
1500.3618	89.6808	123.179
1511.2341	89.6561	121.762
1522.1851	89.6326	120.341
1533.2155	89.6088	118.899
1544.3258	89.5866	117.450
1555.5166	89.5657	115.984
1566.7885	89.5426	114.513
1578.1421	89.5226	113.035
1589.5780	89.4952	111.548
1601.0967	89.4747	110.021
1612.6989	89.4564	108.519
1624.3852	89.4360	106.986
1636.1562	89.4168	105.430
1648.0125	89.3956	103.904
1659.9546	89.3777	102.331
1671.9833	89.3569	100.755
1684.0992	89.3368	99.144
1696.3029	89.3217	97.540
1708.5950	89.3019	95.920
1720.9762	89.2869	94.292
1733.4471	89.2698	92.651
1746.0084	89.2515	90.983
1758.6607	89.2369	89.310
1771.4046	89.2171	87.636
1784.2410	89.2046	85.928
1797.1703	89.1904	84.213
1810.1934	89.1698	82.466
1823.3108	89.1561	80.753
1836.5232	89.1423	79.003
1849.8314	89.1308	77.228
1863.2361	89.1167	75.460
1876.7379	89.1028	73.659
1890.3375	89.0924	71.833
1904.0356	89.0765	70.012
1917.8331	89.0623	68.149
1931.7305	89.0536	66.308
1945.7286	89.0406	64.411
1959.8281	89.0249	62.518
1974.0299	89.0113	60.617
1988.3345	89.0049	58.695
2002.7428	88.9914	56.754
2017.2555	88.9857	54.826
2031.8733	88.9751	52.838
2046.5971	88.9621	50.853
2061.4276	88.9541	48.856
2076.3656	88.9426	46.840
2091.4118	88.9345	44.792
2106.5670	88.9218	42.755
2121.8321	88.9155	40.693
2137.2077	88.9061	38.596
2152.6948	88.8956	36.489
2168.2941	88.8940	34.366
2184.0065	88.8798	32.257
2199.8327	88.8735	30.079
2215.7736	88.8631	27.901
2231.8300	88.8580	25.748
2248.0028	88.8487	23.504
2264.2927	88.8426	21.290
2280.7007	88.8330	19.054
2297.2276	88.8310	16.776
2313.8743	88.8198	14.506
2330.6416	88.8159	12.210
2347.5304	88.8100	9.901
2364.5415	88.8073	7.564
2381.6760	88.7974	5.209
2398.9346	88.7913	2.834
2416.3182	88.7862	0.465
2433.8279	88.7813	-1.969
2451.4644	88.7783	-4.405
2469.2287	88.7717	-6.825
2487.1218	88.7655	-9.313
2505.1445	88.7597	-11.800
2523.2978	88.7580	-14.285
2541.5826	88.7514	-16.847
2560.0000	88.7472	-19.381
2578.5508	88.7438	-21.928
2597.2361	88.7409	-24.528
2616.0567	88.7374	-27.106
2635.0137	88.7361	-29.773
2654.1081	88.7289	-32.406
2673.3409	88.7254	-35.070
2692.7130	88.7230	-37.770
2712.2255	88.7211	-40.473
2731.8794	88.7167	-43.201
2751.6758	88.7136	-45.953
2771.6155	88.7085	-48.726
2791.6998	88.7086	-51.538
2811.9296	88.7066	-54.335
2832.3060	88.7050	-57.180
2852.8301	88.7016	-60.042
2873.5028	88.6992	-62.935
2894.3254	88.7005	-65.824
2915.2989	88.6956	-68.750
2936.4244	88.6919	-71.697
2957.7029	88.6924	-74.667
2979.1356	88.6927	-77.656
3000.7237	88.6896	-80.676
3022.4682	88.6875	-83.733
3044.3702	88.6876	-86.759
3066.4310	88.6877	-89.855
3088.6516	88.6840	-92.984
3111.0332	88.6849	-96.092
3133.5771	88.6828	-99.263
3156.2843	88.6817	-102.434
3179.1560	88.6805	-105.655
3202.1935	88.6790	-108.866
3225.3979	88.6790	-112.127
3248.7705	88.6782	-115.402
3272.3124	88.6783	-118.698
3296.0249	88.6774	-122.016
3319.9093	88.6747	-125.368
3343.9667	88.6769	-128.760
3368.1985	88.6753	-132.148
3392.6058	88.6735	-135.581
3417.1900	88.6766	-139.034
3441.9524	88.6748	-142.515
3466.8942	88.6718	-146.012
3492.0167	88.6709	-149.551
3517.3213	88.6705	-153.099
3542.8093	88.6687	-156.688
3568.4820	88.6688	-160.293
3594.3406	88.6707	-163.937
3620.3867	88.6682	-167.612
3646.6215	88.6702	-171.282
3673.0465	88.6681	-175.022
3699.6629	88.6686	-178.773
3726.4721	88.6646	177.459
3753.4757	88.6688	173.655
3780.6749	88.6629	169.835
3808.0713	88.6671	165.969
3835.6661	88.6628	162.090
3863.4609	88.6628	158.157
3891.4572	88.6607	154.190
3919.6563	88.6588	150.222
3948.0597	88.6622	146.202
3976.6690	88.6579	142.174
4005.4856	88.6590	138.098
4034.5110	88.6579	133.996
4063.7467	88.6563	129.875
4093.1943	88.6567	125.707
4122.8552	88.6534	121.504
4152.7312	88.6502	117.274
4182.8236	88.6523	113.030
4213.1340	88.6507	108.733
4243.6641	88.6510	104.391
4274.4155	88.6485	100.047
4305.3896	88.6457	95.650
4336.5883	88.6463	91.239
4368.0130	88.6425	86.788
4399.6654	88.6430	82.279
4431.5472	88.6417	77.766
4463.6600	88.6421	73.217
4496.0055	88.6395	68.626
4528.5854	88.6388	63.990
4561.4014	88.6404	59.327
4594.4552	88.6380	54.613
4627.7485	88.6383	49.873
4661.2831	88.6382	45.133
4695.0607	88.6394	40.311
4729.0830	88.6364	35.481
4763.3519	88.6366	30.592
4797.8691	88.6375	25.680
4832.6365	88.6365	20.742
4867.6558	88.6375	15.747
4902.9288	88.6364	10.728
4938.4574	88.6385	5.668
4974.2435	88.6373	0.565
5010.2890	88.6380	-4.601
5046.5956	88.6381	-9.763
5083.1653	88.6389	-14.963
5120.0000	88.6401	-20.216
5157.1016	88.6434	-25.509
5194.4721	88.6450	-30.851
5232.1134	88.6466	-36.186
5270.0275	88.6481	-41.596
5308.2162	88.6526	-47.041
5346.6818	88.6524	-52.535
5385.4260	88.6537	-58.067
5424.4510	88.6582	-63.607
5463.7589	88.6586	-69.210
5503.3515	88.6618	-74.865
5543.2311	88.6620	-80.534
5583.3996	88.6658	-86.283
5623.8592	88.6675	-92.024
5664.6120	88.6722	-97.830
5705.6601	88.6722	-103.670
5747.0057	88.6749	-109.569
5788.6509	88.6783	-115.508
5830.5978	88.6793	-121.465
5872.8487	88.6816	-127.488
5915.4058	88.6843	-133.552
5958.2713	88.6852	-139.636
6001.4474	88.6866	-145.793
6044.9363	88.6869	-151.978
6088.7404	88.6883	-158.210
6132.8620	88.6903	-164.499
6177.3032	88.6922	-170.801
6222.0665	88.6903	-177.199
6267.1541	88.6914	176.380
6312.5685	88.6924	169.942
6358.3120	88.6931	163.414
6404.3869	88.6916	156.855
6450.7958	88.6897	150.232
6497.5409	88.6897	143.593
6544.6248	88.6880	136.881
6592.0498	88.6870	130.130
6639.8185	88.6857	123.313
6687.9334	88.6818	116.467
6736.3969	88.6793	109.560
6785.2116	88.6781	102.577
6834.3801	88.6752	95.567
6883.9048	88.6705	88.493
6933.7884	88.6676	81.375
6984.0335	88.6661	74.213
7034.6427	88.6623	66.982
7085.6186	88.6602	59.697
7136.9639	88.6566	52.353
7188.6813	88.6528	44.971
7240.7734	88.6523	37.520
7293.2431	88.6505	30.029
7346.0929	88.6468	22.478
7399.3257	88.6446	14.843
7452.9443	88.6447	7.201
7506.9514	88.6404	-0.547
7561.3499	88.6413	-8.337
7616.1425	88.6385	-16.170
7671.3322	88.6381	-24.083
7726.9219	88.6371	-32.029
7782.9143	88.6351	-40.047
7839.3125	88.6373	-48.122
7896.1194	88.6324	-56.234
7953.3380	88.6338	-64.428
8010.9711	88.6281	-72.601
8069.0219	88.6365	-80.966
8127.4934	88.6355	-89.305
8186.3886	88.6376	-97.724
8245.7105	88.6367	-106.213
8305.4623	88.6374	-114.740
8365.6471	88.6328	-123.335
8426.2680	88.6364	-132.001
8487.3283	88.6390	-140.721
8548.8309	88.6339	-149.472
8610.7793	88.6373	-158.317
8673.1765	88.6370	-167.228
8736.0260	88.6340	-176.216
8799.3308	88.6358	174.760
8863.0944	88.6305	165.658
8927.3200	88.6300	156.494
8992.0111	88.6236	147.241
9057.1709	88.6257	137.954
9122.8029	88.6219	128.580
9188.9105	88.6222	119.136
9255.4971	88.6160	109.613
9322.5662	88.6126	100.024
9390.1214	88.6072	90.370
9458.1661	88.6054	80.642
9526.7039	88.6006	70.823
9595.7383	88.6004	60.960
9665.2730	88.5977	50.996
9735.3115	88.5957	40.954
9805.8576	88.5961	30.838
9876.9149	88.5935	20.662
9948.4871	88.5931	10.418
10020.5779	88.5916	0.073
10093.1912	88.5930	-10.347
10166.3306	88.5905	-20.827
10240.0000	88.5973	-31.391
10314.2033	88.5979	-42.019
10388.9442	88.5987	-52.732
10464.2268	88.6042	-63.535
10540.0549	88.6094	-74.389
10616.4325	88.6120	-85.327
10693.3635	88.6170	-96.341
10770.8521	88.6205	-107.438
10848.9021	88.6231	-118.616
10927.5177	88.6292	-129.878
11006.7030	88.6347	-141.201
11086.4621	88.6353	-152.604
11166.7992	88.6397	-164.124
11247.7184	88.6419	-175.678
11329.2240	88.6473	172.650
11411.3202	88.6476	160.907
11494.0114	88.6475	149.069
11577.3017	88.6478	137.143
11661.1956	88.6467	125.128
11745.6975	88.6484	113.015
11830.8116	88.6477	100.824
11916.5426	88.6482	88.519
12002.8947	88.6471	76.147
12089.8727	88.6422	63.638
12177.4809	88.6438	51.074
12265.7239	88.6417	38.382
12354.6064	88.6413	25.624
12444.1330	88.6453	12.761
12534.3083	88.6433	-0.203
12625.1370	88.6460	-13.280
12716.6240	88.6479	-26.410
12808.7739	88.6493	-39.662
12901.5916	88.6483	-53.003
12995.0818	88.6517	-66.453
13089.2495	88.6548	-79.978
13184.0996	88.6574	-93.607
13279.6370	88.6582	-107.307
13375.8668	88.6614	-121.154
13472.7938	88.6622	-135.065
13570.4232	88.6627	-149.092
13668.7601	88.6617	-163.196
13767.8096	88.6572	-177.429
13867.5768	88.6554	168.253
13968.0670	88.6500	153.794
14069.2853	88.6446	139.257
14171.2372	88.6386	124.600
14273.9278	88.6340	109.836
14377.3626	88.6299	94.946
14481.5469	88.6215	79.941
14586.4861	88.6129	64.814
14692.1858	88.6115	49.585
14798.6515	88.6046	34.221
14905.8886	88.6009	18.749
15013.9028	88.5947	3.148
15122.6997	88.5942	-12.538
15232.2851	88.5919	-28.359
15342.6645	88.5898	-44.307
15453.8437	88.5877	-60.344
15565.8287	88.5889	-76.511
15678.6251	88.5908	-92.789
15792.2389	88.5898	-109.194
15906.6759	88.5914	-125.688
16021.9423	88.5909	-142.303
16138.0439	88.5931	-159.072
16254.9868	88.5911	-175.937
16372.7771	88.5912	167.061
16491.4210	88.5898	149.917
16610.9246	88.5884	132.637
16731.2942	88.5859	115.258
16852.5361	88.5835	97.703
16974.6565	88.5828	80.045
17097.6619	88.5806	62.221
17221.5586	88.5824	44.267
17346.3531	88.5813	26.156
17472.0519	88.5786	7.921
17598.6616	88.5825	-10.450
17726.1888	88.5873	-28.949
17854.6400	88.5882	-47.592
17984.0221	88.5968	-66.373
18114.3418	88.6009	-85.290
18245.6057	88.6059	-104.315
18377.8209	88.6137	-123.509
18510.9942	88.6193	-142.821
18645.1325	88.6207	-162.285
18780.2428	88.6197	178.102
18916.3322	88.6197	158.358
19053.4077	88.6178	138.440
19191.4766	88.6139	118.339
19330.5459	88.6087	98.125
19470.6230	88.6004	77.723
19611.7152	88.5978	57.155
19753.8298	88.5900	36.448
19896.9742	88.5835	15.584
