* Helix DSP Ultra S, output layer, channel w_L — PK 400.00 Hz -12 dB Q 1
* REW 5.40 Beta 132 measurement 'bellQ-q1', 2026-08-20, 512k sweep, 4 averages,
* -9 dBFS, 96 kHz, loopback timing reference; ECM8000 on a tripod at the listening position,
* processor otherwise cleared. Only this one setting differs between before and after.
* frequency_Hz<TAB>SPL_dB<TAB>phase_deg — REW's unsmoothed curve resampled to 1/96 octave
20.0000	73.3465	99.393
20.1444	73.3515	99.386
20.2899	73.6090	99.019
20.4364	73.8683	98.649
20.5840	74.1403	98.081
20.7327	74.4245	97.326
20.8824	74.7109	96.540
21.0332	75.0008	95.331
21.1851	75.2928	94.112
21.3381	75.5740	92.602
21.4922	75.8499	90.920
21.6474	76.1170	89.124
21.8037	76.3561	87.029
21.9611	76.5968	84.920
22.1197	76.7866	82.532
22.2795	76.9736	80.106
22.4404	77.1199	77.568
22.6024	77.2425	74.955
22.7656	77.3402	72.324
22.9300	77.3947	69.671
23.0956	77.4402	67.020
23.2624	77.4309	64.471
23.4304	77.4216	61.904
23.5996	77.3626	59.567
23.7700	77.3010	57.223
23.9417	77.2121	55.127
24.1146	77.1160	53.081
24.2887	77.0100	51.250
24.4641	76.8990	49.513
24.6408	76.7893	47.938
24.8188	76.6805	46.472
24.9980	76.5795	45.114
25.1785	76.4856	43.850
25.3603	76.4038	42.644
25.5435	76.3344	41.496
25.7279	76.2805	40.351
25.9137	76.2421	39.208
26.1009	76.2200	37.994
26.2894	76.2121	36.714
26.4792	76.2142	35.274
26.6704	76.2233	33.717
26.8630	76.2261	31.935
27.0570	76.2259	30.034
27.2524	76.1961	27.918
27.4492	76.1577	25.729
27.6474	76.0687	23.441
27.8471	75.9704	21.135
28.0482	75.8237	18.907
28.2508	75.6683	16.715
28.4548	75.4902	14.658
28.6603	75.3089	12.643
28.8672	75.1243	10.681
29.0757	74.9375	8.627
29.2857	74.7490	6.526
29.4971	74.5263	4.106
29.7102	74.2805	1.582
29.9247	73.9627	-1.212
30.1408	73.5722	-4.061
30.3585	73.1125	-6.962
30.5777	72.5260	-9.605
30.7985	71.8914	-12.104
31.0209	71.1577	-14.088
31.2450	70.3879	-15.839
31.4706	69.5842	-17.376
31.6979	68.6969	-19.230
31.9268	67.6986	-21.541
32.1573	66.4576	-24.875
32.3896	64.5117	-29.915
32.6235	61.7672	-36.716
32.8590	55.7547	-50.271
33.0963	54.5048	-116.844
33.3353	56.9179	141.269
33.5761	62.7581	128.277
33.8186	67.0427	117.056
34.0628	69.8737	107.473
34.3088	71.5760	98.511
34.5565	72.9086	89.838
34.8061	73.8835	81.473
35.0574	74.3730	73.977
35.3106	74.6175	67.361
35.5656	74.6563	61.682
35.8224	74.4623	57.844
36.0811	74.2161	56.125
36.3417	74.0290	55.978
36.6041	73.9986	57.522
36.8685	74.3689	59.563
37.1347	74.9330	60.763
37.4029	75.6379	60.871
37.6730	76.3653	59.291
37.9450	76.9703	56.606
38.2191	77.4562	53.505
38.4951	77.8184	50.268
38.7731	78.0512	47.366
39.0531	78.2357	45.096
39.3351	78.4346	43.259
39.6191	78.6760	41.694
39.9052	78.9863	40.133
40.1934	79.3510	38.068
40.4837	79.7107	35.532
40.7760	80.0435	32.611
41.0705	80.3361	29.429
41.3671	80.5886	26.153
41.6658	80.8304	22.863
41.9667	81.0859	19.409
42.2698	81.3503	15.603
42.5750	81.6020	11.280
42.8825	81.8035	6.341
43.1922	81.8946	0.801
43.5041	81.8165	-5.040
43.8182	81.5712	-10.767
44.1347	81.1645	-16.027
44.4534	80.6222	-20.493
44.7744	79.9889	-23.919
45.0978	79.3217	-26.197
45.4234	78.6779	-27.396
45.7515	78.1043	-27.678
46.0819	77.6124	-27.316
46.4146	77.2083	-26.441
46.7498	76.9125	-25.172
47.0874	76.7435	-23.752
47.4275	76.6974	-22.519
47.7700	76.7395	-21.762
48.1149	76.8171	-21.585
48.4624	76.8843	-21.889
48.8124	76.9173	-22.480
49.1649	76.9126	-23.190
49.5199	76.8733	-23.929
49.8775	76.7982	-24.643
50.2377	76.6834	-25.227
50.6005	76.5353	-25.491
50.9659	76.3854	-25.226
51.3340	76.2923	-24.347
51.7047	76.3241	-23.040
52.0781	76.5219	-21.778
52.4542	76.8704	-21.141
52.8330	77.2997	-21.538
53.2145	77.7160	-23.042
53.5988	78.0361	-25.410
53.9859	78.2090	-28.199
54.3757	78.2262	-30.897
54.7684	78.1242	-33.062
55.1639	77.9761	-34.471
55.5623	77.8672	-35.223
55.9635	77.8594	-35.714
56.3677	77.9654	-36.431
56.7747	78.1546	-37.727
57.1847	78.3713	-39.701
57.5977	78.5611	-42.159
58.0136	78.6862	-44.847
58.4326	78.7249	-47.470
58.8545	78.6781	-49.767
59.2796	78.5699	-51.594
59.7077	78.4397	-52.999
60.1388	78.3260	-54.283
60.5731	78.2374	-55.855
61.0106	78.1555	-58.012
61.4511	78.0453	-60.873
61.8949	77.8625	-64.350
62.3419	77.5456	-68.126
62.7921	77.0779	-71.645
63.2456	76.4498	-74.380
63.7023	75.6723	-75.813
64.1623	74.7800	-75.118
64.6257	73.9058	-71.929
65.0924	73.2637	-66.320
65.5624	73.0946	-59.545
66.0359	73.4644	-54.397
66.5128	74.0021	-51.995
66.9931	74.4544	-51.722
67.4769	74.7072	-52.207
67.9642	74.8652	-52.264
68.4550	75.0555	-51.846
68.9493	75.3330	-51.728
69.4472	75.5974	-52.509
69.9488	75.7297	-53.999
70.4539	75.6409	-55.272
70.9627	75.4510	-55.417
71.4751	75.3379	-54.140
71.9913	75.4434	-52.337
72.5112	75.6985	-51.094
73.0348	75.9571	-50.680
73.5622	76.1526	-50.295
74.0935	76.3454	-49.369
74.6285	76.6375	-48.053
75.1675	77.0875	-46.985
75.7103	77.6596	-46.807
76.2570	78.2547	-47.849
76.8077	78.7670	-49.926
77.3624	79.1399	-52.409
77.9211	79.3948	-54.765
78.4838	79.5891	-56.833
79.0506	79.7457	-58.728
79.6214	79.8554	-60.305
80.1964	79.9567	-61.286
80.7756	80.1613	-61.553
81.3589	80.5170	-61.841
81.9464	80.9915	-62.881
82.5382	81.4709	-64.850
83.1343	81.8950	-67.426
83.7346	82.2454	-70.305
84.3393	82.5457	-73.304
84.9484	82.7987	-76.375
85.5618	82.9982	-79.383
86.1797	83.1684	-82.170
86.8021	83.3412	-84.714
87.4289	83.5455	-87.150
88.0603	83.7825	-89.677
88.6962	84.0436	-92.421
89.3367	84.3129	-95.476
89.9819	84.5664	-98.855
90.6317	84.7939	-102.465
91.2862	84.9936	-106.282
91.9454	85.1567	-110.314
92.6094	85.2679	-114.500
93.2782	85.3277	-118.726
93.9518	85.3426	-122.955
94.6303	85.3107	-127.151
95.3136	85.2343	-131.236
96.0019	85.1226	-135.169
96.6952	84.9755	-138.947
97.3935	84.7906	-142.460
98.0968	84.5927	-145.580
98.8052	84.4161	-148.389
99.5188	84.2699	-151.082
100.2374	84.1416	-153.810
100.9613	84.0055	-156.633
101.6904	83.8365	-159.444
102.4248	83.6355	-162.018
103.1644	83.4334	-164.170
103.9094	83.2839	-165.882
104.6598	83.2316	-167.515
105.4156	83.2393	-169.567
106.1769	83.2380	-171.933
106.9436	83.2575	-174.320
107.7159	83.3333	-177.087
108.4938	83.3927	179.593
109.2773	83.4016	176.120
110.0665	83.3810	172.563
110.8613	83.3125	168.910
111.6619	83.2269	165.403
112.4683	83.1798	161.661
113.2805	83.0786	157.332
114.0985	82.8602	153.055
114.9225	82.5933	149.096
115.7524	82.2945	145.207
116.5883	81.9861	141.650
117.4303	81.7391	138.141
118.2783	81.4510	134.274
119.1324	81.0378	131.062
119.9927	80.6863	128.850
120.8593	80.4726	126.465
121.7321	80.2885	123.486
122.6112	80.0936	120.206
123.4966	79.8370	116.603
124.3884	79.4963	113.216
125.2867	79.2098	110.163
126.1915	79.0099	106.528
127.1028	78.7667	102.374
128.0206	78.4852	98.199
128.9451	78.1830	93.520
129.8763	77.7679	88.161
130.8142	77.2305	82.630
131.7589	76.5898	77.142
132.7104	75.8438	71.871
133.6688	74.9923	66.727
134.6341	73.9631	61.764
135.6063	72.7703	57.453
136.5856	71.4306	53.900
137.5720	69.9717	51.787
138.5655	68.4868	50.499
139.5661	66.7246	50.469
140.5740	65.0093	54.333
141.5892	63.5218	58.547
142.6116	61.7535	66.540
143.6415	60.7226	80.316
144.6788	60.6516	95.168
145.7236	61.8845	106.417
146.7760	63.2822	108.289
147.8359	64.0086	105.289
148.9035	63.9351	101.768
149.9788	63.5742	101.002
151.0619	63.3749	101.433
152.1528	63.2864	102.530
153.2516	63.3656	103.450
154.3583	63.5095	102.776
155.4730	63.6048	100.255
156.5958	63.5046	96.573
157.7266	63.1877	92.231
158.8656	62.5259	86.353
160.0129	61.3457	80.140
161.1684	59.3059	73.795
162.3323	55.8189	74.162
163.5046	52.7007	79.821
164.6854	46.7876	87.868
165.8746	43.8506	161.363
167.0725	50.4602	-156.961
168.2790	55.3438	-144.556
169.4943	59.3714	-140.362
170.7183	62.4062	-143.080
171.9511	65.2583	-145.201
173.1929	67.9992	-151.685
174.4436	70.1500	-162.217
175.7033	71.6395	-174.954
176.9722	72.3733	173.064
178.2502	72.6176	162.965
179.5374	72.3272	155.891
180.8340	72.3187	155.686
182.1399	73.3392	154.731
183.4552	74.4590	148.986
184.7800	75.3246	140.844
186.1144	75.8063	131.550
187.4584	75.9466	122.890
188.8122	75.9895	114.958
190.1757	75.9493	107.260
191.5490	75.8147	99.978
192.9323	75.5601	92.772
194.3256	75.1918	86.217
195.7289	74.6660	79.796
197.1424	74.0336	74.960
198.5660	73.4119	71.311
200.0000	72.8835	68.286
201.4443	72.2864	66.000
202.8990	71.8700	64.080
204.3643	71.5238	61.356
205.8401	70.9456	58.846
207.3266	70.3124	59.083
208.8238	69.7951	59.494
210.3318	69.4530	61.413
211.8507	69.3821	64.791
213.3806	69.6493	66.937
214.9216	70.1338	66.903
216.4736	70.4782	65.697
218.0369	70.7675	63.574
219.6115	71.0286	61.388
221.1974	71.2406	60.012
222.7948	71.7094	57.798
224.4037	72.0219	53.610
226.0242	72.1347	48.691
227.6565	72.1539	44.650
229.3005	72.0409	41.726
230.9564	72.0003	38.611
232.6243	71.9813	36.031
234.3042	71.9449	33.538
235.9962	72.0105	31.060
237.7004	72.0749	28.344
239.4170	72.2621	25.869
241.1460	72.4015	22.404
242.8874	72.5388	18.525
244.6414	72.6577	14.668
246.4081	72.6725	10.778
248.1876	72.5796	6.752
249.9798	72.5610	2.459
251.7851	72.5205	-1.628
253.6034	72.4155	-5.935
255.4348	72.2827	-10.311
257.2794	72.0939	-14.335
259.1373	71.9555	-18.230
261.0087	71.6135	-22.107
262.8936	71.4428	-25.903
264.7921	71.1915	-29.496
266.7043	70.9807	-33.126
268.6303	70.7353	-37.071
270.5702	70.3569	-41.119
272.5242	69.9476	-44.953
274.4922	69.4301	-48.489
276.4744	68.7688	-50.985
278.4710	68.1965	-52.094
280.4820	67.6870	-52.860
282.5075	67.1723	-52.585
284.5476	66.8265	-52.272
286.6025	66.7261	-50.745
288.6722	66.7084	-49.728
290.7569	66.7744	-49.410
292.8566	66.9269	-49.464
294.9715	67.1529	-50.092
297.1016	67.3096	-50.427
299.2471	67.6451	-51.170
301.4082	67.9553	-52.504
303.5848	68.4120	-54.013
305.7771	68.8291	-56.519
307.9853	69.2079	-59.769
310.2094	69.5714	-63.341
312.4496	69.9152	-67.530
314.7060	70.2199	-71.546
316.9786	70.5635	-76.517
319.2677	70.8092	-81.341
321.5733	71.0009	-86.646
323.8956	71.1693	-92.221
326.2346	71.2512	-98.268
328.5905	71.3642	-104.537
330.9634	71.2463	-111.203
333.3535	71.1149	-117.513
335.7608	70.8494	-123.447
338.1855	70.5633	-129.024
340.6277	70.2454	-134.293
343.0876	69.8870	-139.589
345.5652	69.4841	-144.197
348.0607	69.1209	-148.131
350.5742	68.7395	-151.863
353.1059	68.4238	-154.988
355.6559	68.1624	-158.264
358.2243	67.9457	-161.927
360.8112	67.7159	-165.862
363.4168	67.4862	-169.802
366.0412	67.2236	-173.872
368.6846	66.9746	-177.588
371.3471	66.6973	178.430
374.0288	66.5355	174.667
376.7298	66.2385	171.164
379.4504	66.0379	167.641
382.1906	65.8133	163.709
384.9506	65.6824	159.353
387.7305	65.4502	154.899
390.5305	65.1332	150.570
393.3508	64.7351	146.330
396.1914	64.3896	142.831
399.0525	63.9999	138.707
401.9342	63.6453	135.366
404.8368	63.2954	130.812
407.7604	62.7503	127.616
410.7050	62.2940	124.209
413.6709	61.9241	122.081
416.6583	61.4816	119.312
419.6672	61.1715	116.869
422.6978	60.6742	115.129
425.7503	60.4817	113.520
428.8249	60.3136	111.622
431.9217	60.3007	109.458
435.0408	60.4336	105.981
438.1825	60.3976	101.328
441.3468	60.3534	95.264
444.5340	59.8811	88.568
447.7442	59.2215	83.273
450.9776	58.3868	79.235
454.2344	57.6513	77.226
457.5146	57.1216	74.945
460.8186	56.4845	73.288
464.1464	56.0863	70.185
467.4983	55.5886	67.580
470.8743	54.4330	66.643
474.2747	53.6477	66.100
477.6997	52.6440	65.139
481.1495	51.9946	69.681
484.6241	51.9654	74.965
488.1238	51.6521	79.956
491.6488	52.1905	83.692
495.1993	52.4290	85.353
498.7754	52.6523	85.752
502.3773	53.0336	88.318
506.0052	53.8791	89.361
509.6593	54.4962	84.632
513.3399	54.9370	84.391
517.0470	55.2327	81.798
520.7808	55.5997	81.357
524.5417	56.1014	78.828
528.3297	56.7373	76.224
532.1450	56.7665	74.390
535.9879	57.1427	72.473
539.8586	57.4851	72.024
543.7572	58.0773	72.615
547.6839	59.1856	71.887
551.6390	60.0715	68.486
555.6227	60.9737	65.934
559.6352	62.0148	61.876
563.6766	63.2220	57.874
567.7472	64.4546	51.672
571.8472	65.6033	43.768
575.9768	66.6195	34.963
580.1362	67.4865	25.537
584.3257	68.2850	15.248
588.5454	68.9221	4.625
592.7956	69.4930	-6.488
597.0765	69.8417	-17.878
601.3883	70.1211	-29.062
605.7313	70.2874	-40.105
610.1056	70.3804	-51.288
614.5115	70.4019	-62.352
618.9492	70.2886	-73.390
623.4189	70.1162	-83.803
627.9210	69.8506	-94.604
632.4555	69.4144	-104.395
637.0228	68.9505	-112.582
641.6231	68.6981	-118.572
646.2566	68.9754	-126.789
650.9236	68.9912	-137.187
655.6242	68.8975	-147.317
660.3588	68.7007	-158.034
665.1276	68.4126	-169.199
669.9309	67.8892	179.501
674.7688	67.2133	169.238
679.6417	66.4502	160.092
684.5497	65.7292	151.638
689.4932	64.9840	143.097
694.4724	64.1748	135.786
699.4876	63.5046	129.633
704.5389	62.7066	122.689
709.6268	61.7658	117.751
714.7514	60.9425	116.311
719.9130	60.9104	116.599
725.1118	61.3031	115.231
730.3483	62.0261	111.010
735.6225	62.9036	104.502
740.9348	63.7324	95.998
746.2855	64.6535	85.315
751.6748	65.6260	72.978
757.1030	66.3759	57.603
762.5705	66.7682	41.091
768.0774	66.9800	24.152
773.6241	67.0064	7.267
779.2109	66.8356	-9.202
784.8380	66.6450	-24.683
790.5057	66.4620	-39.553
796.2143	66.3474	-53.242
801.9642	66.5748	-65.036
807.7556	67.3926	-77.245
813.5889	68.5788	-93.291
819.4642	69.6249	-113.039
825.3820	70.3604	-133.641
831.3425	70.9375	-154.724
837.3461	71.3601	-176.307
843.3930	71.4070	161.463
849.4836	71.0749	140.453
855.6182	70.4177	122.059
861.7970	69.7460	107.396
868.0205	69.3771	95.033
874.2890	69.4688	83.270
880.6027	69.7518	69.563
886.9620	69.9597	53.902
893.3672	69.9329	38.138
899.8187	69.8589	22.380
906.3167	69.7425	4.736
912.8617	69.0412	-15.855
919.4540	67.2130	-37.008
926.0938	63.8514	-53.004
932.7817	58.4709	-52.982
939.5178	56.0672	-5.550
946.3025	61.9892	14.366
953.1363	66.5312	3.835
960.0194	69.2843	-14.581
966.9522	70.9348	-33.658
973.9351	72.0754	-52.464
980.9684	72.8418	-70.861
988.0524	73.3676	-88.255
995.1877	73.8233	-105.327
1002.3745	74.2586	-124.204
1009.6131	74.2551	-144.223
1016.9041	73.8404	-163.537
1024.2477	73.1017	179.206
1031.6443	72.3417	164.112
1039.0944	71.8322	149.611
1046.5982	71.1825	133.074
1054.1563	70.1351	115.214
1061.7689	68.4378	97.643
1069.4365	65.8229	81.590
1077.1594	61.5566	71.486
1084.9382	54.7098	99.203
1092.7731	61.0258	143.633
1100.6646	65.8736	126.822
1108.6131	67.6621	104.582
1116.6190	67.9716	84.388
1124.6827	67.3985	67.210
1132.8046	66.3998	56.147
1140.9852	65.5364	48.892
1149.2248	64.5769	44.730
1157.5240	63.5143	50.400
1165.8831	65.6580	66.795
1174.3025	70.0942	61.249
1182.7828	73.3001	41.987
1191.3243	75.2684	18.835
1199.9275	76.4500	-4.005
1208.5928	77.3302	-26.240
1217.3207	77.9288	-49.031
1226.1116	78.1842	-72.161
1234.9660	78.1056	-95.572
1243.8843	77.6099	-118.814
1252.8671	76.7339	-140.502
1261.9147	75.6571	-160.654
1271.0276	74.3659	179.939
1280.2064	72.7066	161.836
1289.4515	70.6214	146.645
1298.7633	68.1847	134.776
1308.1423	64.9390	130.239
1317.5891	62.7492	149.251
1327.1041	65.6115	159.460
1336.6878	67.7624	147.939
1346.3408	68.8191	133.740
1356.0634	69.0160	118.878
1365.8563	68.4044	109.941
1375.7198	68.8581	110.746
1385.6546	71.1167	106.608
1395.6612	73.5349	92.719
1405.7400	75.4419	74.210
1415.8916	76.9391	53.766
1426.1165	78.2118	32.128
1436.4152	79.2939	8.452
1446.7883	79.9274	-17.657
1457.2363	79.9069	-43.594
1467.7598	79.5464	-66.681
1478.3593	79.3323	-88.526
1489.0353	79.0704	-111.363
1499.7884	78.5822	-134.046
1510.6192	78.0853	-156.540
1521.5282	77.4481	179.223
1532.5159	76.2754	153.849
1543.5830	74.4637	130.160
1554.7301	72.2346	108.754
1565.9576	69.1479	89.626
1577.2662	64.2990	83.184
1588.6565	62.7986	116.825
1600.1290	67.4975	116.294
1611.6844	69.9383	96.458
1623.3232	71.5430	73.699
1635.0461	72.4270	47.089
1646.8536	72.5191	18.793
1658.7464	71.5890	-9.946
1670.7251	69.6703	-33.024
1682.7903	67.2966	-46.866
1694.9426	66.5493	-46.584
1707.1827	68.5569	-55.774
1719.5111	70.2981	-77.038
1731.9286	71.5886	-102.106
1744.4358	72.9299	-131.516
1757.0333	73.7079	-168.341
1769.7218	73.1380	153.535
1782.5019	72.1742	121.386
1795.3743	72.3492	90.434
1808.3396	73.0763	48.278
1821.3986	72.7259	-2.715
1834.5519	71.3646	-54.260
1847.8001	69.9811	-105.729
1861.1441	68.6134	-164.108
1874.5844	66.4441	132.631
1888.1218	64.1932	73.353
1901.7569	63.7592	24.494
1915.4905	65.4590	-23.618
1929.3232	66.6727	-68.493
1943.2559	68.6013	-100.020
1957.2892	71.7181	-138.395
1971.4238	73.4227	-178.930
1985.6605	74.8880	146.055
2000.0000	76.6833	110.100
2014.4431	77.9803	70.390
2028.9904	78.7851	32.871
2043.6428	79.5985	-8.228
2058.4011	79.3340	-51.279
2073.2659	78.1921	-93.284
2088.2380	75.6459	-131.926
2103.3183	72.4895	-156.284
2118.5075	70.6812	-175.889
2133.8063	68.3836	175.930
2149.2157	70.8765	163.688
2164.7363	70.9782	128.917
2180.3690	69.5338	109.464
2196.1146	70.4542	101.008
2211.9739	74.1254	72.846
2227.9477	75.9421	26.149
2244.0369	75.1335	-25.547
2260.2423	71.5330	-65.751
2276.5647	68.6965	-82.278
2293.0050	69.1727	-96.805
2309.5640	71.2194	-124.078
2326.2426	73.2416	-168.881
2343.0416	73.5125	139.275
2359.9619	73.1150	84.540
2377.0045	70.9020	25.362
2394.1701	66.9581	-21.033
2411.4596	65.3481	-57.814
2428.8741	63.3761	-111.000
2446.4142	59.2451	-167.957
2464.0811	50.3995	109.640
2481.8755	45.6615	-70.286
2499.7985	46.9195	-21.545
2517.8508	62.4835	-75.860
2536.0336	68.4200	-136.546
2554.3476	72.0207	166.989
2572.7939	73.6679	106.259
2591.3734	72.4829	61.229
2610.0871	74.3058	28.711
2628.9359	76.3392	-24.674
2647.9208	75.8745	-80.415
2667.0429	75.2988	-130.057
2686.3030	73.5652	169.037
2705.7022	69.3678	113.887
2725.2415	62.4821	61.318
2744.9219	54.0685	70.573
2764.7445	56.0331	44.084
2784.7101	54.7478	-51.144
2804.8200	60.3160	171.552
2825.0751	63.5973	80.547
2845.4765	62.6673	29.477
2866.0251	67.7778	-20.935
2886.7222	69.3574	-107.712
2907.5688	69.2229	173.187
2928.5659	70.4378	92.899
2949.7146	71.8825	11.094
2971.0160	71.2340	-66.726
2992.4713	69.8010	-127.926
3014.0815	70.1460	175.979
3035.8478	69.3582	94.491
3057.7713	64.2737	-7.620
3079.8531	58.9738	-168.018
3102.0943	54.3443	78.110
3124.4962	58.9877	101.037
3147.0598	64.8902	16.344
3169.7864	61.8763	-59.972
3192.6771	57.5061	-72.151
3215.7331	62.2192	-82.096
3238.9556	69.8370	-146.306
3262.3458	71.9144	133.820
3285.9049	72.2861	71.257
3309.6342	73.4986	6.570
3333.5348	72.7844	-57.814
3357.6080	71.8484	-110.684
3381.8551	70.2436	-161.342
3406.2773	69.4952	163.616
3430.8758	70.7120	121.065
3455.6520	70.3195	71.651
3480.6071	69.5000	22.330
3505.7424	67.0048	-22.264
3531.0592	64.7757	-40.875
3556.5588	66.0239	-76.119
3582.2426	66.3392	-100.646
3608.1119	66.5762	-148.080
3634.1680	67.4578	-176.341
3660.4122	66.9977	144.516
3686.8460	69.9901	105.083
3713.4706	71.0216	45.859
3740.2876	68.6492	-30.335
3767.2982	49.7288	-138.790
3794.5038	66.7881	7.081
3821.9059	71.3651	-72.748
3849.5060	70.6892	-140.136
3877.3053	70.5376	153.884
3905.3053	66.5219	73.443
3933.5076	56.8986	-51.605
3961.9136	65.0796	167.635
3990.5246	69.2777	74.477
4019.3423	69.6555	5.123
4048.3681	68.6758	-56.335
4077.6035	67.5128	-101.213
4107.0501	70.0043	179.725
4136.7092	66.3557	77.275
4166.5826	63.9683	-30.615
4196.6717	66.5541	-137.125
4226.9781	68.6611	129.598
4257.5033	68.0692	46.486
4288.2490	64.5524	-34.430
4319.2167	58.5909	-112.390
4350.4081	56.4495	76.944
4381.8247	68.7704	-52.120
4413.4681	72.6951	-159.925
4445.3401	72.1764	97.045
4477.4423	68.2222	-2.670
4509.7763	57.5407	-99.351
4542.3437	59.0713	179.796
4575.1464	60.3830	35.546
4608.1860	56.2436	-46.647
4641.4641	62.2177	-122.368
4674.9826	62.7344	151.023
4708.7431	60.9931	65.147
4742.7474	61.3055	3.697
4776.9973	64.8112	-69.785
4811.4945	65.6963	-170.583
4846.2409	62.4261	75.991
4881.2381	52.6566	-28.133
4916.4881	56.0094	-171.158
4951.9927	61.8874	64.325
4987.7537	65.8856	-59.460
5023.7729	61.8562	-140.479
5060.0522	53.7053	124.893
5096.5935	53.0405	-166.189
5133.3987	58.4894	96.564
5170.4697	63.1852	30.976
5207.8084	69.5773	-60.116
5245.4167	68.0021	158.936
5283.2966	64.4028	22.920
5321.4501	64.8557	-121.005
5359.8791	68.1285	121.385
5398.5856	69.8987	-11.585
5437.5717	70.3063	-117.217
5476.8393	69.4016	127.279
5516.3904	68.3685	-39.268
5556.2272	67.8508	98.425
5596.3516	66.7396	-44.217
5636.7659	68.6237	-116.305
5677.4719	69.1977	124.256
5718.4720	62.2399	82.959
5759.7681	60.1306	-39.192
5801.3624	64.3196	-82.156
5843.2571	66.0714	-175.058
5885.4544	70.8238	33.430
5927.9563	59.5451	-140.866
5970.7652	64.1943	-134.018
6013.8833	65.3132	52.470
6057.3127	59.8605	-69.905
6101.0558	63.2864	138.073
6145.1147	63.8627	79.055
6189.4919	59.8323	-63.272
6234.1894	64.0321	-111.829
6279.2098	65.2141	94.752
6324.5553	52.4339	18.492
6370.2283	48.5136	-44.919
6416.2311	53.2669	-163.151
6462.5661	60.1320	-42.164
6509.2357	51.2204	-5.555
6556.2423	62.6014	139.108
6603.5884	57.0699	-29.321
6651.2764	57.7657	133.374
6699.3088	60.3802	-18.082
6747.6880	60.0531	-155.849
6796.4167	61.9065	105.299
6845.4972	61.9140	-33.616
6894.9321	53.9403	-72.376
6944.7241	64.4823	128.635
6994.8756	61.3209	-34.303
7045.3893	48.8639	-100.292
7096.2678	59.4934	-179.594
7147.5137	53.2700	47.337
7199.1297	30.9289	164.250
7251.1184	51.4828	-91.921
7303.4825	58.3682	68.204
7356.2249	65.6508	-143.637
7409.3480	63.7775	14.254
7462.8549	57.1632	42.307
7516.7481	63.8084	-102.548
7571.0305	54.1568	119.354
7625.7049	59.1944	21.567
7680.7742	55.2040	-119.324
7736.2411	63.0418	-46.428
7792.1086	60.5243	-80.360
7848.3795	62.0199	106.684
7905.0568	63.5915	-17.701
7962.1434	59.9760	-92.010
8019.6423	51.4204	-168.147
8077.5563	61.1170	-170.371
8135.8886	60.7867	22.053
8194.6422	58.4842	-43.994
8253.8200	62.2834	-154.115
8313.4252	65.9659	26.138
8373.4609	61.7607	-174.345
8433.9301	63.5444	27.680
8494.8359	59.9728	-129.520
8556.1816	53.9326	101.026
8617.9704	52.6762	96.299
8680.2053	56.5585	-179.868
8742.8896	50.6295	55.248
8806.0267	57.6544	17.636
8869.6196	66.5111	-154.098
8933.6718	64.4197	51.286
8998.1866	61.5420	-153.079
9063.1673	62.5196	-6.612
9128.6172	58.6534	156.076
9194.5398	60.8192	60.875
9260.9384	57.0290	-67.078
9327.8165	54.0709	137.586
9395.1776	55.9083	67.705
9463.0252	58.8993	-124.786
9531.3627	62.3349	124.228
9600.1937	58.5382	50.907
9669.5218	66.0437	-92.957
9739.3505	60.6515	111.256
9809.6835	62.4324	-3.545
9880.5244	56.2332	103.036
9951.8769	59.9965	-124.771
10023.7447	56.2827	136.005
10096.1314	53.9205	20.100
10169.0409	59.7512	-178.699
10242.4770	54.3446	55.376
10316.4433	60.6474	-126.840
10390.9438	47.9958	0.857
10465.9823	57.9373	-76.012
10541.5627	59.2815	68.658
10617.6889	57.0482	-143.790
10694.3648	59.1315	44.969
10771.5945	58.5288	-120.600
10849.3819	46.2133	-152.958
10927.7310	51.5466	27.089
11006.6459	58.8326	-67.624
11086.1307	53.7901	-111.342
11166.1895	55.3875	75.801
11246.8265	48.8596	-73.645
11328.0458	57.9669	-158.055
11409.8516	48.0590	-150.596
11492.2482	56.1244	-49.767
11575.2398	54.5191	2.823
11658.8307	56.6720	151.812
11743.0253	40.5665	-147.031
11827.8279	47.5455	85.025
11913.2429	52.1845	-60.880
11999.2747	63.2440	112.374
12085.9278	55.9912	-51.570
12173.2067	58.5374	-168.193
12261.1158	53.7684	82.588
12349.6598	51.3073	-68.104
12438.8433	56.5042	-160.974
12528.6707	55.0661	1.337
12619.1469	49.5528	-137.457
12710.2764	48.3796	93.337
12802.0640	53.2320	-134.949
12894.5145	33.1526	11.697
12987.6326	44.7922	-156.715
13081.4232	54.7811	-0.147
13175.8911	56.6719	150.019
13271.0411	50.0887	49.194
13366.8784	49.7458	-172.820
13463.4076	47.5439	153.310
13560.6340	43.0788	-94.124
13658.5625	48.3454	-139.833
13757.1982	50.2930	135.782
13856.5462	49.9269	-63.880
13956.6117	52.5829	90.190
14057.3998	49.3190	-163.692
14158.9157	43.0533	-115.120
14261.1647	46.8075	36.140
14364.1521	23.3779	-88.917
14467.8833	43.0645	134.280
14572.3635	44.6418	-129.682
14677.5982	40.9337	38.267
14783.5929	45.0906	88.929
14890.3531	46.4619	124.128
14997.8842	45.2448	-23.237
15106.1918	43.1590	108.503
15215.2816	51.6080	-115.334
15325.1592	44.8142	-29.107
15435.8303	38.0334	46.952
15547.3006	42.5543	-115.230
15659.5759	42.1784	22.608
15772.6620	35.3183	-68.792
15886.5647	44.5552	9.470
16001.2900	33.9698	-156.607
16116.8438	33.0645	2.908
16233.2320	32.3558	-17.119
16350.4608	38.7279	64.810
16468.5361	46.4274	-81.499
16587.4641	39.2561	-4.635
16707.2509	33.0517	-165.750
16827.9028	28.8551	53.438
16949.4260	43.4371	-23.307
17071.8268	38.1483	135.859
17195.1115	44.5065	-107.722
17319.2865	45.8379	108.610
17444.3582	40.7584	-72.724
17570.3331	43.8646	47.119
17697.2178	37.4763	-6.639
17825.0188	35.6970	-28.502
17953.7426	28.5935	-126.047
18083.3961	15.8257	118.878
18213.9859	39.9390	-141.791
18345.5187	30.1199	-46.001
18478.0014	31.2805	-11.048
18611.4408	38.4072	50.837
18745.8439	37.0104	97.014
18881.2175	30.7239	23.170
19017.5688	34.2242	-29.571
19154.9047	42.3273	14.191
19293.2324	38.8934	24.957
19432.5590	30.4286	-61.335
19572.8918	28.0289	42.672
19714.2380	32.4557	-38.712
19856.6050	33.4487	118.657
20000.0000	28.4746	36.189
