* Helix DSP Ultra S, output layer, channel w_L — PK 400.00 Hz +12 dB Q 4
* REW 5.40 Beta 132 measurement 'bellQ-boost-q1', 2026-08-20, 512k sweep, 4 averages,
* -9 dBFS, 96 kHz, loopback timing reference; ECM8000 on a tripod at the listening position,
* processor otherwise cleared. Only this one setting differs between before and after.
* frequency_Hz<TAB>SPL_dB<TAB>phase_deg — REW's unsmoothed curve resampled to 1/96 octave
20.0000	72.4369	105.065
20.1444	72.4420	105.058
20.2899	72.7035	104.686
20.4364	72.9669	104.312
20.5840	73.2381	103.730
20.7327	73.5168	102.951
20.8824	73.7971	102.144
21.0332	74.0725	100.955
21.1851	74.3499	99.758
21.3381	74.6147	98.321
21.4922	74.8731	96.743
21.6474	75.1237	95.072
21.8037	75.3493	93.160
21.9611	75.5765	91.234
22.1197	75.7597	89.064
22.2795	75.9407	86.862
22.4404	76.0850	84.542
22.6024	76.2079	82.145
22.7656	76.3067	79.713
22.9300	76.3637	77.232
23.0956	76.4111	74.745
23.2624	76.4012	72.306
23.4304	76.3913	69.849
23.5996	76.3250	67.565
23.7700	76.2558	65.272
23.9417	76.1523	63.187
24.1146	76.0398	61.142
24.2887	75.9111	59.292
24.4641	75.7743	57.526
24.6408	75.6333	55.916
24.8188	75.4890	54.413
24.9980	75.3473	53.032
25.1785	75.2079	51.760
25.3603	75.0765	50.592
25.5435	74.9532	49.527
25.7279	74.8452	48.541
25.9137	74.7525	47.634
26.1009	74.6826	46.745
26.2894	74.6330	45.871
26.4792	74.6072	44.900
26.6704	74.5982	43.860
26.8630	74.5990	42.599
27.0570	74.6047	41.224
27.2524	74.5912	39.575
27.4492	74.5723	37.840
27.6474	74.5018	35.920
27.8471	74.4214	33.973
28.0482	74.2822	32.043
28.2508	74.1308	30.146
28.4548	73.9461	28.372
28.6603	73.7527	26.646
28.8672	73.5497	24.977
29.0757	73.3379	23.219
29.2857	73.1214	21.415
29.4971	72.8583	19.278
29.7102	72.5661	17.037
29.9247	72.1842	14.529
30.1408	71.7121	12.010
30.3585	71.1540	9.478
30.5777	70.4357	7.383
30.7985	69.6549	5.530
31.0209	68.7412	4.492
31.2450	67.7649	3.913
31.4706	66.7302	3.759
31.6979	65.4929	3.760
31.9268	64.0001	3.826
32.1573	61.9448	4.006
32.3896	57.9113	10.586
32.6235	53.8724	27.893
32.8590	55.5669	98.305
33.0963	59.5823	130.096
33.3353	65.2036	133.063
33.5761	68.2572	127.395
33.8186	70.7328	120.780
34.0628	72.6631	113.281
34.3088	73.9119	105.359
34.5565	74.8881	97.532
34.8061	75.5982	89.834
35.0574	75.9144	82.857
35.3106	76.0236	76.693
35.5656	75.9586	71.392
35.8224	75.6961	67.792
36.0811	75.3924	66.113
36.3417	75.1425	65.867
36.6041	75.0312	67.174
36.8685	75.2872	69.078
37.1347	75.7411	70.288
37.4029	76.3497	70.526
37.6730	77.0202	69.102
37.9450	77.6027	66.386
38.2191	78.0796	63.039
38.4951	78.4352	59.314
38.7731	78.6387	55.621
39.0531	78.7387	52.421
39.3351	78.7981	49.728
39.6191	78.8482	47.529
39.9052	78.9253	45.743
40.1934	79.0523	44.030
40.4837	79.1879	42.171
40.7760	79.3091	40.204
41.0705	79.4001	38.241
41.3671	79.4594	36.525
41.6658	79.5498	35.344
41.9667	79.7371	34.382
42.2698	80.0435	33.203
42.5750	80.4546	31.344
42.8825	80.9152	28.406
43.1922	81.3264	24.177
43.5041	81.5807	18.970
43.8182	81.6532	13.393
44.1347	81.5362	7.891
44.4534	81.2456	2.877
44.7744	80.8187	-1.322
45.0978	80.3085	-4.520
45.4234	79.7720	-6.717
45.7515	79.2554	-8.019
46.0819	78.7771	-8.654
46.4146	78.3515	-8.686
46.7498	78.0159	-8.166
47.0874	77.8156	-7.356
47.4275	77.7663	-6.751
47.7700	77.8251	-6.859
48.1149	77.9018	-7.888
48.4624	77.9030	-9.605
48.8124	77.7779	-11.444
49.1649	77.5399	-12.779
49.5199	77.2588	-13.217
49.8775	77.0228	-12.817
50.2377	76.8793	-12.043
50.6005	76.8025	-11.363
50.9659	76.7306	-10.832
51.3340	76.6386	-10.091
51.7047	76.5792	-8.767
52.0781	76.6553	-6.959
52.4542	76.9314	-5.389
52.8330	77.3613	-4.930
53.2145	77.8160	-5.961
53.5988	78.1689	-8.203
53.9859	78.3526	-10.994
54.3757	78.3704	-13.602
54.7684	78.2866	-15.490
55.1639	78.2002	-16.519
55.5623	78.1952	-17.030
55.9635	78.2903	-17.621
56.3677	78.4345	-18.727
56.7747	78.5536	-20.358
57.1847	78.6064	-22.150
57.5977	78.6183	-23.740
58.0136	78.6376	-25.067
58.4326	78.6963	-26.351
58.8545	78.7856	-27.876
59.2796	78.8682	-29.758
59.7077	78.9122	-31.882
60.1388	78.9182	-34.046
60.5731	78.9166	-36.231
61.0106	78.9189	-38.636
61.4511	78.8998	-41.500
61.8949	78.8027	-44.901
62.3419	78.5459	-48.625
62.7921	78.1192	-52.170
63.2456	77.5333	-55.096
63.7023	76.8220	-57.058
64.1623	76.0196	-57.589
64.6257	75.1925	-56.446
65.0924	74.4488	-53.336
65.5624	73.9716	-48.418
66.0359	73.9559	-43.165
66.5128	74.2238	-39.343
66.9931	74.5513	-37.246
67.4769	74.7902	-36.181
67.9642	74.9796	-35.283
68.4550	75.1829	-34.620
68.9493	75.3616	-34.690
69.4472	75.4112	-35.184
69.9488	75.3056	-35.193
70.4539	75.1671	-33.577
70.9627	75.1991	-30.868
71.4751	75.4764	-28.274
71.9913	75.8813	-26.741
72.5112	76.2760	-26.039
73.0348	76.6206	-25.720
73.5622	76.9560	-25.431
74.0935	77.3165	-25.219
74.6285	77.7103	-25.227
75.1675	78.1254	-25.629
75.7103	78.5307	-26.497
76.2570	78.8862	-27.755
76.8077	79.1638	-29.159
77.3624	79.3664	-30.304
77.9211	79.5420	-30.835
78.4838	79.7844	-30.717
79.0506	80.1517	-30.438
79.6214	80.6254	-30.673
80.1964	81.1242	-31.534
80.7756	81.6093	-32.888
81.3589	82.0990	-34.547
81.9464	82.6018	-36.684
82.5382	83.0876	-39.365
83.1343	83.5304	-42.414
83.7346	83.9210	-45.650
84.3393	84.2740	-49.006
84.9484	84.5835	-52.533
85.5618	84.8251	-56.217
86.1797	84.9997	-59.868
86.8021	85.1273	-63.279
87.4289	85.2550	-66.344
88.0603	85.4153	-69.294
88.6962	85.5945	-72.345
89.3367	85.7642	-75.531
89.9819	85.9194	-78.771
90.6317	86.0731	-82.108
91.2862	86.2224	-85.635
91.9454	86.3546	-89.365
92.6094	86.4564	-93.257
93.2782	86.5140	-97.239
93.9518	86.5219	-101.190
94.6303	86.4905	-105.046
95.3136	86.4267	-108.857
96.0019	86.3192	-112.631
96.6952	86.1629	-116.229
97.3935	85.9756	-119.511
98.0968	85.7818	-122.460
98.8052	85.6023	-125.120
99.5188	85.4508	-127.630
100.2374	85.3096	-130.141
100.9613	85.1506	-132.553
101.6904	84.9916	-134.656
102.4248	84.8782	-136.552
103.1644	84.8179	-138.505
103.9094	84.8025	-140.595
104.6598	84.8344	-142.975
105.4156	84.8653	-145.869
106.1769	84.8330	-148.995
106.9436	84.7740	-151.949
107.7159	84.7380	-155.004
108.4938	84.6732	-158.333
109.2773	84.5629	-161.549
110.0665	84.4517	-164.640
110.8613	84.3256	-167.814
111.6619	84.1834	-170.886
112.4683	84.0752	-174.045
113.2805	83.9474	-177.713
114.0985	83.7310	178.456
114.9225	83.4616	174.788
115.7524	83.1643	171.203
116.5883	82.8492	167.889
117.4303	82.5615	164.764
118.2783	82.2455	161.501
119.1324	81.8275	158.680
119.9927	81.4361	156.747
120.8593	81.1746	154.957
121.7321	80.9951	152.787
122.6112	80.8597	150.201
123.4966	80.6954	146.935
124.3884	80.4425	143.551
125.2867	80.2318	140.322
126.1915	80.0819	136.289
127.1028	79.8258	131.547
128.0206	79.4417	126.830
128.9451	78.9878	121.978
129.8763	78.4386	116.764
130.8142	77.7640	111.456
131.7589	76.9474	106.545
132.7104	76.0183	102.215
133.6688	74.9746	98.273
134.6341	73.8150	94.949
135.6063	72.5612	92.146
136.5856	71.1176	90.211
137.5720	69.5536	90.378
138.5655	68.0493	92.229
139.5661	66.5025	95.985
140.5740	65.2507	102.987
141.5892	64.2990	106.702
142.6116	62.2733	111.703
143.6415	61.1724	129.502
144.6788	61.8455	145.571
145.7236	63.6890	159.165
146.7760	65.1659	158.155
147.8359	64.8203	156.449
148.9035	64.9088	158.387
149.9788	65.2366	158.536
151.0619	65.7017	162.022
152.1528	66.3882	162.338
153.2516	66.5741	160.193
154.3583	66.8584	157.740
155.4730	66.8466	154.366
156.5958	66.5595	153.057
157.7266	66.1951	149.442
158.8656	65.2922	145.602
160.0129	64.1964	145.828
161.1684	62.7052	150.286
162.3323	61.8720	161.144
163.5046	61.5944	164.158
164.6854	60.7260	171.326
165.8746	60.2111	-177.774
167.0725	60.3215	-156.856
168.2790	61.6804	-138.810
169.4943	64.4606	-125.503
170.7183	67.0994	-124.529
171.9511	69.4589	-125.063
173.1929	71.7010	-128.256
174.4436	73.6257	-135.412
175.7033	74.8401	-145.057
176.9722	75.5599	-153.733
178.2502	75.9195	-160.607
179.5374	76.0672	-165.124
180.8340	76.5751	-166.406
182.1399	77.7021	-170.294
183.4552	78.5932	-177.069
184.7800	79.2581	174.674
186.1144	79.6113	165.477
187.4584	79.6956	156.798
188.8122	79.5969	148.594
190.1757	79.3520	140.811
191.5490	78.8775	133.497
192.9323	78.2511	127.735
194.3256	77.5022	123.014
195.7289	76.7207	120.203
197.1424	75.9371	118.832
198.5660	75.3556	119.030
200.0000	75.0435	119.743
201.4443	74.8834	120.747
202.8990	74.8192	120.805
204.3643	74.7378	120.011
205.8401	74.6598	120.494
207.3266	74.7067	120.612
208.8238	74.6105	120.573
210.3318	74.6816	121.295
211.8507	74.9509	122.033
213.3806	75.3104	121.852
214.9216	75.6425	120.420
216.4736	75.9140	118.786
218.0369	76.1686	117.453
219.6115	76.4804	116.433
221.1974	76.8597	115.003
222.7948	77.3191	113.015
224.4037	77.8819	109.628
226.0242	78.1798	104.970
227.6565	78.3212	100.657
229.3005	78.4041	96.729
230.9564	78.4730	93.398
232.6243	78.5517	90.153
234.3042	78.5687	87.188
235.9962	78.6585	84.614
237.7004	78.7718	82.640
239.4170	78.9769	79.927
241.1460	79.2250	76.794
242.8874	79.3440	73.284
244.6414	79.4932	69.654
246.4081	79.5950	65.873
248.1876	79.6569	62.352
249.9798	79.7393	58.625
251.7851	79.7823	54.911
253.6034	79.7993	51.059
255.4348	79.8275	47.083
257.2794	79.7364	43.218
259.1373	79.6691	39.058
261.0087	79.5363	35.140
262.8936	79.3929	31.498
264.7921	79.1853	28.237
266.7043	78.9715	25.124
268.6303	78.7439	21.782
270.5702	78.4383	19.128
272.5242	78.0768	17.635
274.4922	77.8128	16.128
276.4744	77.6508	15.525
278.4710	77.5322	15.028
280.4820	77.4562	14.562
282.5075	77.5220	14.484
284.5476	77.6170	14.696
286.6025	77.9101	14.506
288.6722	78.3008	13.106
290.7569	78.7120	11.187
292.8566	78.9757	8.367
294.9715	79.2050	5.494
297.1016	79.3689	2.826
299.2471	79.5189	0.857
301.4082	79.7421	-0.876
303.5848	80.0787	-2.358
305.7771	80.5177	-4.508
307.9853	80.9539	-7.294
310.2094	81.4182	-10.526
312.4496	81.8705	-14.150
314.7060	82.3138	-18.231
316.9786	82.7451	-22.723
319.2677	83.1397	-27.621
321.5733	83.4470	-32.744
323.8956	83.7187	-38.066
326.2346	83.9513	-43.225
328.5905	84.1717	-48.487
330.9634	84.3511	-53.717
333.3535	84.4889	-59.013
335.7608	84.6236	-64.048
338.1855	84.7519	-69.048
340.6277	84.8885	-74.148
343.0876	85.0116	-79.298
345.5652	85.1013	-84.270
348.0607	85.2098	-89.261
350.5742	85.3320	-94.153
353.1059	85.4777	-98.991
355.6559	85.6478	-104.095
358.2243	85.8213	-109.316
360.8112	86.0079	-114.642
363.4168	86.2084	-120.190
366.0412	86.4072	-125.922
368.6846	86.5990	-131.945
371.3471	86.7720	-138.093
374.0288	86.9392	-144.289
376.7298	87.1192	-150.563
379.4504	87.3603	-156.988
382.1906	87.6308	-163.986
384.9506	87.9187	-171.859
387.7305	88.1326	179.389
390.5305	88.2495	170.039
393.3508	88.2393	160.388
396.1914	88.1279	150.471
399.0525	87.9097	140.312
401.9342	87.5428	130.158
404.8368	87.0332	120.213
407.7604	86.3741	110.728
410.7050	85.6345	102.309
413.6709	84.8924	94.539
416.6583	84.1285	87.035
419.6672	83.3153	80.191
422.6978	82.4843	73.917
425.7503	81.6993	68.493
428.8249	81.0148	63.390
431.9217	80.4146	58.133
435.0408	79.8871	52.216
438.1825	79.2615	45.034
441.3468	78.3949	37.507
444.5340	77.2878	31.058
447.7442	75.9967	26.630
450.9776	74.8262	24.359
454.2344	74.0075	23.436
457.5146	73.3624	21.116
460.8186	72.7474	17.800
464.1464	72.0831	14.071
467.4983	71.1822	10.027
470.8743	70.2306	6.858
474.2747	69.1462	4.533
477.6997	68.0133	3.254
481.1495	66.8553	4.157
484.6241	65.8230	7.799
488.1238	65.0533	11.674
491.6488	64.5962	16.580
495.1993	64.6920	21.758
498.7754	65.0390	25.115
502.3773	65.5878	27.038
506.0052	66.1727	25.870
509.6593	66.6083	23.690
513.3399	66.8018	21.494
517.0470	66.9858	19.319
520.7808	67.1088	17.160
524.5417	67.2273	15.331
528.3297	67.3654	13.738
532.1450	67.4463	11.255
535.9879	67.5355	11.415
539.8586	68.0221	12.262
543.7572	68.7228	11.406
547.6839	69.5005	8.591
551.6390	70.1929	5.319
555.6227	70.8967	2.592
559.6352	71.7538	-0.868
563.6766	72.7201	-5.700
567.7472	73.6780	-11.764
571.8472	74.6435	-19.362
575.9768	75.4583	-28.000
580.1362	76.1582	-37.549
584.3257	76.7084	-47.386
588.5454	77.1366	-57.735
592.7956	77.4710	-68.134
597.0765	77.7183	-78.410
601.3883	77.9170	-88.982
605.7313	78.0400	-99.807
610.1056	78.0245	-110.792
614.5115	77.9247	-121.624
618.9492	77.7406	-132.344
623.4189	77.5172	-142.882
627.9210	77.1589	-153.631
632.4555	76.6372	-163.789
637.0228	76.0294	-172.337
641.6231	75.6370	-179.470
646.2566	75.5084	172.602
650.9236	75.3506	163.377
655.6242	75.1441	153.431
660.3588	74.8714	142.965
665.1276	74.4067	131.050
669.9309	73.5788	119.674
674.7688	72.5102	109.809
679.6417	71.3793	102.189
684.5497	70.4231	96.627
689.4932	69.6078	91.647
694.4724	68.9989	86.553
699.4876	68.4586	80.656
704.5389	67.7998	74.216
709.6268	67.0269	69.988
714.7514	66.4136	68.182
719.9130	66.2936	68.339
725.1118	66.8103	67.051
730.3483	67.7372	62.534
735.6225	68.7095	54.210
740.9348	69.5551	43.582
746.2855	70.3165	31.493
751.6748	71.0313	17.146
757.1030	71.3944	0.843
762.5705	71.4566	-16.099
768.0774	71.3000	-32.516
773.6241	71.0255	-48.270
779.2109	70.6856	-63.169
784.8380	70.4041	-77.325
790.5057	70.1673	-90.502
796.2143	70.2268	-101.771
801.9642	70.9528	-114.053
807.7556	71.8162	-130.225
813.5889	72.3928	-148.595
819.4642	72.7411	-166.174
825.3820	73.2153	178.129
831.3425	74.0968	161.934
837.3461	75.0723	142.290
843.3930	75.6490	119.943
849.4836	75.6855	97.541
855.6182	75.1932	77.031
861.7970	74.4634	60.354
868.0205	73.9533	47.661
874.2890	74.0093	36.297
880.6027	74.5100	22.575
886.9620	74.8920	5.134
893.3672	74.8245	-13.094
899.8187	74.5970	-30.882
906.3167	74.1951	-50.714
912.8617	73.1233	-72.101
919.4540	71.0124	-91.917
926.0938	67.9257	-105.434
932.7817	64.5106	-109.653
939.5178	60.9625	-103.480
946.3025	58.3535	-69.024
953.1363	63.5022	-41.721
960.0194	68.4272	-49.176
966.9522	71.4968	-67.166
973.9351	73.3429	-87.255
980.9684	74.4420	-106.313
988.0524	75.1310	-124.918
995.1877	75.6555	-143.257
1002.3745	75.9517	-161.639
1009.6131	76.0817	179.247
1016.9041	75.7634	159.784
1024.2477	75.1186	141.549
1031.6443	74.3794	124.265
1039.0944	73.4011	106.319
1046.5982	71.7658	88.699
1054.1563	69.5942	74.466
1061.7689	67.0940	63.559
1069.4365	63.5408	54.240
1077.1594	55.6396	69.017
1084.9382	61.5421	145.310
1092.7731	68.8128	129.732
1100.6646	72.0865	102.979
1108.6131	73.4141	76.255
1116.6190	73.5143	51.407
1124.6827	72.4672	30.473
1132.8046	70.8386	16.410
1140.9852	69.1274	9.921
1149.2248	67.8429	13.379
1157.5240	68.6471	22.887
1165.8831	71.5936	23.445
1174.3025	74.6123	10.164
1182.7828	76.5761	-10.085
1191.3243	77.6352	-30.598
1199.9275	78.5002	-49.731
1208.5928	79.2832	-70.529
1217.3207	79.6157	-92.900
1226.1116	79.4893	-114.329
1234.9660	79.1805	-134.864
1243.8843	78.6559	-154.712
1252.8671	78.0670	-173.394
1261.9147	77.4885	167.392
1271.0276	76.6121	145.908
1280.2064	74.8830	123.651
1289.4515	72.0273	105.602
1298.7633	68.5913	98.219
1308.1423	65.4833	103.585
1317.5891	65.3485	121.398
1327.1041	67.5217	121.724
1336.6878	68.5094	113.405
1346.3408	69.4499	107.763
1356.0634	70.8288	97.283
1365.8563	71.4138	85.479
1375.7198	72.2141	78.517
1385.6546	73.8967	68.790
1395.6612	75.6558	54.239
1405.7400	77.2141	36.157
1415.8916	78.3962	16.163
1426.1165	79.3658	-4.184
1436.4152	80.2861	-25.912
1446.7883	80.9551	-49.661
1457.2363	81.2334	-74.508
1467.7598	81.1453	-99.363
1478.3593	80.6598	-123.862
1489.0353	79.8771	-145.916
1499.7884	79.2746	-165.727
1510.6192	78.9105	172.811
1521.5282	78.3397	148.698
1532.5159	77.1760	123.314
1543.5830	75.3439	99.077
1554.7301	72.8767	76.295
1565.9576	68.9181	57.443
1577.2662	63.1270	64.376
1588.6565	64.5537	99.628
1600.1290	68.8277	94.220
1611.6844	71.6837	76.109
1623.3232	73.6275	51.432
1635.0461	74.6553	24.133
1646.8536	75.1295	-4.602
1658.7464	74.7817	-34.657
1670.7251	73.7417	-63.166
1682.7903	71.6806	-88.369
1694.9426	69.4658	-100.904
1707.1827	69.2832	-108.348
1719.5111	70.2986	-122.860
1731.9286	71.6990	-142.670
1744.4358	73.6895	-172.248
1757.0333	74.4985	147.336
1769.7218	74.0060	106.922
1782.5019	73.0899	67.739
1795.3743	72.2851	29.909
1808.3396	72.0102	-13.050
1821.3986	70.9035	-61.678
1834.5519	69.5566	-105.189
1847.8001	69.3629	-152.347
1861.1441	68.7372	152.047
1874.5844	67.0251	94.193
1888.1218	64.7616	43.539
1901.7569	64.2585	-1.823
1915.4905	64.1957	-48.038
1929.3232	65.2714	-82.755
1943.2559	67.7958	-119.780
1957.2892	69.6618	-158.001
1971.4238	71.6106	170.629
1985.6605	74.2575	135.946
2000.0000	76.5174	96.539
2014.4431	77.7836	55.472
2028.9904	78.6624	16.730
2043.6428	79.2851	-23.280
2058.4011	79.2117	-65.020
2073.2659	78.0601	-105.680
2088.2380	76.1027	-139.391
2103.3183	74.2610	-166.501
2118.5075	72.8204	170.932
2133.8063	72.3749	149.431
2149.2157	71.8874	116.540
2164.7363	67.9010	88.710
2180.3690	65.3921	105.723
2196.1146	71.4608	102.587
2211.9739	75.6795	58.569
2227.9477	76.5846	6.554
2244.0369	74.9714	-41.187
2260.2423	72.3243	-77.068
2276.5647	68.9331	-102.617
2293.0050	68.5460	-100.334
2309.5640	72.9345	-126.981
2326.2426	75.0969	-177.383
2343.0416	75.4553	129.464
2359.9619	74.0977	74.013
2377.0045	70.9085	33.174
2394.1701	71.3825	4.089
2411.4596	71.9017	-50.741
2428.8741	69.7265	-105.442
2446.4142	67.1667	-148.027
2464.0811	64.9158	158.304
2481.8755	59.0105	92.142
2499.7985	55.3695	-28.149
2517.8508	62.8227	-116.910
2536.0336	69.1497	-167.566
2554.3476	73.4847	127.950
2572.7939	73.5957	63.591
2591.3734	71.9622	22.518
2610.0871	72.1294	-12.384
2628.9359	72.7070	-48.792
2647.9208	73.4777	-89.531
2667.0429	74.5205	-138.044
2686.3030	74.1159	165.649
2705.7022	72.0674	100.509
2725.2415	65.4616	36.403
2744.9219	57.1911	15.080
2764.7445	56.5825	-17.038
2784.7101	57.2842	-101.658
2804.8200	62.3255	157.941
2825.0751	63.7504	72.087
2845.4765	64.6652	31.776
2866.0251	69.2544	-44.436
2886.7222	69.9452	-133.173
2907.5688	70.7964	135.149
2928.5659	71.1935	47.314
2949.7146	71.9560	-26.107
2971.0160	72.1188	-92.900
2992.4713	72.2345	-155.445
3014.0815	71.8368	141.293
3035.8478	70.4239	70.646
3057.7713	66.2381	-6.923
3079.8531	58.5176	-75.747
3102.0943	57.7675	-163.534
3124.4962	61.3228	78.541
3147.0598	61.8612	-14.631
3169.7864	56.6711	-86.449
3192.6771	54.4838	-105.877
3215.7331	59.6787	-65.795
3238.9556	69.8434	-156.464
3262.3458	72.4134	114.569
3285.9049	72.8873	39.954
3309.6342	72.7490	-28.157
3333.5348	71.4619	-92.433
3357.6080	67.7765	-142.305
3381.8551	66.7920	-164.615
3406.2773	68.2512	168.476
3430.8758	71.5651	123.821
3455.6520	72.7051	68.673
3480.6071	71.2781	16.147
3505.7424	72.6928	-23.251
3531.0592	71.5980	-88.630
3556.5588	66.3595	-138.492
3582.2426	62.7880	-137.296
3608.1119	66.3446	-155.845
3634.1680	68.7866	139.096
3660.4122	59.4081	118.879
3686.8460	69.4425	90.023
3713.4706	69.1153	23.794
3740.2876	65.4417	-54.482
3767.2982	56.4804	84.041
3794.5038	69.3100	-15.779
3821.9059	72.0128	-90.413
3849.5060	71.5672	-160.299
3877.3053	69.9925	137.582
3905.3053	66.8790	53.924
3933.5076	56.3204	-79.996
3961.9136	66.2951	146.820
3990.5246	70.5022	54.184
4019.3423	69.3230	-21.938
4048.3681	68.8611	-69.773
4077.6035	68.6614	-125.894
4107.0501	70.4964	153.053
4136.7092	67.6955	56.739
4166.5826	68.0037	-49.594
4196.6717	68.9998	-156.028
4226.9781	70.1879	120.294
4257.5033	69.8444	37.679
4288.2490	66.7763	-31.141
4319.2167	65.4052	-97.028
4350.4081	56.5872	138.027
4381.8247	63.6497	-80.481
4413.4681	71.6560	-170.393
4445.3401	72.0452	75.252
4477.4423	68.2455	-36.125
4509.7763	57.4532	-114.372
4542.3437	61.3515	157.301
4575.1464	62.9517	32.079
4608.1860	62.0049	-57.750
4641.4641	61.0334	-148.205
4674.9826	63.7258	154.554
4708.7431	67.2208	60.550
4742.7474	66.9928	-30.511
4776.9973	67.3627	-130.359
4811.4945	65.1607	137.481
4846.2409	63.0720	31.000
4881.2381	54.7273	-35.777
4916.4881	67.8640	174.204
4951.9927	68.6804	33.314
4987.7537	69.1504	-80.723
5023.7729	66.7178	149.121
5060.0522	57.8798	-29.127
5096.5935	59.1091	157.588
5133.3987	59.8614	112.488
5170.4697	66.7939	25.180
5207.8084	68.4802	-94.417
5245.4167	66.9745	159.608
5283.2966	67.0595	-2.506
5321.4501	64.3369	-143.583
5359.8791	67.9735	100.471
5398.5856	72.0878	-32.575
5437.5717	70.2643	-150.922
5476.8393	68.0158	94.701
5516.3904	63.6058	-67.211
5556.2272	62.4790	53.329
5596.3516	60.3859	-35.892
5636.7659	70.7362	-117.846
5677.4719	69.5161	105.678
5718.4720	63.2300	51.165
5759.7681	61.2845	-14.922
5801.3624	65.4161	-84.012
5843.2571	68.2272	144.228
5885.4544	68.9003	-7.824
5927.9563	61.1786	146.478
5970.7652	61.0565	-101.571
6013.8833	60.6071	106.128
6057.3127	63.9479	-26.455
6101.0558	62.0187	172.306
6145.1147	65.2557	63.359
6189.4919	65.4376	-83.315
6234.1894	62.7053	-145.217
6279.2098	59.5194	88.126
6324.5553	57.7294	4.722
6370.2283	50.6691	-31.928
6416.2311	42.2352	129.311
6462.5661	53.6678	-103.220
6509.2357	60.3357	-27.997
6556.2423	63.9712	129.275
6603.5884	58.8468	-44.116
6651.2764	57.7371	70.534
6699.3088	61.8512	-50.953
6747.6880	58.6409	158.585
6796.4167	55.6418	56.629
6845.4972	62.5704	-26.864
6894.9321	57.3053	-141.289
6944.7241	63.4165	103.996
6994.8756	60.4871	-60.745
7045.3893	41.2745	-1.403
7096.2678	62.3056	-166.724
7147.5137	55.7705	53.415
7199.1297	44.4194	-137.436
7251.1184	54.9060	-90.711
7303.4825	51.4331	52.303
7356.2249	62.4079	-157.639
7409.3480	58.5861	10.213
7462.8549	52.9450	11.316
7516.7481	63.0747	-118.142
7571.0305	59.8640	125.588
7625.7049	59.6083	3.281
7680.7742	51.7844	151.425
7736.2411	62.3914	-103.542
7792.1086	59.5027	-86.239
7848.3795	62.4104	91.345
7905.0568	59.6842	-12.144
7962.1434	61.4791	-87.399
8019.6423	54.0008	120.333
8077.5563	64.5189	155.645
8135.8886	65.4981	8.560
8194.6422	48.1948	-115.157
8253.8200	61.9629	-173.316
8313.4252	60.3736	-0.806
8373.4609	57.9805	-176.773
8433.9301	65.5563	3.124
8494.8359	55.9963	178.346
8556.1816	42.7685	137.277
8617.9704	50.2390	-3.867
8680.2053	54.5118	116.657
8742.8896	48.2684	-12.411
8806.0267	44.9858	42.202
8869.6196	65.2056	-146.912
8933.6718	63.2710	11.626
8998.1866	56.1224	158.444
9063.1673	64.6654	-50.368
9128.6172	58.7163	147.539
9194.5398	62.1272	34.400
9260.9384	58.9489	-106.157
9327.8165	58.8874	107.994
9395.1776	59.7779	46.346
9463.0252	56.2322	-145.194
9531.3627	59.8451	106.109
9600.1937	52.1154	18.179
9669.5218	65.0735	-101.423
9739.3505	60.7287	115.933
9809.6835	59.6585	-39.263
9880.5244	48.9230	71.592
9951.8769	60.1864	-149.778
10023.7447	60.8887	83.186
10096.1314	58.7392	-15.169
10169.0409	56.3902	135.525
10242.4770	54.7443	34.486
10316.4433	58.8803	-161.732
10390.9438	48.7119	61.071
10465.9823	55.4932	-84.738
10541.5627	58.4685	88.735
10617.6889	57.8754	-132.362
10694.3648	60.3377	39.648
10771.5945	59.7162	-128.330
10849.3819	51.9629	-104.626
10927.7310	49.5022	59.705
11006.6459	61.6018	-61.564
11086.1307	51.6941	-145.079
11166.1895	55.0196	60.355
11246.8265	46.1985	-22.686
11328.0458	58.5041	-179.517
11409.8516	50.5364	-171.967
11492.2482	43.3989	6.039
11575.2398	51.5066	-24.334
11658.8307	56.8123	121.278
11743.0253	55.0561	-110.965
11827.8279	56.6012	15.353
11913.2429	55.4761	-85.297
11999.2747	63.0882	81.278
12085.9278	59.2616	-62.364
12173.2067	56.1979	142.807
12261.1158	46.9247	15.918
12349.6598	54.0693	-67.655
12438.8433	58.0070	149.226
12528.6707	54.6120	-10.594
12619.1469	46.5594	-128.941
12710.2764	51.6500	70.125
12802.0640	52.5705	-176.500
12894.5145	38.1041	-169.219
12987.6326	47.5891	135.337
13081.4232	54.5501	4.465
13175.8911	53.1346	99.932
13271.0411	44.3426	19.471
13366.8784	40.6977	120.711
13463.4076	30.4215	141.611
13560.6340	36.0972	-158.264
13658.5625	51.5971	-119.882
13757.1982	52.2970	90.500
13856.5462	46.3679	-97.079
13956.6117	56.1014	63.855
14057.3998	47.0292	-114.840
14158.9157	39.7968	88.846
14261.1647	44.0073	-32.633
14364.1521	45.9504	75.839
14467.8833	43.8540	-152.044
14572.3635	39.1944	172.485
14677.5982	35.1196	82.988
14783.5929	41.2132	65.463
14890.3531	45.5078	99.701
14997.8842	45.1931	-115.292
15106.1918	43.3922	59.731
15215.2816	53.3268	-142.367
15325.1592	47.6795	-86.610
15435.8303	38.3551	3.699
15547.3006	42.0741	-148.591
15659.5759	37.5886	-22.485
15772.6620	32.4522	-46.690
15886.5647	45.3729	-12.563
16001.2900	39.3304	153.243
16116.8438	35.0107	-102.763
16233.2320	35.4491	-95.221
16350.4608	28.8836	111.478
16468.5361	46.4246	-150.020
16587.4641	39.4810	-33.959
16707.2509	34.3559	37.114
16827.9028	24.8696	95.813
16949.4260	41.7285	-52.981
17071.8268	41.8326	70.289
17195.1115	37.8656	174.373
17319.2865	45.1496	64.457
17444.3582	41.5765	-149.563
17570.3331	41.0021	11.924
17697.2178	31.4901	19.646
17825.0188	35.8775	-156.833
17953.7426	36.0364	-98.525
18083.3961	25.2231	96.200
18213.9859	38.9294	172.866
18345.5187	35.4197	-13.906
18478.0014	29.6109	-176.558
18611.4408	40.1245	-8.869
18745.8439	31.6457	86.938
18881.2175	30.8751	44.489
19017.5688	23.5822	-72.774
19154.9047	40.3331	-54.943
19293.2324	33.0091	-55.880
19432.5590	30.7327	19.225
19572.8918	23.1045	-59.062
19714.2380	39.2354	-73.325
19856.6050	34.1447	116.083
20000.0000	21.8255	-11.936
