* Helix DSP Ultra S, output layer, channel w_L — no filter
* REW 5.40 Beta 132 measurement 'bellQ-ref2', 2026-08-20, 512k sweep, 4 averages,
* -9 dBFS, 96 kHz, loopback timing reference; ECM8000 on a tripod at the listening position,
* processor otherwise cleared. Only this one setting differs between before and after.
* frequency_Hz<TAB>SPL_dB<TAB>phase_deg — REW's unsmoothed curve resampled to 1/96 octave
20.0000	72.4817	105.061
20.1444	72.4865	105.052
20.2899	72.7380	104.580
20.4364	72.9913	104.104
20.5840	73.2469	103.423
20.7327	73.5049	102.547
20.8824	73.7642	101.645
21.0332	74.0161	100.396
21.1851	74.2698	99.138
21.3381	74.5144	97.660
21.4922	74.7545	96.052
21.6474	74.9896	94.351
21.8037	75.2071	92.408
21.9611	75.4262	90.452
22.1197	75.6105	88.228
22.2795	75.7933	85.969
22.4404	75.9434	83.574
22.6024	76.0745	81.090
22.7656	76.1825	78.566
22.9300	76.2502	75.984
23.0956	76.3085	73.398
23.2624	76.3095	70.878
23.4304	76.3106	68.339
23.5996	76.2558	66.019
23.7700	76.1982	63.694
23.9417	76.1093	61.628
24.1146	76.0122	59.615
24.2887	75.9043	57.826
24.4641	75.7908	56.136
24.6408	75.6784	54.595
24.8188	75.5664	53.155
24.9980	75.4587	51.798
25.1785	75.3547	50.512
25.3603	75.2543	49.273
25.5435	75.1575	48.081
25.7279	75.0648	46.926
25.9137	74.9763	45.808
26.1009	74.8957	44.711
26.2894	74.8219	43.632
26.4792	74.7595	42.522
26.6704	74.7048	41.387
26.8630	74.6574	40.137
27.0570	74.6133	38.825
27.2524	74.5603	37.334
27.4492	74.5046	35.786
27.6474	74.4180	34.086
27.8471	74.3249	32.360
28.0482	74.1938	30.603
28.2508	74.0543	28.852
28.4548	73.8924	27.138
28.6603	73.7234	25.413
28.8672	73.5463	23.676
29.0757	73.3557	21.791
29.2857	73.1582	19.832
29.4971	72.9054	17.525
29.7102	72.6219	15.119
29.9247	72.2451	12.472
30.1408	71.7790	9.832
30.3585	71.2279	7.199
30.5777	70.5212	5.014
30.7985	69.7537	3.070
31.0209	68.8567	1.922
31.2450	67.8961	1.216
31.4706	66.8761	0.920
31.6979	65.6499	0.784
31.9268	64.1718	0.719
32.1573	62.1415	0.782
32.3896	58.2072	6.751
32.6235	54.2180	23.366
32.8590	55.4146	93.980
33.0963	59.2829	126.349
33.3353	65.0121	130.144
33.5761	68.0919	124.707
33.8186	70.5839	118.296
34.0628	72.5217	110.974
34.3088	73.7735	103.213
34.5565	74.7534	95.543
34.8061	75.4681	87.998
35.0574	75.7945	81.162
35.3106	75.9196	75.121
35.5656	75.8766	69.921
35.8224	75.6459	66.363
36.0811	75.3789	64.634
36.3417	75.1643	64.263
36.6041	75.0816	65.355
36.8685	75.3451	67.040
37.1347	75.7997	68.100
37.4029	76.4063	68.262
37.6730	77.0824	66.842
37.9450	77.6818	64.124
38.2191	78.1809	60.732
38.4951	78.5608	56.893
38.7731	78.7823	52.975
39.0531	78.8799	49.461
39.3351	78.9138	46.443
39.6191	78.9145	43.971
39.9052	78.9204	42.060
40.1934	78.9788	40.505
40.4837	79.0709	38.947
40.7760	79.1798	37.320
41.0705	79.2893	35.621
41.3671	79.3866	33.958
41.6658	79.4966	32.544
41.9667	79.6613	31.277
42.2698	79.9038	29.916
42.5750	80.2254	28.149
42.8825	80.6010	25.648
43.1922	80.9676	22.130
43.5041	81.2365	17.668
43.8182	81.3712	12.686
44.1347	81.3516	7.518
44.4534	81.1757	2.512
44.7744	80.8591	-2.009
45.0978	80.4336	-5.774
45.4234	79.9437	-8.611
45.7515	79.4442	-10.404
46.0819	78.9865	-11.340
46.4146	78.5970	-11.666
46.7498	78.2884	-11.598
47.0874	78.0621	-11.350
47.4275	77.9099	-11.110
47.7700	77.8150	-11.029
48.1149	77.7549	-11.198
48.4624	77.7055	-11.635
48.8124	77.6469	-12.297
49.1649	77.5658	-13.101
49.5199	77.4547	-13.952
49.8775	77.3093	-14.748
50.2377	77.1280	-15.358
50.6005	76.9166	-15.607
50.9659	76.6966	-15.290
51.3340	76.5147	-14.257
51.7047	76.4401	-12.560
52.0781	76.5373	-10.602
52.4542	76.8209	-9.070
52.8330	77.2318	-8.606
53.2145	77.6631	-9.469
53.5988	78.0115	-11.453
53.9859	78.2150	-14.037
54.3757	78.2667	-16.595
54.7684	78.2129	-18.609
55.1639	78.1356	-19.864
55.5623	78.1129	-20.553
55.9635	78.1745	-21.142
56.3677	78.2906	-22.034
56.7747	78.4043	-23.322
57.1847	78.4798	-24.800
57.5977	78.5290	-26.237
58.0136	78.5800	-27.613
58.4326	78.6480	-29.070
58.8545	78.7231	-30.754
59.2796	78.7831	-32.681
59.7077	78.8155	-34.743
60.1388	78.8300	-36.839
60.5731	78.8449	-39.031
61.0106	78.8562	-41.505
61.4511	78.8318	-44.419
61.8949	78.7217	-47.771
62.3419	78.4605	-51.342
62.7921	78.0453	-54.728
63.2456	77.4826	-57.576
63.7023	76.7930	-59.566
64.1623	76.0001	-60.157
64.6257	75.1815	-59.013
65.0924	74.4642	-55.896
65.5624	74.0281	-51.163
66.0359	74.0242	-46.358
66.5128	74.2596	-42.959
66.9931	74.5329	-41.096
67.4769	74.7213	-40.085
67.9642	74.8673	-39.157
68.4550	75.0315	-38.382
68.9493	75.1824	-38.208
69.4472	75.2235	-38.366
69.9488	75.1308	-38.006
70.4539	75.0309	-36.052
70.9627	75.1185	-33.116
71.4751	75.4539	-30.479
71.9913	75.8996	-29.037
72.5112	76.3195	-28.421
73.0348	76.6949	-28.132
73.5622	77.0781	-27.934
74.0935	77.4887	-27.971
74.6285	77.9180	-28.263
75.1675	78.3692	-28.837
75.7103	78.8363	-29.868
76.2570	79.2669	-31.539
76.8077	79.5888	-33.667
77.3624	79.7771	-35.644
77.9211	79.8892	-36.925
78.4838	80.0376	-37.437
79.0506	80.2840	-37.655
79.6214	80.6153	-38.093
80.1964	80.9792	-38.798
80.7756	81.3748	-39.665
81.3589	81.8221	-40.756
81.9464	82.3200	-42.389
82.5382	82.8152	-44.684
83.1343	83.2710	-47.434
83.7346	83.6781	-50.441
84.3393	84.0520	-53.649
84.9484	84.3825	-57.105
85.5618	84.6439	-60.732
86.1797	84.8471	-64.315
86.8021	85.0155	-67.735
87.4289	85.1741	-70.979
88.0603	85.3350	-74.140
88.6962	85.4982	-77.295
89.3367	85.6590	-80.513
89.9819	85.8093	-83.839
90.6317	85.9472	-87.259
91.2862	86.0754	-90.769
91.9454	86.1943	-94.402
92.6094	86.2919	-98.206
93.2782	86.3489	-102.144
93.9518	86.3569	-106.090
94.6303	86.3247	-109.927
95.3136	86.2670	-113.652
96.0019	86.1820	-117.337
96.6952	86.0510	-120.970
97.3935	85.8679	-124.381
98.0968	85.6603	-127.420
98.8052	85.4658	-130.112
99.5188	85.3035	-132.600
100.2374	85.1651	-135.011
100.9613	85.0315	-137.335
101.6904	84.9057	-139.492
102.4248	84.8092	-141.542
103.1644	84.7469	-143.624
103.9094	84.7220	-145.782
104.6598	84.7396	-148.193
105.4156	84.7530	-151.051
106.1769	84.7149	-154.059
106.9436	84.6716	-156.922
107.7159	84.6542	-159.974
108.4938	84.6005	-163.277
109.2773	84.5070	-166.442
110.0665	84.4160	-169.562
110.8613	84.3076	-172.796
111.6619	84.1988	-175.951
112.4683	84.1313	-179.351
113.2805	84.0197	176.691
114.0985	83.8078	172.698
114.9225	83.5504	168.883
115.7524	83.2583	165.054
116.5883	82.9322	161.446
117.4303	82.6166	158.045
118.2783	82.2668	154.670
119.1324	81.8438	151.878
119.9927	81.4528	149.899
120.8593	81.1603	148.197
121.7321	80.9639	146.286
122.6112	80.8207	143.724
123.4966	80.6302	140.510
124.3884	80.3997	137.411
125.2867	80.2404	134.292
126.1915	80.0986	130.352
127.1028	79.8530	125.782
128.0206	79.5179	121.049
128.9451	79.1556	116.010
129.8763	78.6927	110.493
130.8142	78.0736	105.171
131.7589	77.3595	100.014
132.7104	76.4714	94.571
133.6688	75.3951	89.856
134.6341	74.2778	85.931
135.6063	72.9987	82.338
136.5856	71.5223	80.127
137.5720	69.9419	79.316
138.5655	68.2266	80.305
139.5661	66.5353	83.968
140.5740	65.0990	89.255
141.5892	63.6484	93.921
142.6116	61.6892	102.385
143.6415	60.4173	121.116
144.6788	61.3109	140.166
145.7236	63.0250	148.575
146.7760	64.2754	150.403
147.8359	65.0512	149.414
148.9035	65.3225	148.059
149.9788	65.4278	148.490
151.0619	65.6170	149.777
152.1528	66.0480	150.346
153.2516	66.4244	148.649
154.3583	66.6128	146.820
155.4730	66.6678	143.681
156.5958	66.3374	140.209
157.7266	66.0124	137.569
158.8656	65.4045	133.769
160.0129	64.1517	132.653
161.1684	62.6339	135.686
162.3323	61.5146	145.440
163.5046	61.2166	152.050
164.6854	60.0615	158.434
165.8746	59.1442	171.362
167.0725	59.2155	-171.038
168.2790	60.4878	-148.556
169.4943	63.7695	-133.834
170.7183	66.5488	-131.795
171.9511	69.0119	-132.713
173.1929	71.4229	-137.122
174.4436	73.3379	-145.490
175.7033	74.5620	-155.026
176.9722	75.2703	-164.091
178.2502	75.5814	-171.475
179.5374	75.7158	-176.025
180.8340	76.2332	-177.346
182.1399	77.3068	179.283
183.4552	78.3160	172.431
184.7800	78.9985	163.695
186.1144	79.3581	154.400
187.4584	79.4051	145.396
188.8122	79.3509	137.388
190.1757	79.1464	129.346
191.5490	78.7438	122.278
192.9323	78.1702	115.559
194.3256	77.4745	110.168
195.7289	76.7219	106.962
197.1424	75.9473	104.278
198.5660	75.1555	105.101
200.0000	74.8809	104.072
201.4443	74.6422	105.105
202.8990	74.5232	104.254
204.3643	74.3800	103.549
205.8401	74.2040	102.842
207.3266	73.9911	103.215
208.8238	73.9741	104.135
210.3318	73.9309	105.294
211.8507	74.2087	105.882
213.3806	74.5905	106.374
214.9216	75.0032	105.111
216.4736	75.2831	103.366
218.0369	75.5189	101.728
219.6115	75.8770	100.360
221.1974	76.2255	98.856
222.7948	76.7284	96.404
224.4037	77.2181	92.497
226.0242	77.4683	87.928
227.6565	77.5644	83.089
229.3005	77.6577	79.262
230.9564	77.6543	75.991
232.6243	77.7513	72.812
234.3042	77.7577	69.608
235.9962	77.7904	66.873
237.7004	77.9281	64.530
239.4170	78.1125	61.706
241.1460	78.3417	58.354
242.8874	78.4830	54.736
244.6414	78.5854	50.691
246.4081	78.6841	46.761
248.1876	78.7192	42.600
249.9798	78.7425	38.911
251.7851	78.7650	34.796
253.6034	78.7359	30.978
255.4348	78.7371	26.858
257.2794	78.6737	22.837
259.1373	78.6313	18.535
261.0087	78.4619	14.212
262.8936	78.3347	10.138
264.7921	78.1167	6.118
266.7043	77.8439	2.354
268.6303	77.5182	-1.468
270.5702	77.1150	-4.498
272.5242	76.7325	-6.919
274.4922	76.3877	-8.432
276.4744	76.1193	-9.245
278.4710	75.9354	-10.046
280.4820	75.7732	-10.438
282.5075	75.7539	-10.566
284.5476	75.7882	-10.499
286.6025	76.0703	-11.154
288.6722	76.4032	-12.801
290.7569	76.7493	-15.029
292.8566	76.9538	-18.129
294.9715	77.1253	-21.456
297.1016	77.1998	-24.252
299.2471	77.2951	-26.608
301.4082	77.4548	-28.724
303.5848	77.7577	-30.890
305.7771	78.0974	-33.278
307.9853	78.4101	-36.776
310.2094	78.7540	-40.471
312.4496	79.1372	-44.291
314.7060	79.4729	-48.728
316.9786	79.7961	-53.595
319.2677	80.0749	-58.825
321.5733	80.3105	-64.523
323.8956	80.4593	-70.157
326.2346	80.5623	-76.096
328.5905	80.6381	-82.016
330.9634	80.6410	-87.974
333.3535	80.5637	-93.954
335.7608	80.4909	-99.350
338.1855	80.3775	-104.745
340.6277	80.2787	-110.049
343.0876	80.1519	-115.589
345.5652	79.9926	-120.839
348.0607	79.8214	-125.816
350.5742	79.6556	-130.715
353.1059	79.5278	-135.454
355.6559	79.3884	-140.392
358.2243	79.2557	-145.581
360.8112	79.0951	-150.474
363.4168	78.8936	-155.507
366.0412	78.7479	-160.484
368.6846	78.5322	-165.638
371.3471	78.3392	-170.730
374.0288	78.1408	-175.434
376.7298	77.9193	179.861
379.4504	77.7075	175.223
382.1906	77.5575	170.426
384.9506	77.3887	165.319
387.7305	77.2015	160.045
390.5305	76.9213	154.357
393.3508	76.6346	149.175
396.1914	76.3419	143.937
399.0525	76.0208	138.929
401.9342	75.7193	133.662
404.8368	75.3112	128.314
407.7604	74.8683	123.285
410.7050	74.3788	118.909
413.6709	74.0046	115.130
416.6583	73.6120	110.922
419.6672	73.1715	106.824
422.6978	72.8195	102.667
425.7503	72.4321	99.235
428.8249	72.1792	95.914
431.9217	72.0246	92.076
435.0408	71.8518	87.108
438.1825	71.6544	81.172
441.3468	71.1433	74.090
444.5340	70.4004	68.408
447.7442	69.5270	63.904
450.9776	68.7096	61.927
454.2344	68.2137	61.320
457.5146	67.9244	58.238
460.8186	67.5570	54.096
464.1464	67.0870	50.341
467.4983	66.5405	45.264
470.8743	65.6890	41.160
474.2747	64.6970	39.140
477.6997	63.6253	37.028
481.1495	62.5178	38.481
484.6241	61.8338	41.043
488.1238	61.1799	47.392
491.6488	61.1326	51.757
495.1993	61.3970	55.931
498.7754	61.9420	58.072
502.3773	62.6915	59.596
506.0052	63.3992	57.891
509.6593	63.9187	54.100
513.3399	64.2068	51.879
517.0470	64.4731	48.464
520.7808	64.5517	46.048
524.5417	64.8323	43.294
528.3297	65.1057	40.934
532.1450	65.0450	39.008
535.9879	65.2308	38.868
539.8586	65.7463	40.199
543.7572	66.5869	39.874
547.6839	67.5020	37.695
551.6390	68.4541	33.722
555.6227	69.2738	29.784
559.6352	70.2414	24.984
563.6766	71.2378	19.699
567.7472	72.2214	12.703
571.8472	73.2170	5.056
575.9768	74.0449	-4.152
580.1362	74.7938	-13.988
584.3257	75.4272	-24.338
588.5454	75.9036	-35.065
592.7956	76.2593	-45.995
597.0765	76.5347	-56.795
601.3883	76.7238	-67.658
605.7313	76.8390	-78.669
610.1056	76.8687	-89.797
614.5115	76.7955	-100.904
618.9492	76.6545	-111.662
623.4189	76.4178	-122.683
627.9210	76.1247	-133.659
632.4555	75.6524	-143.997
637.0228	75.0865	-152.891
641.6231	74.6909	-160.136
646.2566	74.6160	-168.314
650.9236	74.4683	-177.929
655.6242	74.2742	172.345
660.3588	74.0401	161.113
665.1276	73.5474	149.107
669.9309	72.7367	137.752
674.7688	71.6504	127.626
679.6417	70.5733	120.123
684.5497	69.6271	114.366
689.4932	68.9371	109.683
694.4724	68.3959	104.012
699.4876	67.9428	98.242
704.5389	67.4324	91.358
709.6268	66.6327	85.779
714.7514	65.9982	82.886
719.9130	65.8665	82.347
725.1118	66.2484	80.957
730.3483	67.0777	76.271
735.6225	68.0414	68.586
740.9348	68.8670	57.655
746.2855	69.6443	46.096
751.6748	70.3274	31.783
757.1030	70.7243	15.563
762.5705	70.8767	-1.292
768.0774	70.8117	-17.438
773.6241	70.6387	-33.190
779.2109	70.3444	-48.919
784.8380	70.0488	-63.360
790.5057	69.8727	-76.783
796.2143	69.9809	-88.609
801.9642	70.6345	-101.697
807.7556	71.4810	-118.207
813.5889	72.0565	-136.383
819.4642	72.3589	-153.337
825.3820	72.9290	-168.803
831.3425	73.8911	174.377
837.3461	74.8908	154.121
843.3930	75.4347	131.447
849.4836	75.3692	108.761
855.6182	74.8226	88.458
861.7970	74.0969	72.016
868.0205	73.6783	59.699
874.2890	73.7901	48.142
880.6027	74.2814	33.776
886.9620	74.5957	16.368
893.3672	74.5298	-1.798
899.8187	74.3473	-19.770
906.3167	73.9487	-39.599
912.8617	72.8897	-61.063
919.4540	70.7815	-80.933
926.0938	67.7370	-94.283
932.7817	64.4315	-98.069
939.5178	60.9941	-92.166
946.3025	58.4714	-59.904
953.1363	63.3341	-32.748
960.0194	68.1649	-40.303
966.9522	71.2092	-58.036
973.9351	73.0565	-77.829
980.9684	74.1788	-97.083
988.0524	74.9063	-115.608
995.1877	75.4007	-133.992
1002.3745	75.6954	-152.254
1009.6131	75.8452	-171.302
1016.9041	75.5787	169.096
1024.2477	74.9335	150.504
1031.6443	74.1303	133.081
1039.0944	73.1174	115.360
1046.5982	71.5367	98.262
1054.1563	69.4194	84.615
1061.7689	67.0010	73.175
1069.4365	63.4985	63.935
1077.1594	55.9442	79.190
1084.9382	61.8482	150.590
1092.7731	68.7474	135.583
1100.6646	71.9132	109.331
1108.6131	73.1667	83.077
1116.6190	73.1772	58.478
1124.6827	72.1387	38.015
1132.8046	70.5700	24.475
1140.9852	68.8922	17.629
1149.2248	67.6169	20.274
1157.5240	68.3347	30.532
1165.8831	71.3684	31.664
1174.3025	74.3910	17.772
1182.7828	76.3548	-2.483
1191.3243	77.4282	-22.579
1199.9275	78.3447	-41.664
1208.5928	79.1886	-62.782
1217.3207	79.5263	-85.463
1226.1116	79.3931	-107.117
1234.9660	79.0601	-127.829
1243.8843	78.5379	-147.513
1252.8671	77.9629	-166.407
1261.9147	77.3783	174.139
1271.0276	76.4732	152.455
1280.2064	74.7232	130.296
1289.4515	71.8370	112.530
1298.7633	68.4202	104.862
1308.1423	65.2541	111.396
1317.5891	65.3976	129.754
1327.1041	67.6923	127.601
1336.6878	68.4201	118.229
1346.3408	69.3390	114.178
1356.0634	70.7456	103.359
1365.8563	71.2553	91.780
1375.7198	72.1555	84.958
1385.6546	73.8687	75.190
1395.6612	75.6228	60.304
1405.7400	77.1628	42.065
1415.8916	78.3166	21.950
1426.1165	79.2977	1.690
1436.4152	80.2419	-20.306
1446.7883	80.8973	-44.212
1457.2363	81.1600	-69.043
1467.7598	81.0723	-93.966
1478.3593	80.5679	-118.449
1489.0353	79.7980	-140.282
1499.7884	79.2573	-160.122
1510.6192	78.9267	178.019
1521.5282	78.3451	153.557
1532.5159	77.1548	127.860
1543.5830	75.2759	103.439
1554.7301	72.7120	80.625
1565.9576	68.6384	61.782
1577.2662	62.7598	71.164
1588.6565	64.7680	105.965
1600.1290	68.9789	99.155
1611.6844	71.7375	79.814
1623.3232	73.5720	54.986
1635.0461	74.5563	27.878
1646.8536	75.0159	-0.805
1658.7464	74.6519	-30.670
1670.7251	73.6164	-58.986
1682.7903	71.6578	-83.730
1694.9426	69.6269	-98.437
1707.1827	68.9127	-107.144
1719.5111	69.6999	-118.711
1731.9286	71.3844	-137.303
1744.4358	73.4367	-168.184
1757.0333	74.1628	151.027
1769.7218	73.6755	111.237
1782.5019	72.8816	72.357
1795.3743	72.1701	33.642
1808.3396	71.6593	-10.539
1821.3986	70.4537	-58.782
1834.5519	69.3129	-101.368
1847.8001	69.3733	-149.426
1861.1441	68.8732	153.146
1874.5844	67.2652	93.693
1888.1218	64.9789	43.288
1901.7569	64.6746	-2.925
1915.4905	64.3746	-48.171
1929.3232	65.4314	-81.120
1943.2559	67.8825	-117.913
1957.2892	69.6280	-154.547
1971.4238	71.7475	174.089
1985.6605	74.3084	139.060
2000.0000	76.5181	99.331
2014.4431	77.6310	58.883
2028.9904	78.5415	20.972
2043.6428	79.2581	-18.736
2058.4011	79.2246	-60.673
2073.2659	78.1046	-101.633
2088.2380	76.1673	-135.267
2103.3183	74.4289	-162.801
2118.5075	72.9797	173.583
2133.8063	72.4076	151.023
2149.2157	71.5801	118.164
2164.7363	67.2433	93.535
2180.3690	65.8170	114.367
2196.1146	71.9969	105.171
2211.9739	75.8593	59.668
2227.9477	76.5131	8.582
2244.0369	74.9260	-37.675
2260.2423	72.4583	-74.127
2276.5647	68.8878	-99.730
2293.0050	68.8302	-95.891
2309.5640	73.4128	-126.157
2326.2426	75.2617	-177.441
2343.0416	75.4958	129.882
2359.9619	74.0019	75.265
2377.0045	70.9355	34.725
2394.1701	71.2839	6.059
2411.4596	71.9909	-46.862
2428.8741	70.2176	-103.062
2446.4142	67.4684	-148.571
2464.0811	64.8905	159.991
2481.8755	59.7515	99.472
2499.7985	56.4073	-8.225
2517.8508	62.8093	-105.723
2536.0336	69.1025	-161.368
2554.3476	73.1829	133.247
2572.7939	73.3186	70.725
2591.3734	71.9795	29.740
2610.0871	72.0212	-3.823
2628.9359	73.4873	-38.719
2647.9208	74.7007	-85.197
2667.0429	75.3042	-136.989
2686.3030	74.6515	166.732
2705.7022	72.4994	101.533
2725.2415	65.9470	39.433
2744.9219	58.6229	18.411
2764.7445	58.5427	-22.933
2784.7101	58.7727	-108.768
2804.8200	62.9113	152.773
2825.0751	63.7342	69.881
2845.4765	65.0976	30.607
2866.0251	69.4823	-49.505
2886.7222	69.7445	-138.521
2907.5688	70.5608	133.404
2928.5659	71.2922	48.582
2949.7146	72.2512	-25.435
2971.0160	72.4309	-93.312
2992.4713	72.2569	-155.809
3014.0815	72.1109	142.588
3035.8478	71.1146	67.905
3057.7713	67.0615	-16.561
3079.8531	59.5139	-101.876
3102.0943	58.0326	172.699
3124.4962	61.3291	75.206
3147.0598	61.6691	-9.155
3169.7864	57.0560	-70.392
3192.6771	55.6571	-109.215
3215.7331	60.1379	-60.631
3238.9556	70.0899	-154.484
3262.3458	72.4078	115.997
3285.9049	72.8291	40.566
3309.6342	72.4893	-29.102
3333.5348	70.5106	-91.642
3357.6080	67.1890	-133.161
3381.8551	67.1129	-158.875
3406.2773	69.2722	170.936
3430.8758	71.7915	119.776
3455.6520	72.3526	67.371
3480.6071	70.7118	18.954
3505.7424	72.6813	-23.395
3531.0592	71.1668	-86.936
3556.5588	66.0177	-134.433
3582.2426	62.1727	-130.250
3608.1119	67.1751	-148.036
3634.1680	69.3864	139.118
3660.4122	61.8319	132.987
3686.8460	69.9260	84.904
3713.4706	69.4576	19.237
3740.2876	64.5147	-56.651
3767.2982	55.2856	57.645
3794.5038	68.7882	-19.227
3821.9059	71.6286	-91.551
3849.5060	71.3650	-160.811
3877.3053	69.5545	133.197
3905.3053	65.1202	47.874
3933.5076	51.8021	-100.142
3961.9136	65.8313	141.827
3990.5246	69.8475	52.496
4019.3423	68.6389	-14.772
4048.3681	69.6101	-68.100
4077.6035	68.9009	-126.273
4107.0501	70.7006	151.571
4136.7092	67.6002	53.833
4166.5826	68.1017	-50.862
4196.6717	69.0807	-152.816
4226.9781	70.9892	120.493
4257.5033	70.1670	36.519
4288.2490	67.4312	-29.115
4319.2167	66.0843	-101.596
4350.4081	57.4523	133.999
4381.8247	63.1782	-75.948
4413.4681	71.5544	-175.338
4445.3401	71.3722	73.176
4477.4423	67.5328	-40.237
4509.7763	57.3951	-105.814
4542.3437	62.2922	153.022
4575.1464	63.1981	21.573
4608.1860	62.3343	-60.320
4641.4641	60.9285	-146.698
4674.9826	63.8476	149.990
4708.7431	66.7025	55.440
4742.7474	66.5008	-35.062
4776.9973	66.9215	-134.235
4811.4945	63.6889	135.374
4846.2409	61.9018	37.497
4881.2381	60.4879	-36.104
4916.4881	67.9535	166.567
4951.9927	68.4540	29.783
4987.7537	68.6536	-88.597
5023.7729	64.3532	132.243
5060.0522	57.9144	-60.052
5096.5935	59.5963	134.001
5133.3987	59.7851	120.700
5170.4697	66.8923	23.745
5207.8084	67.6906	-94.736
5245.4167	66.8917	166.458
5283.2966	65.6089	-2.634
5321.4501	64.6786	-140.930
5359.8791	68.9754	96.692
5398.5856	71.7284	-36.837
5437.5717	70.1148	-147.731
5476.8393	68.5893	95.524
5516.3904	61.8602	-71.933
5556.2272	60.4540	48.507
5596.3516	61.9574	-13.333
5636.7659	71.4503	-129.634
5677.4719	67.4984	95.622
5718.4720	63.8964	58.683
5759.7681	64.1884	-35.710
5801.3624	63.3564	-79.934
5843.2571	67.6500	149.306
5885.4544	67.5090	-7.823
5927.9563	57.4439	126.430
5970.7652	63.2545	-102.754
6013.8833	63.0211	103.266
6057.3127	65.1244	-27.424
6101.0558	63.9076	175.384
6145.1147	66.0255	61.188
6189.4919	64.5541	-91.750
6234.1894	63.4467	-142.563
6279.2098	60.5096	80.187
6324.5553	55.3457	-12.974
6370.2283	52.8544	-23.819
6416.2311	34.3538	112.410
6462.5661	51.7830	-83.596
6509.2357	61.1933	-39.645
6556.2423	64.3263	121.813
6603.5884	59.1312	-59.384
6651.2764	57.8412	70.420
6699.3088	62.1450	-53.880
6747.6880	58.3075	167.810
6796.4167	53.7823	64.098
6845.4972	62.2550	-34.653
6894.9321	56.2574	-139.462
6944.7241	62.8004	102.250
6994.8756	60.9310	-63.466
7045.3893	39.8109	-1.273
7096.2678	62.6734	179.468
7147.5137	54.2104	53.855
7199.1297	39.4601	161.582
7251.1184	56.3422	-109.684
7303.4825	50.3903	40.589
7356.2249	63.0780	-158.261
7409.3480	59.4129	4.690
7462.8549	55.8277	27.667
7516.7481	63.5394	-126.883
7571.0305	59.1714	112.564
7625.7049	58.6336	9.062
7680.7742	53.0556	154.631
7736.2411	62.1281	-109.328
7792.1086	61.7855	-97.792
7848.3795	62.4120	85.881
7905.0568	60.3887	-13.797
7962.1434	60.5909	-99.362
8019.6423	50.8085	104.415
8077.5563	65.8591	154.671
8135.8886	65.3709	1.907
8194.6422	50.0048	-91.330
8253.8200	62.1548	177.180
8313.4252	60.4830	10.063
8373.4609	58.9130	-179.426
8433.9301	64.4905	-1.379
8494.8359	53.5623	-162.928
8556.1816	45.4615	143.444
8617.9704	52.4211	1.450
8680.2053	49.6477	112.481
8742.8896	52.3939	-3.715
8806.0267	46.4905	83.476
8869.6196	64.7517	-154.170
8933.6718	62.8293	4.881
8998.1866	51.0935	146.814
9063.1673	64.2903	-54.685
9128.6172	58.6977	145.183
9194.5398	61.4051	26.757
9260.9384	58.1846	-109.632
9327.8165	58.4713	99.095
9395.1776	60.2312	42.147
9463.0252	55.5215	-149.146
9531.3627	59.4021	112.986
9600.1937	54.1995	25.708
9669.5218	64.7655	-106.083
9739.3505	60.7469	104.627
9809.6835	59.4897	-38.574
9880.5244	44.4282	55.676
9951.8769	58.3057	-147.027
10023.7447	62.4770	81.887
10096.1314	56.9528	-28.592
10169.0409	56.3230	132.707
10242.4770	55.8491	27.727
10316.4433	58.6736	-155.758
10390.9438	53.8825	37.592
10465.9823	54.2904	-85.942
10541.5627	59.0966	76.932
10617.6889	58.6152	-138.955
10694.3648	60.2421	36.705
10771.5945	59.8934	-139.842
10849.3819	50.5489	-114.663
10927.7310	50.9561	48.893
11006.6459	61.1266	-73.295
11086.1307	52.2219	-162.016
11166.1895	55.8728	57.803
11246.8265	51.1166	-21.652
11328.0458	58.4445	169.958
11409.8516	49.9712	172.184
11492.2482	43.5572	-5.416
11575.2398	55.1630	-52.889
11658.8307	55.2045	110.547
11743.0253	56.6533	-135.244
11827.8279	57.7076	14.872
11913.2429	57.3724	-84.590
11999.2747	62.1766	74.361
12085.9278	59.4793	-67.703
12173.2067	55.2572	147.199
12261.1158	45.8360	37.463
12349.6598	53.4992	-81.943
12438.8433	56.8776	142.534
12528.6707	55.1131	-16.748
12619.1469	49.2779	-147.370
12710.2764	52.2360	81.106
12802.0640	51.5466	165.424
12894.5145	44.0207	157.354
12987.6326	50.8161	131.063
13081.4232	53.0732	-7.649
13175.8911	54.2992	88.449
13271.0411	43.2826	18.357
13366.8784	36.0701	-163.748
13463.4076	40.5764	150.138
13560.6340	38.8986	170.379
13658.5625	52.7745	-137.725
13757.1982	52.4831	74.035
13856.5462	49.2769	-97.672
13956.6117	54.6944	58.002
14057.3998	52.3765	-138.329
14158.9157	43.7521	62.002
14261.1647	42.9665	-23.543
14364.1521	46.3397	67.178
14467.8833	44.7050	162.958
14572.3635	38.5606	135.927
14677.5982	42.8830	82.222
14783.5929	41.3215	64.039
14890.3531	48.7310	99.295
14997.8842	45.5121	-130.741
15106.1918	41.6926	59.847
15215.2816	53.1354	-154.476
15325.1592	46.5975	-92.782
15435.8303	39.3527	34.419
15547.3006	38.9248	-155.925
15659.5759	30.7008	-52.177
15772.6620	35.7217	-27.192
15886.5647	43.9394	-34.365
16001.2900	38.2486	138.847
16116.8438	21.6200	-91.767
16233.2320	36.2717	-77.708
16350.4608	41.5841	93.719
16468.5361	47.3422	-157.328
16587.4641	41.6813	-54.869
16707.2509	34.4597	-5.742
16827.9028	16.1323	-52.378
16949.4260	41.3087	-34.228
17071.8268	41.1303	77.640
17195.1115	32.5885	143.528
17319.2865	45.1160	45.454
17444.3582	40.6970	-144.244
17570.3331	42.4054	-2.334
17697.2178	33.7100	7.087
17825.0188	26.2935	176.646
17953.7426	36.6423	-94.726
18083.3961	29.2180	107.376
18213.9859	40.4249	-179.428
18345.5187	36.4650	-51.642
18478.0014	27.7764	-174.700
18611.4408	44.8400	-21.049
18745.8439	36.0922	57.269
18881.2175	35.7249	-1.273
19017.5688	25.7302	-98.220
19154.9047	40.2478	-66.367
19293.2324	30.9705	-29.013
19432.5590	24.6897	-88.531
19572.8918	30.8964	-110.860
19714.2380	39.6261	-80.602
19856.6050	32.0938	92.011
20000.0000	31.1961	-113.895
