* Helix DSP Ultra S, output layer — HS_Q shelf, 1000 Hz, +6.0 dB, Q 2.
* ELECTRICAL loop, no microphone: Scarlett 2i2 out L -> Helix line in,
* Helix line out -> Scarlett in 1; out R -> in 2 direct as the timing
* reference, timing offset 0. Everything else in the channel off; no gain,
* level or routing changed within a set, so the ratio to '-bypass' is the
* filter alone.
* REW V5.40 beta 132 measurement 'a5_hsq_1k_+6db_q2', 2026-Sep-01 11:36:05, 512k sweep, 1 average, -20 dBFS, 96 kHz,
* 10 Hz - 30 kHz, loopback timing reference. SNR 51.3 dB, delay 0.4038 ms.
* Levels are REW's electrical dB (splOffset 102.34); only ratios within a set carry meaning.
* frequency_Hz<TAB>dB<TAB>phase_deg — REW's UNSMOOTHED raw spectrum (linear bins) resampled to 1/96 octave by complex averaging within each cell,
* with the measurement's own delay removed before averaging and restored after, so the cell average carries no rotation loss.
20.0000	86.9898	57.480
20.1449	87.0082	57.080
20.2909	87.0268	56.669
20.4379	87.0542	56.089
20.5860	87.0637	55.869
20.7352	87.0821	55.473
20.8855	87.0993	55.106
21.0368	87.1187	54.684
21.1893	87.1433	54.169
21.3428	87.1551	53.900
21.4975	87.1730	53.509
21.6532	87.1858	53.230
21.8102	87.2081	52.731
21.9682	87.2261	52.334
22.1274	87.2421	51.959
22.2877	87.2643	51.461
22.4492	87.2751	51.193
22.6119	87.2912	50.813
22.7758	87.3005	50.587
22.9408	87.3226	50.059
23.1071	87.3350	49.760
23.2745	87.3532	49.313
23.4432	87.3680	48.954
23.6130	87.3830	48.574
23.7841	87.3996	48.169
23.9565	87.4120	47.843
24.1301	87.4297	47.403
24.3049	87.4402	47.120
24.4811	87.4584	46.658
24.6585	87.4676	46.406
24.8372	87.4861	45.933
25.0171	87.4944	45.700
25.1984	87.5128	45.226
25.3810	87.5208	45.003
25.5649	87.5389	44.536
25.7502	87.5468	44.312
25.9368	87.5641	43.861
26.1247	87.5723	43.628
26.3141	87.5886	43.200
26.5047	87.5973	42.949
26.6968	87.6120	42.552
26.8903	87.6216	42.276
27.0851	87.6346	41.919
27.2814	87.6453	41.610
27.4791	87.6563	41.299
27.6782	87.6685	40.951
27.8788	87.6774	40.692
28.0808	87.6912	40.297
28.2843	87.6978	40.097
28.4892	87.7174	39.542
28.6957	87.7240	39.327
28.9036	87.7359	38.968
29.1131	87.7445	38.687
29.3240	87.7533	38.407
29.5365	87.7642	38.058
29.7506	87.7700	37.860
29.9661	87.7863	37.359
30.1833	87.7931	37.135
30.4020	87.8026	36.840
30.6223	87.8128	36.530
30.8442	87.8191	36.328
31.0677	87.8354	35.855
31.2929	87.8425	35.625
31.5196	87.8512	35.354
31.7480	87.8659	34.892
31.9781	87.8703	34.723
32.2098	87.8796	34.406
32.4432	87.8871	34.129
32.6783	87.8924	33.929
32.9151	87.9044	33.498
33.1536	87.9105	33.259
33.3939	87.9160	33.045
33.6359	87.9278	32.637
33.8796	87.9340	32.415
34.1251	87.9400	32.203
34.3724	87.9525	31.808
34.6215	87.9593	31.578
34.8723	87.9650	31.377
35.1250	87.9768	30.984
35.3796	87.9832	30.732
35.6359	87.9873	30.558
35.8942	87.9967	30.177
36.1543	88.0055	29.809
36.4163	88.0095	29.629
36.6802	88.0146	29.412
36.9460	88.0243	29.060
37.2137	88.0304	28.827
37.4834	88.0343	28.669
37.7550	88.0437	28.318
38.0286	88.0521	27.971
38.3041	88.0565	27.753
38.5817	88.0595	27.593
38.8613	88.0667	27.267
39.1429	88.0746	26.952
39.4265	88.0836	26.642
39.7122	88.0879	26.482
40.0000	88.0934	26.291
40.2899	88.1034	25.978
40.5818	88.1127	25.663
40.8759	88.1210	25.350
41.1721	88.1241	25.194
41.4704	88.1282	25.000
41.7710	88.1349	24.701
42.0736	88.1414	24.411
42.3785	88.1481	24.128
42.6856	88.1521	23.952
42.9949	88.1553	23.805
43.3065	88.1628	23.527
43.6203	88.1703	23.249
43.9364	88.1771	22.969
44.2548	88.1828	22.691
44.5755	88.1874	22.420
44.8985	88.1915	22.159
45.2238	88.1938	22.011
45.5515	88.1962	21.859
45.8816	88.2018	21.610
46.2141	88.2081	21.359
46.5490	88.2140	21.102
46.8863	88.2186	20.844
47.2261	88.2221	20.592
47.5683	88.2252	20.350
47.9130	88.2292	20.117
48.2602	88.2344	19.885
48.6099	88.2403	19.647
48.9621	88.2454	19.401
49.3169	88.2489	19.155
49.6743	88.2508	18.918
50.0343	88.2525	18.694
50.3968	88.2552	18.481
50.7620	88.2595	18.272
51.1299	88.2649	18.058
51.5004	88.2703	17.838
51.8736	88.2750	17.614
52.2495	88.2790	17.393
52.6281	88.2826	17.174
53.0095	88.2860	16.958
53.3936	88.2890	16.742
53.7805	88.2914	16.529
54.1702	88.2932	16.323
54.5628	88.2952	16.126
54.9581	88.2983	15.936
55.3564	88.3029	15.744
55.7575	88.3085	15.545
56.1616	88.3136	15.335
56.5685	88.3181	15.043
56.9785	88.3196	14.764
57.3914	88.3201	14.573
57.8072	88.3214	14.390
58.2261	88.3237	14.210
58.6481	88.3268	14.031
59.0730	88.3304	13.850
59.5011	88.3361	13.606
59.9323	88.3419	13.357
60.3666	88.3452	13.167
60.8040	88.3477	12.976
61.2446	88.3495	12.788
61.6884	88.3514	12.549
62.1355	88.3536	12.320
62.5857	88.3557	12.149
63.0392	88.3583	11.977
63.4960	88.3623	11.746
63.9562	88.3655	11.510
64.4196	88.3667	11.331
64.8864	88.3673	11.157
65.3566	88.3685	10.942
65.8302	88.3714	10.733
66.3073	88.3742	10.567
66.7877	88.3782	10.344
67.2717	88.3808	10.119
67.7592	88.3819	9.951
68.2502	88.3841	9.745
68.7448	88.3877	9.540
69.2429	88.3905	9.375
69.7447	88.3937	9.159
70.2501	88.3956	8.946
70.7591	88.3964	8.785
71.2719	88.3980	8.586
71.7884	88.4000	8.388
72.3086	88.4018	8.191
72.8325	88.4035	7.997
73.3603	88.4060	7.804
73.8919	88.4088	7.605
74.4274	88.4103	7.442
74.9667	88.4108	7.235
75.5099	88.4104	7.038
76.0571	88.4106	6.850
76.6083	88.4119	6.662
77.1634	88.4131	6.471
77.7226	88.4141	6.250
78.2858	88.4158	6.072
78.8531	88.4190	5.889
79.4245	88.4220	5.698
80.0000	88.4235	5.506
80.5797	88.4245	5.320
81.1636	88.4261	5.141
81.7518	88.4295	4.927
82.3442	88.4318	4.737
82.9409	88.4327	4.543
83.5419	88.4323	4.355
84.1473	88.4319	4.178
84.7570	88.4331	3.975
85.3712	88.4343	3.795
85.9899	88.4348	3.616
86.6130	88.4360	3.418
87.2406	88.4388	3.215
87.8728	88.4401	3.035
88.5096	88.4402	2.864
89.1509	88.4426	2.679
89.7970	88.4466	2.480
90.4477	88.4479	2.301
91.1031	88.4487	2.132
91.7633	88.4517	1.936
92.4282	88.4531	1.718
93.0980	88.4498	1.514
93.7726	88.4484	1.360
94.4521	88.4507	1.201
95.1366	88.4533	0.990
95.8260	88.4506	0.779
96.5204	88.4477	0.610
97.2198	88.4516	0.448
97.9243	88.4579	0.244
98.6339	88.4577	0.018
99.3486	88.4529	-0.168
100.0685	88.4529	-0.320
100.7937	88.4571	-0.498
101.5241	88.4583	-0.695
102.2598	88.4580	-0.879
103.0008	88.4595	-1.063
103.7472	88.4605	-1.264
104.4990	88.4591	-1.465
105.2562	88.4568	-1.650
106.0189	88.4568	-1.820
106.7872	88.4607	-2.000
107.5610	88.4635	-2.209
108.3404	88.4613	-2.411
109.1255	88.4595	-2.593
109.9163	88.4607	-2.776
110.7128	88.4611	-2.943
111.5151	88.4640	-3.108
112.3231	88.4669	-3.304
113.1371	88.4629	-3.524
113.9569	88.4589	-3.700
114.7827	88.4602	-3.871
115.6145	88.4606	-4.064
116.4523	88.4586	-4.265
117.2961	88.4588	-4.449
118.1461	88.4620	-4.628
119.0022	88.4651	-4.849
119.8646	88.4636	-5.067
120.7332	88.4618	-5.245
121.6080	88.4610	-5.429
122.4893	88.4613	-5.605
123.3769	88.4648	-5.800
124.2709	88.4640	-6.029
125.1714	88.4569	-6.214
126.0785	88.4574	-6.362
126.9921	88.4636	-6.570
127.9123	88.4617	-6.801
128.8392	88.4583	-6.985
129.7728	88.4592	-7.176
130.7132	88.4570	-7.372
131.6604	88.4574	-7.549
132.6145	88.4582	-7.757
133.5755	88.4546	-7.950
134.5434	88.4579	-8.128
135.5184	88.4579	-8.349
136.5004	88.4551	-8.547
137.4895	88.4558	-8.749
138.4858	88.4519	-8.944
139.4894	88.4523	-9.127
140.5002	88.4511	-9.340
141.5183	88.4501	-9.510
142.5438	88.4534	-9.711
143.5767	88.4511	-9.928
144.6171	88.4508	-10.124
145.6651	88.4504	-10.324
146.7206	88.4530	-10.527
147.7838	88.4525	-10.754
148.8547	88.4515	-10.958
149.9334	88.4476	-11.172
151.0199	88.4422	-11.347
152.1142	88.4446	-11.545
153.2165	88.4402	-11.760
154.3268	88.4393	-11.948
155.4451	88.4381	-12.164
156.5715	88.4395	-12.376
157.7061	88.4399	-12.605
158.8489	88.4381	-12.834
160.0000	88.4339	-13.041
161.1594	88.4332	-13.236
162.3273	88.4314	-13.442
163.5035	88.4301	-13.638
164.6884	88.4333	-13.852
165.8818	88.4303	-14.107
167.0838	88.4236	-14.293
168.2946	88.4259	-14.512
169.5141	88.4226	-14.719
170.7425	88.4251	-14.939
171.9797	88.4191	-15.151
173.2260	88.4207	-15.347
174.4812	88.4191	-15.578
175.7456	88.4169	-15.812
177.0191	88.4114	-16.034
178.3019	88.4103	-16.261
179.5939	88.4044	-16.478
180.8953	88.4067	-16.681
182.2062	88.4055	-16.915
183.5265	88.4058	-17.144
184.8564	88.4019	-17.367
186.1960	88.4011	-17.599
187.5452	88.3964	-17.815
188.9043	88.3957	-18.049
190.2731	88.3866	-18.275
191.6519	88.3866	-18.475
193.0407	88.3821	-18.721
194.4396	88.3827	-18.932
195.8486	88.3784	-19.205
197.2678	88.3736	-19.395
198.6972	88.3776	-19.667
200.1371	88.3672	-19.899
201.5874	88.3697	-20.115
203.0482	88.3658	-20.359
204.5195	88.3637	-20.600
206.0016	88.3580	-20.826
207.4943	88.3567	-21.059
208.9979	88.3559	-21.309
210.5124	88.3524	-21.560
212.0379	88.3507	-21.799
213.5744	88.3516	-22.025
215.1220	88.3466	-22.303
216.6809	88.3366	-22.516
218.2510	88.3348	-22.752
219.8326	88.3305	-23.043
221.4256	88.3283	-23.304
223.0301	88.3260	-23.562
224.6463	88.3287	-23.769
226.2742	88.3266	-24.065
227.9138	88.3118	-24.270
229.5654	88.3096	-24.525
231.2289	88.3030	-24.782
232.9045	88.3055	-25.047
234.5922	88.3008	-25.308
236.2922	88.3007	-25.548
238.0045	88.2905	-25.795
239.7291	88.2864	-26.020
241.4663	88.2898	-26.321
243.2161	88.2808	-26.611
244.9785	88.2751	-26.856
246.7537	88.2712	-27.122
248.5418	88.2575	-27.409
250.3428	88.2573	-27.655
252.1569	88.2566	-27.903
253.9842	88.2560	-28.181
255.8246	88.2407	-28.499
257.6785	88.2303	-28.753
259.5457	88.2310	-29.039
261.4265	88.2313	-29.350
263.3209	88.2233	-29.549
265.2290	88.2108	-29.722
267.1510	88.1779	-30.304
269.0869	88.1621	-30.311
271.0368	88.1766	-30.677
273.0008	88.1937	-31.000
274.9791	88.1937	-31.251
276.9717	88.1885	-31.553
278.9788	88.1777	-31.789
281.0003	88.1742	-32.126
283.0366	88.1651	-32.443
285.0876	88.1617	-32.665
287.1535	88.1518	-32.967
289.2343	88.1405	-33.279
291.3302	88.1342	-33.552
293.4413	88.1313	-33.880
295.5677	88.1222	-34.181
297.7095	88.1126	-34.479
299.8668	88.1115	-34.741
302.0398	88.1045	-35.054
304.2285	88.0949	-35.374
306.4330	88.0875	-35.689
308.6536	88.0791	-35.944
310.8902	88.0796	-36.269
313.1431	88.0641	-36.569
315.4122	88.0538	-36.884
317.6978	88.0450	-37.207
320.0000	88.0378	-37.536
322.3189	88.0264	-37.807
324.6545	88.0212	-38.125
327.0071	88.0085	-38.457
329.3767	87.9992	-38.769
331.7635	87.9931	-39.095
334.1676	87.9817	-39.431
336.5891	87.9746	-39.747
339.0282	87.9676	-40.077
341.4849	87.9510	-40.394
343.9595	87.9406	-40.706
346.4519	87.9312	-41.044
348.9625	87.9186	-41.328
351.4912	87.9151	-41.655
354.0383	87.9047	-42.023
356.6038	87.8922	-42.376
359.1879	87.8816	-42.677
361.7907	87.8688	-43.003
364.4124	87.8515	-43.369
367.0530	87.8388	-43.751
369.7129	87.8295	-44.051
372.3920	87.8179	-44.379
375.0905	87.8085	-44.703
377.8085	87.7934	-45.051
380.5463	87.7771	-45.406
383.3039	87.7689	-45.750
386.0814	87.7571	-46.085
388.8792	87.7429	-46.445
391.6971	87.7272	-46.770
394.5355	87.7147	-47.110
397.3945	87.6973	-47.467
400.2742	87.6847	-47.856
403.1747	87.6700	-48.196
406.0963	87.6578	-48.538
409.0390	87.6431	-48.870
412.0031	87.6244	-49.225
414.9887	87.6093	-49.583
417.9958	87.5894	-49.936
421.0248	87.5797	-50.296
424.0757	87.5647	-50.673
427.1488	87.5448	-51.014
430.2440	87.5235	-51.342
433.3618	87.5062	-51.716
436.5021	87.4922	-52.075
439.6652	87.4766	-52.468
442.8512	87.4571	-52.801
446.0602	87.4406	-53.157
449.2926	87.4195	-53.542
452.5483	87.3992	-53.869
455.8277	87.3788	-54.234
459.1308	87.3520	-54.594
462.4579	87.3423	-54.971
465.8090	87.3180	-55.358
469.1845	87.3006	-55.694
472.5844	87.2817	-56.056
476.0089	87.2552	-56.390
479.4583	87.2387	-56.778
482.9326	87.2158	-57.149
486.4321	87.1922	-57.487
489.9570	87.1733	-57.841
493.5075	87.1476	-58.195
497.0836	87.1230	-58.566
500.6857	87.0987	-58.885
504.3139	87.0735	-59.248
507.9683	87.0514	-59.612
511.6493	87.0242	-59.957
515.3569	87.0009	-60.285
519.0914	86.9756	-60.641
522.8529	86.9503	-60.964
526.6418	86.9229	-61.314
530.4580	86.9011	-61.661
534.3019	86.8767	-61.963
538.1737	86.8451	-62.338
542.0735	86.8088	-62.689
546.0016	86.7820	-62.951
549.9582	86.7500	-63.307
553.9434	86.7290	-63.588
557.9575	86.6997	-63.865
562.0007	86.6673	-64.217
566.0732	86.6440	-64.476
570.1752	86.6104	-64.818
574.3069	86.5825	-65.131
578.4686	86.5470	-65.415
582.6604	86.5244	-65.699
586.8826	86.4880	-65.963
591.1354	86.4575	-66.216
595.4190	86.4244	-66.486
599.7336	86.3971	-66.706
604.0796	86.3658	-66.987
608.4570	86.3315	-67.224
612.8661	86.3003	-67.413
617.3072	86.2718	-67.657
621.7804	86.2422	-67.879
626.2861	86.2073	-68.095
630.8244	86.1744	-68.250
635.3957	86.1487	-68.430
640.0000	86.1162	-68.596
644.6377	86.0848	-68.740
649.3090	86.0598	-68.923
654.0142	86.0324	-68.982
658.7534	85.9997	-69.117
663.5270	85.9737	-69.242
668.3352	85.9498	-69.323
673.1783	85.9280	-69.406
678.0564	85.9036	-69.439
682.9699	85.8822	-69.466
687.9189	85.8596	-69.482
692.9039	85.8390	-69.491
697.9249	85.8241	-69.488
702.9824	85.8135	-69.471
708.0765	85.8001	-69.415
713.2075	85.7860	-69.338
718.3757	85.7820	-69.288
723.5814	85.7804	-69.138
728.8247	85.7794	-68.990
734.1061	85.7815	-68.921
739.4257	85.7889	-68.760
744.7839	85.8016	-68.572
750.1809	85.8172	-68.419
755.6170	85.8402	-68.244
761.0926	85.8629	-68.023
766.6077	85.8934	-67.785
772.1629	85.9295	-67.500
777.7583	85.9713	-67.271
783.3943	86.0224	-67.095
789.0711	86.0780	-66.821
794.7890	86.1402	-66.521
800.5484	86.2070	-66.263
806.3495	86.2904	-66.020
812.1926	86.3697	-65.792
818.0781	86.4524	-65.533
824.0062	86.5591	-65.278
829.9773	86.6692	-65.051
835.9917	86.7827	-64.817
842.0496	86.9073	-64.610
848.1515	87.0312	-64.505
854.2975	87.1727	-64.327
860.4881	87.3176	-64.193
866.7236	87.4763	-64.102
873.0042	87.6303	-64.067
879.3303	87.7971	-64.065
885.7023	87.9742	-64.070
892.1205	88.1559	-64.142
898.5852	88.3405	-64.257
905.0967	88.5419	-64.413
911.6554	88.7402	-64.624
918.2616	88.9460	-64.925
924.9157	89.1518	-65.242
931.6180	89.3736	-65.619
938.3689	89.5932	-66.050
945.1687	89.8153	-66.561
952.0178	90.0445	-67.145
958.9165	90.2708	-67.775
965.8652	90.5015	-68.471
972.8643	90.7385	-69.219
979.9141	90.9764	-70.048
987.0149	91.2108	-70.931
994.1672	91.4504	-71.904
1001.3714	91.6925	-72.932
1008.6277	91.9310	-74.007
1015.9367	92.1728	-75.165
1023.2986	92.4094	-76.394
1030.7138	92.6379	-77.699
1038.1828	92.8756	-79.047
1045.7059	93.1078	-80.460
1053.2835	93.3354	-81.945
1060.9160	93.5610	-83.510
1068.6039	93.7869	-85.120
1076.3474	94.0001	-86.789
1084.1471	94.2171	-88.514
1092.0032	94.4241	-90.315
1099.9164	94.6272	-92.167
1107.8868	94.8266	-94.064
1115.9150	95.0207	-96.016
1124.0014	95.2065	-98.022
1132.1464	95.3843	-100.071
1140.3504	95.5560	-102.171
1148.6138	95.7208	-104.301
1156.9371	95.8785	-106.475
1165.3208	96.0295	-108.683
1173.7652	96.1713	-110.932
1182.2708	96.3086	-113.214
1190.8380	96.4366	-115.532
1199.4673	96.5560	-117.850
1208.1591	96.6690	-120.192
1216.9139	96.7740	-122.568
1225.7322	96.8676	-124.954
1234.6144	96.9556	-127.326
1243.5609	97.0367	-129.727
1252.5722	97.1110	-132.122
1261.6489	97.1767	-134.513
1270.7913	97.2352	-136.927
1280.0000	97.2886	-139.327
1289.2754	97.3358	-141.731
1298.6180	97.3748	-144.140
1308.0284	97.4109	-146.524
1317.5069	97.4385	-148.926
1327.0541	97.4637	-151.297
1336.6704	97.4836	-153.666
1346.3565	97.4975	-156.032
1356.1128	97.5058	-158.376
1365.9397	97.5122	-160.712
1375.8379	97.5142	-163.024
1385.8078	97.5121	-165.351
1395.8499	97.5066	-167.649
1405.9648	97.4989	-169.947
1416.1530	97.4884	-172.228
1426.4150	97.4749	-174.484
1436.7514	97.4615	-176.729
1447.1627	97.4431	-178.983
1457.6495	97.4239	178.803
1468.2122	97.4039	176.593
1478.8515	97.3777	174.386
1489.5678	97.3564	172.191
1500.3618	97.3303	169.999
1511.2341	97.3020	167.819
1522.1851	97.2766	165.650
1533.2155	97.2486	163.485
1544.3258	97.2188	161.323
1555.5166	97.1889	159.166
1566.7885	97.1601	157.028
1578.1421	97.1281	154.888
1589.5780	97.0974	152.741
1601.0967	97.0649	150.614
1612.6989	97.0348	148.479
1624.3852	97.0029	146.356
1636.1562	96.9713	144.228
1648.0125	96.9408	142.112
1659.9546	96.9046	139.986
1671.9833	96.8747	137.843
1684.0992	96.8439	135.729
1696.3029	96.8112	133.593
1708.5950	96.7795	131.484
1720.9762	96.7493	129.350
1733.4471	96.7171	127.213
1746.0084	96.6866	125.082
1758.6607	96.6556	122.955
1771.4046	96.6255	120.813
1784.2410	96.5974	118.656
1797.1703	96.5644	116.503
1810.1934	96.5370	114.356
1823.3108	96.5076	112.194
1836.5232	96.4760	110.034
1849.8314	96.4495	107.854
1863.2361	96.4211	105.680
1876.7379	96.3928	103.502
1890.3375	96.3628	101.312
1904.0356	96.3388	99.108
1917.8331	96.3090	96.911
1931.7305	96.2842	94.689
1945.7286	96.2581	92.463
1959.8281	96.2310	90.228
1974.0299	96.2076	87.986
1988.3345	96.1792	85.737
2002.7428	96.1552	83.471
2017.2555	96.1309	81.210
2031.8733	96.1071	78.920
2046.5971	96.0835	76.626
2061.4276	96.0607	74.331
2076.3656	96.0367	72.012
2091.4118	96.0136	69.689
2106.5670	95.9906	67.354
2121.8321	95.9701	65.002
2137.2077	95.9478	62.646
2152.6948	95.9241	60.263
2168.2941	95.9046	57.889
2184.0065	95.8842	55.483
2199.8327	95.8628	53.069
2215.7736	95.8441	50.651
2231.8300	95.8229	48.212
2248.0028	95.8051	45.756
2264.2927	95.7849	43.281
2280.7007	95.7671	40.803
2297.2276	95.7475	38.304
2313.8743	95.7293	35.804
2330.6416	95.7117	33.278
2347.5304	95.6945	30.741
2364.5415	95.6761	28.190
2381.6760	95.6586	25.620
2398.9346	95.6419	23.026
2416.3182	95.6253	20.419
2433.8279	95.6098	17.805
2451.4644	95.5940	15.174
2469.2287	95.5778	12.531
2487.1218	95.5631	9.857
2505.1445	95.5467	7.186
2523.2978	95.5311	4.484
2541.5826	95.5165	1.765
2560.0000	95.5025	-0.966
2578.5508	95.4892	-3.711
2597.2361	95.4751	-6.485
2616.0567	95.4601	-9.266
2635.0137	95.4472	-12.081
2654.1081	95.4346	-14.906
2673.3409	95.4225	-17.742
2692.7130	95.4083	-20.607
2712.2255	95.3967	-23.485
2731.8794	95.3844	-26.383
2751.6758	95.3731	-29.297
2771.6155	95.3610	-32.222
2791.6998	95.3500	-35.178
2811.9296	95.3362	-38.154
2832.3060	95.3268	-41.149
2852.8301	95.3157	-44.162
2873.5028	95.3063	-47.198
2894.3254	95.2948	-50.251
2915.2989	95.2841	-53.324
2936.4244	95.2735	-56.422
2957.7029	95.2627	-59.535
2979.1356	95.2548	-62.677
3000.7237	95.2454	-65.834
3022.4682	95.2350	-69.014
3044.3702	95.2254	-72.213
3066.4310	95.2169	-75.434
3088.6516	95.2083	-78.675
3111.0332	95.1990	-81.948
3133.5771	95.1908	-85.238
3156.2843	95.1813	-88.546
3179.1560	95.1732	-91.878
3202.1935	95.1647	-95.233
3225.3979	95.1575	-98.608
3248.7705	95.1506	-102.015
3272.3124	95.1434	-105.441
3296.0249	95.1346	-108.893
3319.9093	95.1274	-112.366
3343.9667	95.1198	-115.862
3368.1985	95.1129	-119.379
3392.6058	95.1070	-122.925
3417.1900	95.0998	-126.502
3441.9524	95.0923	-130.084
3466.8942	95.0852	-133.707
3492.0167	95.0785	-137.360
3517.3213	95.0724	-141.030
3542.8093	95.0666	-144.722
3568.4820	95.0603	-148.442
3594.3406	95.0553	-152.187
3620.3867	95.0498	-155.958
3646.6215	95.0439	-159.755
3673.0465	95.0359	-163.581
3699.6629	95.0313	-167.440
3726.4721	95.0259	-171.307
3753.4757	95.0189	-175.224
3780.6749	95.0132	-179.164
3808.0713	95.0087	176.876
3835.6661	95.0035	172.893
3863.4609	94.9986	168.874
3891.4572	94.9923	164.829
3919.6563	94.9883	160.757
3948.0597	94.9820	156.650
3976.6690	94.9776	152.516
4005.4856	94.9725	148.342
4034.5110	94.9677	144.156
4063.7467	94.9626	139.929
4093.1943	94.9563	135.678
4122.8552	94.9520	131.396
4152.7312	94.9498	127.084
4182.8236	94.9443	122.743
4213.1340	94.9393	118.361
4243.6641	94.9353	113.952
4274.4155	94.9306	109.512
4305.3896	94.9260	105.052
4336.5883	94.9215	100.547
4368.0130	94.9172	96.002
4399.6654	94.9137	91.445
4431.5472	94.9097	86.832
4463.6600	94.9047	82.204
4496.0055	94.9018	77.534
4528.5854	94.8991	72.837
4561.4014	94.8939	68.102
4594.4552	94.8898	63.328
4627.7485	94.8866	58.530
4661.2831	94.8836	53.692
4695.0607	94.8802	48.818
4729.0830	94.8773	43.908
4763.3519	94.8732	38.965
4797.8691	94.8697	33.986
4832.6365	94.8674	28.970
4867.6558	94.8649	23.923
4902.9288	94.8618	18.837
4938.4574	94.8594	13.713
4974.2435	94.8575	8.550
5010.2890	94.8538	3.358
5046.5956	94.8526	-1.884
5083.1653	94.8497	-7.156
5120.0000	94.8479	-12.470
5157.1016	94.8473	-17.814
5194.4721	94.8449	-23.199
5232.1134	94.8431	-28.626
5270.0275	94.8412	-34.085
5308.2162	94.8399	-39.583
5346.6818	94.8378	-45.124
5385.4260	94.8370	-50.701
5424.4510	94.8357	-56.330
5463.7589	94.8343	-61.986
5503.3515	94.8342	-67.692
5543.2311	94.8334	-73.429
5583.3996	94.8328	-79.203
5623.8592	94.8326	-85.024
5664.6120	94.8312	-90.896
5705.6601	94.8293	-96.799
5747.0057	94.8289	-102.743
5788.6509	94.8278	-108.728
5830.5978	94.8269	-114.762
5872.8487	94.8270	-120.835
5915.4058	94.8261	-126.948
5958.2713	94.8251	-133.105
6001.4474	94.8237	-139.315
6044.9363	94.8219	-145.571
6088.7404	94.8206	-151.851
6132.8620	94.8192	-158.196
6177.3032	94.8176	-164.581
6222.0665	94.8169	-170.999
6267.1541	94.8145	-177.481
6312.5685	94.8147	176.001
6358.3120	94.8113	169.436
6404.3869	94.8089	162.819
6450.7958	94.8066	156.151
6497.5409	94.8038	149.441
6544.6248	94.8025	142.695
6592.0498	94.7992	135.878
6639.8185	94.7962	129.026
6687.9334	94.7940	122.107
6736.3969	94.7904	115.157
6785.2116	94.7881	108.151
6834.3801	94.7845	101.073
6883.9048	94.7812	93.968
6933.7884	94.7787	86.810
6984.0335	94.7749	79.594
7034.6427	94.7705	72.322
7085.6186	94.7669	65.001
7136.9639	94.7635	57.625
7188.6813	94.7594	50.190
7240.7734	94.7575	42.712
7293.2431	94.7524	35.171
7346.0929	94.7498	27.576
7399.3257	94.7473	19.917
7452.9443	94.7439	12.219
7506.9514	94.7407	4.454
7561.3499	94.7380	-3.355
7616.1425	94.7348	-11.240
7671.3322	94.7322	-19.172
7726.9219	94.7299	-27.158
7782.9143	94.7261	-35.191
7839.3125	94.7242	-43.309
7896.1194	94.7232	-51.461
7953.3380	94.7193	-59.686
8010.9711	94.7176	-67.973
8069.0219	94.7161	-76.293
8127.4934	94.7150	-84.695
8186.3886	94.7116	-93.137
8245.7105	94.7111	-101.657
8305.4623	94.7085	-110.224
8365.6471	94.7078	-118.867
8426.2680	94.7050	-127.565
8487.3283	94.7038	-136.324
8548.8309	94.7004	-145.148
8610.7793	94.6987	-154.027
8673.1765	94.6972	-162.977
8736.0260	94.6940	-171.993
8799.3308	94.6924	178.930
8863.0944	94.6900	169.791
8927.3200	94.6870	160.582
8992.0111	94.6838	151.312
9057.1709	94.6811	141.961
9122.8029	94.6784	132.553
9188.9105	94.6744	123.058
9255.4971	94.6725	113.509
9322.5662	94.6696	103.885
9390.1214	94.6657	94.190
9458.1661	94.6637	84.430
9526.7039	94.6608	74.592
9595.7383	94.6592	64.680
9665.2730	94.6556	54.690
9735.3115	94.6543	44.628
9805.8576	94.6535	34.504
9876.9149	94.6509	24.291
9948.4871	94.6502	14.017
10020.5779	94.6497	3.665
10093.1912	94.6499	-6.778
10166.3306	94.6494	-17.282
10240.0000	94.6494	-27.864
10314.2033	94.6521	-38.519
10388.9442	94.6526	-49.265
10464.2268	94.6542	-60.068
10540.0549	94.6545	-70.973
10616.4325	94.6572	-81.941
10693.3635	94.6599	-92.984
10770.8521	94.6628	-104.112
10848.9021	94.6649	-115.326
10927.5177	94.6669	-126.604
11006.7030	94.6696	-137.964
11086.4621	94.6715	-149.412
11166.7992	94.6737	-160.950
11247.7184	94.6753	-172.565
11329.2240	94.6780	175.733
11411.3202	94.6796	163.957
11494.0114	94.6807	152.082
11577.3017	94.6812	140.122
11661.1956	94.6814	128.076
11745.6975	94.6834	115.932
11830.8116	94.6822	103.699
11916.5426	94.6818	91.383
12002.8947	94.6806	78.978
12089.8727	94.6814	66.460
12177.4809	94.6821	53.865
12265.7239	94.6814	41.180
12354.6064	94.6804	28.394
12444.1330	94.6805	15.499
12534.3083	94.6811	2.519
12625.1370	94.6809	-10.555
12716.6240	94.6816	-23.719
12808.7739	94.6824	-36.986
12901.5916	94.6824	-50.345
12995.0818	94.6831	-63.796
13089.2495	94.6837	-77.356
13184.0996	94.6832	-91.009
13279.6370	94.6846	-104.751
13375.8668	94.6831	-118.604
13472.7938	94.6824	-132.552
13570.4232	94.6821	-146.604
13668.7601	94.6788	-160.758
13767.8096	94.6780	-175.014
13867.5768	94.6730	170.624
13968.0670	94.6704	156.156
14069.2853	94.6668	141.582
14171.2372	94.6605	126.891
14273.9278	94.6559	112.082
14377.3626	94.6508	97.176
14481.5469	94.6458	82.158
14586.4861	94.6410	67.018
14692.1858	94.6352	51.760
14798.6515	94.6301	36.400
14905.8886	94.6246	20.914
15013.9028	94.6217	5.302
15122.6997	94.6175	-10.405
15232.2851	94.6150	-26.232
15342.6645	94.6120	-42.181
15453.8437	94.6116	-58.246
15565.8287	94.6087	-74.433
15678.6251	94.6087	-90.727
15792.2389	94.6087	-107.147
15906.6759	94.6070	-123.688
16021.9423	94.6077	-140.347
16138.0439	94.6049	-157.127
16254.9868	94.6035	-174.035
16372.7771	94.6029	168.937
16491.4210	94.6034	151.772
16610.9246	94.6031	134.467
16731.2942	94.5999	117.048
16852.5361	94.5991	99.491
16974.6565	94.5972	81.798
17097.6619	94.5980	63.962
17221.5586	94.5981	45.996
17346.3531	94.6007	27.893
17472.0519	94.6006	9.647
17598.6616	94.6024	-8.737
17726.1888	94.6053	-27.259
17854.6400	94.6106	-45.901
17984.0221	94.6122	-64.698
18114.3418	94.6158	-83.626
18245.6057	94.6196	-102.698
18377.8209	94.6230	-121.893
18510.9942	94.6258	-141.246
18645.1325	94.6266	-160.741
18780.2428	94.6269	179.618
18916.3322	94.6270	159.825
19053.4077	94.6253	139.891
19191.4766	94.6211	119.788
19330.5459	94.6171	99.543
19470.6230	94.6137	79.130
19611.7152	94.6077	58.562
19753.8298	94.6041	37.846
19896.9742	94.5988	16.957
