* Helix DSP Ultra S, output layer — LR 36 dB/oct at 1000 Hz, low-pass only.
* ELECTRICAL loop, no microphone: Scarlett 2i2 out L -> Helix line in,
* Helix line out -> Scarlett in 1; out R -> in 2 direct as the timing
* reference, timing offset 0. Everything else in the channel off; no gain,
* level or routing changed within a set, so the ratio to '-bypass' is the
* filter alone.
* REW V5.40 beta 132 measurement 'lr36-1k-lp', 2026-Aug-31 12:29:20, 512k sweep, 1 average, -20 dBFS, 96 kHz,
* 10 Hz - 30 kHz, loopback timing reference. SNR 28.6 dB, delay 1.0988 ms.
* Levels are REW's electrical dB (splOffset 102.34); only ratios within a set carry meaning.
* frequency_Hz<TAB>dB<TAB>phase_deg — REW's unsmoothed magnitude with phase from the impulse response, resampled to 1/96 octave
20.0000	87.0242	52.637
20.1449	87.0430	52.170
20.2909	87.0606	51.698
20.4379	87.0784	51.224
20.5860	87.0956	50.784
20.7352	87.1125	50.374
20.8855	87.1295	49.962
21.0368	87.1461	49.546
21.1893	87.1628	49.128
21.3428	87.1795	48.706
21.4975	87.1964	48.282
21.6532	87.2133	47.854
21.8102	87.2304	47.423
21.9682	87.2476	46.989
22.1274	87.2649	46.552
22.2877	87.2823	46.112
22.4492	87.2994	45.669
22.6119	87.3165	45.222
22.7758	87.3333	44.773
22.9408	87.3497	44.319
23.1071	87.3659	43.863
23.2745	87.3811	43.403
23.4432	87.3964	42.944
23.6130	87.4106	42.584
23.7841	87.4248	42.222
23.9565	87.4383	41.857
24.1301	87.4518	41.490
24.3049	87.4650	41.120
24.4811	87.4781	40.747
24.6585	87.4914	40.371
24.8372	87.5048	39.993
25.0171	87.5183	39.612
25.1984	87.5319	39.228
25.3810	87.5456	38.842
25.5649	87.5594	38.452
25.7502	87.5730	38.060
25.9368	87.5865	37.665
26.1247	87.5996	37.267
26.3141	87.6125	36.867
26.5047	87.6247	36.495
26.6968	87.6368	36.134
26.8903	87.6482	35.769
27.0851	87.6595	35.402
27.2814	87.6702	35.033
27.4791	87.6810	34.661
27.6782	87.6914	34.286
27.8788	87.7019	33.908
28.0808	87.7123	33.528
28.2843	87.7228	33.145
28.4892	87.7334	32.759
28.6957	87.7440	32.370
28.9036	87.7548	31.979
29.1131	87.7656	31.585
29.3240	87.7765	31.195
29.5365	87.7875	30.854
29.7506	87.7984	30.511
29.9661	87.8092	30.166
30.1833	87.8198	29.818
30.4020	87.8302	29.467
30.6223	87.8399	29.114
30.8442	87.8495	28.759
31.0677	87.8586	28.400
31.2929	87.8675	28.040
31.5196	87.8763	27.676
31.7480	87.8850	27.310
31.9781	87.8939	26.941
32.2098	87.9029	26.570
32.4432	87.9119	26.247
32.6783	87.9209	25.925
32.9151	87.9298	25.600
33.1536	87.9383	25.274
33.3939	87.9465	24.945
33.6359	87.9543	24.613
33.8796	87.9618	24.279
34.1251	87.9693	23.943
34.3724	87.9769	23.605
34.6215	87.9847	23.264
34.8723	87.9928	22.920
35.1250	88.0010	22.574
35.3796	88.0090	22.242
35.6359	88.0167	21.911
35.8942	88.0240	21.577
36.1543	88.0307	21.241
36.4163	88.0373	20.902
36.6802	88.0440	20.561
36.9460	88.0512	20.217
37.2137	88.0591	19.871
37.4834	88.0675	19.523
37.7550	88.0759	19.171
38.0286	88.0837	18.818
38.3041	88.0900	18.504
38.5817	88.0951	18.199
38.8613	88.0992	17.892
39.1429	88.1028	17.583
39.4265	88.1073	17.271
39.7122	88.1130	16.957
40.0000	88.1200	16.641
40.2899	88.1282	16.323
40.5818	88.1365	16.002
40.8759	88.1439	15.679
41.1721	88.1501	15.362
41.4704	88.1552	15.049
41.7710	88.1598	14.734
42.0736	88.1648	14.417
42.3785	88.1706	14.097
42.6856	88.1769	13.775
42.9949	88.1833	13.451
43.3065	88.1893	13.125
43.6203	88.1947	12.796
43.9364	88.1997	12.464
44.2548	88.2049	12.156
44.5755	88.2107	11.846
44.8985	88.2169	11.534
45.2238	88.2229	11.219
45.5515	88.2283	10.902
45.8816	88.2327	10.583
46.2141	88.2364	10.262
46.5490	88.2400	9.938
46.8863	88.2441	9.613
47.2261	88.2487	9.317
47.5683	88.2535	9.019
47.9130	88.2578	8.719
48.2602	88.2617	8.417
48.6099	88.2654	8.113
48.9621	88.2694	7.806
49.3169	88.2739	7.497
49.6743	88.2787	7.186
50.0343	88.2834	6.880
50.3968	88.2878	6.574
50.7620	88.2918	6.267
51.1299	88.2956	5.957
51.5004	88.2994	5.645
51.8736	88.3030	5.331
52.2495	88.3062	5.014
52.6281	88.3094	4.696
53.0095	88.3128	4.391
53.3936	88.3171	4.091
53.7805	88.3222	3.789
54.1702	88.3277	3.485
54.5628	88.3327	3.178
54.9581	88.3365	2.869
55.3564	88.3388	2.558
55.7575	88.3401	2.249
56.1616	88.3410	1.950
56.5685	88.3422	1.650
56.9785	88.3444	1.347
57.3914	88.3478	1.042
57.8072	88.3526	0.735
58.2261	88.3582	0.426
58.6481	88.3633	0.116
59.0730	88.3672	-0.185
59.5011	88.3695	-0.489
59.9323	88.3712	-0.794
60.3666	88.3738	-1.102
60.8040	88.3784	-1.412
61.2446	88.3848	-1.724
61.6884	88.3911	-2.035
62.1355	88.3957	-2.340
62.5857	88.3980	-2.647
63.0392	88.3986	-2.956
63.4960	88.3991	-3.268
63.9562	88.4003	-3.582
64.4196	88.4021	-3.898
64.8864	88.4042	-4.205
65.3566	88.4068	-4.513
65.8302	88.4099	-4.823
66.3073	88.4133	-5.135
66.7877	88.4165	-5.449
67.2717	88.4192	-5.766
67.7592	88.4217	-6.074
68.2502	88.4241	-6.380
68.7448	88.4256	-6.688
69.2429	88.4258	-6.999
69.7447	88.4261	-7.312
70.2501	88.4285	-7.627
70.7591	88.4339	-7.939
71.2719	88.4398	-8.253
71.7884	88.4439	-8.568
72.3086	88.4454	-8.886
72.8325	88.4464	-9.207
73.3603	88.4484	-9.527
73.8919	88.4512	-9.840
74.4274	88.4539	-10.156
74.9667	88.4562	-10.474
75.5099	88.4579	-10.794
76.0571	88.4594	-11.116
76.6083	88.4615	-11.432
77.1634	88.4647	-11.747
77.7226	88.4678	-12.064
78.2858	88.4694	-12.383
78.8531	88.4698	-12.705
79.4245	88.4715	-13.029
80.0000	88.4762	-13.356
80.5797	88.4822	-13.684
81.1636	88.4857	-14.015
81.7518	88.4858	-14.349
82.3442	88.4840	-14.678
82.9409	88.4843	-15.002
83.5419	88.4876	-15.329
84.1473	88.4919	-15.659
84.7570	88.4941	-15.990
85.3712	88.4945	-16.324
85.9899	88.4958	-16.660
86.6130	88.4993	-16.999
87.2406	88.5028	-17.340
87.8728	88.5039	-17.684
88.5096	88.5028	-18.016
89.1509	88.5025	-18.351
89.7970	88.5049	-18.687
90.4477	88.5088	-19.027
91.1031	88.5098	-19.366
91.7633	88.5085	-19.705
92.4282	88.5103	-20.046
93.0980	88.5164	-20.390
93.7726	88.5203	-20.737
94.4521	88.5189	-21.086
95.1366	88.5202	-21.438
95.8260	88.5255	-21.792
96.5204	88.5275	-22.149
97.2198	88.5249	-22.495
97.9243	88.5233	-22.840
98.6339	88.5246	-23.187
99.3486	88.5271	-23.536
100.0685	88.5302	-23.891
100.7937	88.5324	-24.251
101.5241	88.5339	-24.613
102.2598	88.5378	-24.978
103.0008	88.5425	-25.344
103.7472	88.5430	-25.710
104.4990	88.5415	-26.080
105.2562	88.5436	-26.452
106.0189	88.5465	-26.818
106.7872	88.5464	-27.184
107.5610	88.5473	-27.553
108.3404	88.5504	-27.925
109.1255	88.5499	-28.298
109.9163	88.5499	-28.675
110.7128	88.5550	-29.054
111.5151	88.5563	-29.432
112.3231	88.5522	-29.803
113.1371	88.5526	-30.176
113.9569	88.5576	-30.552
114.7827	88.5606	-30.938
115.6145	88.5641	-31.331
116.4523	88.5684	-31.728
117.2961	88.5687	-32.126
118.1461	88.5691	-32.519
119.0022	88.5729	-32.916
119.8646	88.5727	-33.315
120.7332	88.5716	-33.713
121.6080	88.5750	-34.112
122.4893	88.5751	-34.515
123.3769	88.5729	-34.915
124.2709	88.5753	-35.310
125.1714	88.5768	-35.708
126.0785	88.5751	-36.110
126.9921	88.5789	-36.520
127.9123	88.5856	-36.933
128.8392	88.5858	-37.349
129.7728	88.5872	-37.772
130.7132	88.5886	-38.198
131.6604	88.5877	-38.627
132.6145	88.5896	-39.046
133.5755	88.5894	-39.464
134.5434	88.5944	-39.885
135.5184	88.5974	-40.317
136.5004	88.5952	-40.753
137.4895	88.5959	-41.193
138.4858	88.5942	-41.626
139.4894	88.5982	-42.059
140.5002	88.6039	-42.496
141.5183	88.6047	-42.944
142.5438	88.6033	-43.397
143.5767	88.6012	-43.852
144.6171	88.6050	-44.296
145.6651	88.6066	-44.743
146.7206	88.6036	-45.195
147.7838	88.6084	-45.652
148.8547	88.6076	-46.113
149.9334	88.6072	-46.575
151.0199	88.6120	-47.036
152.1142	88.6091	-47.501
153.2165	88.6127	-47.972
154.3268	88.6165	-48.447
155.4451	88.6179	-48.923
156.5715	88.6157	-49.398
157.7061	88.6136	-49.876
158.8489	88.6208	-50.359
160.0000	88.6203	-50.848
161.1594	88.6226	-51.340
162.3273	88.6257	-51.829
163.5035	88.6241	-52.321
164.6884	88.6288	-52.823
165.8818	88.6287	-53.333
167.0838	88.6277	-53.845
168.2946	88.6275	-54.341
169.5141	88.6280	-54.840
170.7425	88.6300	-55.350
171.9797	88.6338	-55.867
173.2260	88.6339	-56.385
174.4812	88.6364	-56.901
175.7456	88.6379	-57.420
177.0191	88.6419	-57.954
178.3019	88.6398	-58.492
179.5939	88.6401	-59.030
180.8953	88.6377	-59.570
182.2062	88.6380	-60.108
183.5265	88.6380	-60.643
184.8564	88.6419	-61.184
186.1960	88.6469	-61.735
187.5452	88.6481	-62.289
188.9043	88.6518	-62.840
190.2731	88.6504	-63.395
191.6519	88.6562	-63.966
193.0407	88.6553	-64.542
194.4396	88.6552	-65.114
195.8486	88.6572	-65.688
197.2678	88.6532	-66.258
198.6972	88.6603	-66.828
200.1371	88.6607	-67.413
201.5874	88.6600	-68.009
203.0482	88.6615	-68.606
204.5195	88.6672	-69.207
206.0016	88.6689	-69.815
207.4943	88.6676	-70.430
208.9979	88.6671	-71.040
210.5124	88.6732	-71.650
212.0379	88.6648	-72.262
213.5744	88.6711	-72.877
215.1220	88.6665	-73.493
216.6809	88.6720	-74.113
218.2510	88.6743	-74.741
219.8326	88.6746	-75.374
221.4256	88.6780	-76.023
223.0301	88.6858	-76.670
224.6463	88.6780	-77.304
226.2742	88.6982	-77.963
227.9138	88.6875	-78.658
229.5654	88.6885	-79.328
231.2289	88.6855	-79.985
232.9045	88.6891	-80.652
234.5922	88.6876	-81.326
236.2922	88.6913	-82.013
238.0045	88.6840	-82.694
239.7291	88.6880	-83.363
241.4663	88.6935	-84.059
243.2161	88.6950	-84.769
244.9785	88.6926	-85.473
246.7537	88.6917	-86.177
248.5418	88.6980	-86.878
250.3428	88.7028	-87.598
252.1569	88.7027	-88.331
253.9842	88.7083	-89.072
255.8246	88.7110	-89.810
257.6785	88.6980	-90.545
259.5457	88.7094	-91.321
261.4265	88.7000	-92.069
263.3209	88.7039	-92.759
265.2290	88.7070	-93.685
267.1510	88.6752	-94.542
269.0869	88.6842	-95.082
271.0368	88.6863	-95.845
273.0008	88.7027	-96.655
274.9791	88.7312	-97.412
276.9717	88.7074	-98.232
278.9788	88.7131	-99.057
281.0003	88.7212	-99.854
283.0366	88.7276	-100.665
285.0876	88.7286	-101.483
287.1535	88.7215	-102.305
289.2343	88.7251	-103.127
291.3302	88.7295	-103.971
293.4413	88.7226	-104.823
295.5677	88.7206	-105.651
297.7095	88.7244	-106.490
299.8668	88.7323	-107.335
302.0398	88.7311	-108.190
304.2285	88.7359	-109.072
306.4330	88.7293	-109.935
308.6536	88.7354	-110.831
310.8902	88.7265	-111.756
313.1431	88.7319	-112.591
315.4122	88.7357	-113.500
317.6978	88.7340	-114.421
320.0000	88.7352	-115.341
322.3189	88.7426	-116.258
324.6545	88.7425	-117.221
327.0071	88.7355	-118.160
329.3767	88.7361	-119.100
331.7635	88.7361	-120.056
334.1676	88.7361	-121.029
336.5891	88.7372	-121.987
339.0282	88.7355	-122.953
341.4849	88.7408	-123.925
343.9595	88.7415	-124.922
346.4519	88.7384	-125.930
348.9625	88.7406	-126.916
351.4912	88.7411	-127.950
354.0383	88.7404	-128.942
356.6038	88.7440	-129.984
359.1879	88.7388	-131.025
361.7907	88.7375	-132.058
364.4124	88.7378	-133.106
367.0530	88.7436	-134.172
369.7129	88.7415	-135.236
372.3920	88.7376	-136.314
375.0905	88.7388	-137.391
377.8085	88.7393	-138.493
380.5463	88.7364	-139.579
383.3039	88.7333	-140.685
386.0814	88.7397	-141.794
388.8792	88.7398	-142.921
391.6971	88.7341	-144.058
394.5355	88.7407	-145.201
397.3945	88.7418	-146.359
400.2742	88.7281	-147.520
403.1747	88.7320	-148.687
406.0963	88.7323	-149.876
409.0390	88.7250	-151.062
412.0031	88.7299	-152.242
414.9887	88.7301	-153.470
417.9958	88.7173	-154.686
421.0248	88.7207	-155.921
424.0757	88.7201	-157.173
427.1488	88.7136	-158.423
430.2440	88.7104	-159.680
433.3618	88.7115	-160.922
436.5021	88.7134	-162.223
439.6652	88.7149	-163.507
442.8512	88.7035	-164.821
446.0602	88.7038	-166.116
449.2926	88.6977	-167.441
452.5483	88.6895	-168.779
455.8277	88.6878	-170.106
459.1308	88.6821	-171.447
462.4579	88.6837	-172.815
465.8090	88.6760	-174.233
469.1845	88.6759	-175.599
472.5844	88.6615	-177.012
476.0089	88.6588	-178.412
479.4583	88.6521	-179.830
482.9326	88.6488	178.740
486.4321	88.6424	177.277
489.9570	88.6395	175.840
493.5075	88.6329	174.361
497.0836	88.6283	172.862
500.6857	88.6140	171.382
504.3139	88.6092	169.853
507.9683	88.6003	168.343
511.6493	88.5972	166.803
515.3569	88.5841	165.270
519.0914	88.5692	163.679
522.8529	88.5629	162.123
526.6418	88.5516	160.516
530.4580	88.5426	158.933
534.3019	88.5385	157.318
538.1737	88.5300	155.661
542.0735	88.5140	154.061
546.0016	88.5025	152.373
549.9582	88.4905	150.676
553.9434	88.4738	149.034
557.9575	88.4627	147.323
562.0007	88.4494	145.588
566.0732	88.4352	143.863
570.1752	88.4214	142.121
574.3069	88.4064	140.349
578.4686	88.3822	138.550
582.6604	88.3628	136.769
586.8826	88.3521	134.984
591.1354	88.3276	133.162
595.4190	88.3177	131.317
599.7336	88.2970	129.433
604.0796	88.2708	127.564
608.4570	88.2492	125.663
612.8661	88.2284	123.778
617.3072	88.2023	121.870
621.7804	88.1781	119.900
626.2861	88.1620	117.965
630.8244	88.1289	115.999
635.3957	88.1069	114.000
640.0000	88.0755	111.991
644.6377	88.0536	109.948
649.3090	88.0245	107.903
654.0142	87.9907	105.843
658.7534	87.9625	103.757
663.5270	87.9297	101.659
668.3352	87.8886	99.555
673.1783	87.8570	97.418
678.0564	87.8140	95.254
682.9699	87.7835	93.064
687.9189	87.7443	90.867
692.9039	87.7054	88.661
697.9249	87.6574	86.439
702.9824	87.6154	84.172
708.0765	87.5657	81.871
713.2075	87.5259	79.618
718.3757	87.4731	77.304
723.5814	87.4219	74.992
728.8247	87.3761	72.622
734.1061	87.3160	70.265
739.4257	87.2574	67.876
744.7839	87.2087	65.454
750.1809	87.1457	63.035
755.6170	87.0848	60.571
761.0926	87.0135	58.093
766.6077	86.9626	55.599
772.1629	86.8887	53.097
777.7583	86.8247	50.542
783.3943	86.7451	47.997
789.0711	86.6667	45.417
794.7890	86.5959	42.811
800.5484	86.4994	40.208
806.3495	86.4241	37.572
812.1926	86.3437	34.947
818.0781	86.2514	32.259
824.0062	86.1744	29.595
829.9773	86.0746	26.848
835.9917	85.9820	24.121
842.0496	85.8773	21.386
848.1515	85.7749	18.611
854.2975	85.6742	15.821
860.4881	85.5635	13.024
866.7236	85.4550	10.198
873.0042	85.3359	7.350
879.3303	85.2195	4.482
885.7023	85.0900	1.637
892.1205	84.9656	-1.243
898.5852	84.8404	-4.134
905.0967	84.7188	-7.098
911.6554	84.5712	-9.995
918.2616	84.4225	-12.937
924.9157	84.2834	-15.915
931.6180	84.1408	-18.911
938.3689	83.9784	-21.900
945.1687	83.8339	-24.906
952.0178	83.6750	-27.917
958.9165	83.5158	-30.910
965.8652	83.3487	-33.994
972.8643	83.1754	-37.012
979.9141	83.0022	-40.071
987.0149	82.8136	-43.220
994.1672	82.6298	-46.220
1001.3714	82.4497	-49.373
1008.6277	82.2680	-52.451
1015.9367	82.0640	-55.509
1023.2986	81.8881	-58.590
1030.7138	81.6758	-61.729
1038.1828	81.4628	-64.881
1045.7059	81.2512	-67.948
1053.2835	81.0452	-71.013
1060.9160	80.7935	-74.209
1068.6039	80.6111	-77.302
1076.3474	80.3745	-80.445
1084.1471	80.1421	-83.570
1092.0032	79.9028	-86.726
1099.9164	79.6779	-89.866
1107.8868	79.4458	-93.048
1115.9150	79.1862	-96.018
1124.0014	78.9672	-99.133
1132.1464	78.7100	-102.316
1140.3504	78.4612	-105.425
1148.6138	78.2021	-108.553
1156.9371	77.9029	-111.769
1165.3208	77.6550	-114.763
1173.7652	77.3928	-117.935
1182.2708	77.1578	-120.919
1190.8380	76.8792	-124.069
1199.4673	76.5921	-127.208
1208.1591	76.3600	-130.219
1216.9139	76.0330	-133.380
1225.7322	75.7335	-136.420
1234.6144	75.4673	-139.523
1243.5609	75.2092	-142.544
1252.5722	74.8790	-145.619
1261.6489	74.5950	-148.708
1270.7913	74.2521	-151.777
1280.0000	74.0093	-154.665
1289.2754	73.6959	-157.942
1298.6180	73.4050	-160.800
1308.0284	73.0568	-163.855
1317.5069	72.7687	-166.777
1327.0541	72.4344	-169.947
1336.6704	72.1433	-172.780
1346.3565	71.8708	-175.853
1356.1128	71.5528	-178.954
1365.9397	71.2200	178.192
1375.8379	70.9014	175.317
1385.8078	70.5423	172.532
1395.8499	70.2325	169.478
1405.9648	69.8939	166.303
1416.1530	69.5828	163.358
1426.4150	69.2481	160.811
1436.7514	68.9603	157.764
1447.1627	68.5684	154.414
1457.6495	68.2864	151.828
1468.2122	67.9042	149.278
1478.8515	67.6591	146.093
1489.5678	67.2859	143.157
1500.3618	66.9366	140.471
1511.2341	66.5271	137.367
1522.1851	66.2091	134.907
1533.2155	65.8108	131.569
1544.3258	65.4910	129.101
1555.5166	64.9709	125.970
1566.7885	64.7904	123.078
1578.1421	64.4333	119.831
1589.5780	64.1538	118.073
1601.0967	63.5880	115.048
1612.6989	63.3904	112.605
1624.3852	63.0044	109.159
1636.1562	62.7820	106.332
1648.0125	62.3080	103.416
1659.9546	61.8086	100.815
1671.9833	61.3403	98.173
1684.0992	60.9964	94.970
1696.3029	60.7339	91.807
1708.5950	60.4121	88.765
1720.9762	59.9746	86.227
1733.4471	59.6222	83.296
1746.0084	59.2166	80.299
1758.6607	58.7907	77.367
1771.4046	58.2669	74.472
1784.2410	58.0434	72.128
1797.1703	57.6168	69.465
1810.1934	57.3128	65.791
1823.3108	56.6568	62.789
1836.5232	56.3856	61.599
1849.8314	55.9329	57.567
1863.2361	55.5971	54.795
1876.7379	54.9791	51.652
1890.3375	54.3877	48.926
1904.0356	54.7004	43.321
1917.8331	53.8553	41.446
1931.7305	53.6993	40.121
1945.7286	52.4296	36.765
1959.8281	52.2599	33.835
1974.0299	52.1033	34.015
1988.3345	52.0664	26.447
2002.7428	52.0752	23.044
2017.2555	51.3732	21.244
2031.8733	50.3340	17.361
2046.5971	49.6502	14.139
2061.4276	49.7594	10.096
2076.3656	48.5381	7.684
2091.4118	48.9358	5.083
2106.5670	48.1609	0.710
2121.8321	46.9055	-1.887
2137.2077	48.1828	-8.405
2152.6948	47.6752	-12.002
2168.2941	46.5393	-16.496
2184.0065	45.4558	-17.435
2199.8327	44.7417	-24.495
2215.7736	45.4920	-29.393
2231.8300	44.5169	-33.310
2248.0028	44.0842	-33.666
2264.2927	44.1225	-40.366
2280.7007	43.5542	-44.578
2297.2276	43.7599	-43.018
2313.8743	43.0185	-54.409
2330.6416	44.0195	-60.105
2347.5304	41.9125	-68.242
2364.5415	41.9825	-62.235
2381.6760	42.2202	-76.573
2398.9346	42.1077	-75.809
2416.3182	42.2948	-86.880
2433.8279	42.5514	-87.558
2451.4644	41.2098	-90.514
2469.2287	43.0248	-92.494
2487.1218	41.4803	-101.096
2505.1445	40.1791	-97.016
2523.2978	38.7645	-99.150
2541.5826	41.0237	-112.162
2560.0000	39.7152	-105.401
2578.5508	42.9565	-111.302
2597.2361	38.5169	-119.169
2616.0567	41.4474	-124.599
2635.0137	39.3596	-128.018
2654.1081	38.3877	-119.706
2673.3409	39.6846	-123.654
2692.7130	40.1860	-138.116
2712.2255	42.1087	-135.077
2731.8794	39.3122	-146.252
2751.6758	41.2869	-140.834
2771.6155	38.7146	-136.076
2791.6998	39.9876	-150.650
2811.9296	41.3453	-153.672
2832.3060	41.1831	-151.271
2852.8301	39.1459	-153.157
2873.5028	37.9492	-168.312
2894.3254	40.9773	-165.854
2915.2989	38.5509	-151.087
2936.4244	40.2122	-157.694
2957.7029	39.8468	-158.985
2979.1356	38.5002	-161.936
3000.7237	41.2333	-162.345
3022.4682	39.2737	-166.404
3044.3702	40.7235	-174.863
3066.4310	39.9255	-169.577
3088.6516	38.6753	-178.291
3111.0332	37.3925	177.253
3133.5771	38.7651	-177.332
3156.2843	35.3022	-179.331
3179.1560	35.5526	179.303
3202.1935	36.2319	-169.329
3225.3979	39.1733	173.080
3248.7705	34.6459	-171.460
3272.3124	34.3829	-177.292
3296.0249	38.5878	166.415
3319.9093	38.5555	172.392
3343.9667	39.0480	-175.343
3368.1985	37.1567	174.059
3392.6058	38.9901	162.072
3417.1900	36.5129	-176.071
3441.9524	31.7317	178.596
3466.8942	37.3128	-178.157
3492.0167	35.1414	174.800
3517.3213	35.8011	167.934
3542.8093	34.1753	-179.951
3568.4820	34.9471	-172.074
3594.3406	37.5626	179.840
3620.3867	32.7471	173.204
3646.6215	36.6168	165.625
3673.0465	32.7553	-178.209
3699.6629	34.1419	-167.231
3726.4721	30.1169	-178.329
3753.4757	36.1204	-170.730
3780.6749	35.4717	-168.730
3808.0713	34.4697	-176.804
3835.6661	37.2885	-179.314
3863.4609	30.2823	179.358
3891.4572	29.4180	177.754
3919.6563	35.3586	166.809
3948.0597	29.0567	-174.324
3976.6690	36.4119	-174.454
4005.4856	37.9038	-163.896
4034.5110	29.1700	-170.344
4063.7467	36.0002	-165.398
4093.1943	29.6813	176.536
4122.8552	29.6350	-158.877
4152.7312	33.3588	-176.557
4182.8236	36.6776	177.483
4213.1340	37.2681	-175.621
4243.6641	34.7467	-172.932
4274.4155	40.7316	-164.969
4305.3896	35.3093	-169.467
4336.5883	35.5682	-156.946
4368.0130	32.2005	-176.578
4399.6654	30.2914	-151.760
4431.5472	34.2791	-157.175
4463.6600	33.5971	-170.748
4496.0055	35.3931	-172.706
4528.5854	36.3058	-171.315
4561.4014	33.8478	-176.337
4594.4552	34.8832	-173.794
4627.7485	38.6462	-179.373
4661.2831	33.5638	-167.499
4695.0607	36.0732	-166.678
4729.0830	36.2346	-175.211
4763.3519	35.9571	-175.329
4797.8691	36.9439	-173.437
4832.6365	36.3068	-169.484
4867.6558	33.8961	-159.153
4902.9288	34.5511	-164.587
4938.4574	37.4585	-157.473
4974.2435	37.9315	-179.014
5010.2890	36.9409	-168.918
5046.5956	37.0983	-175.510
5083.1653	33.1754	-167.378
5120.0000	36.6154	-174.840
5157.1016	38.2919	-179.524
5194.4721	36.9848	-163.467
5232.1134	36.3671	-172.524
5270.0275	37.7050	175.643
5308.2162	38.2487	-160.300
5346.6818	36.1114	-167.241
5385.4260	33.3211	-162.769
5424.4510	36.7850	179.858
5463.7589	38.4686	-166.419
5503.3515	38.9542	-172.159
5543.2311	38.7301	-175.023
5583.3996	31.1523	-165.849
5623.8592	34.2644	-178.174
5664.6120	37.1390	176.492
5705.6601	37.9456	-170.543
5747.0057	36.1740	-178.645
5788.6509	36.3432	171.315
5830.5978	37.2329	-163.630
5872.8487	38.2508	-177.184
5915.4058	29.4046	-178.554
5958.2713	36.6482	-176.980
6001.4474	36.6505	-158.218
6044.9363	33.3098	-172.453
6088.7404	33.9429	-167.824
6132.8620	36.8430	179.361
6177.3032	31.2883	-156.583
6222.0665	39.0064	-162.514
6267.1541	37.4610	-173.125
6312.5685	37.9540	-170.955
6358.3120	36.5215	-175.566
6404.3869	38.2873	-171.780
6450.7958	37.2623	-175.054
6497.5409	36.7899	-167.316
6544.6248	32.9101	-161.250
6592.0498	31.1914	-167.971
6639.8185	37.2988	-166.630
6687.9334	35.8415	-168.683
6736.3969	34.0636	177.310
6785.2116	36.7150	-162.105
6834.3801	34.4571	-160.265
6883.9048	37.8434	-159.647
6933.7884	36.2569	172.505
6984.0335	33.2068	-171.357
7034.6427	37.5379	163.554
7085.6186	38.4978	-168.665
7136.9639	31.6115	-176.891
7188.6813	33.8266	-167.830
7240.7734	34.8914	-152.583
7293.2431	35.9348	-169.391
7346.0929	33.0991	168.677
7399.3257	37.3483	-162.972
7452.9443	37.6464	-175.818
7506.9514	24.0127	-159.404
7561.3499	35.8350	166.464
7616.1425	32.2193	167.273
7671.3322	33.5814	-166.200
7726.9219	32.3309	173.821
7782.9143	36.3153	-165.321
7839.3125	19.7005	-143.448
7896.1194	36.3355	-169.811
7953.3380	35.8847	-174.710
8010.9711	35.3740	-153.063
8069.0219	32.7419	171.203
8127.4934	35.0956	-168.289
8186.3886	30.0108	173.485
8245.7105	30.7097	-165.875
8305.4623	34.3258	172.494
8365.6471	34.0553	-164.030
8426.2680	26.6177	-165.793
8487.3283	32.6576	170.641
8548.8309	33.3647	174.151
8610.7793	24.2294	171.721
8673.1765	33.4172	177.651
8736.0260	34.3183	-167.427
8799.3308	38.1207	-172.598
8863.0944	29.5080	-167.188
8927.3200	35.3564	-164.380
8992.0111	33.7343	-151.597
9057.1709	35.2589	-173.750
9122.8029	33.3194	-168.834
9188.9105	30.1721	-178.937
9255.4971	35.7039	-165.833
9322.5662	29.7218	-154.110
9390.1214	31.5932	-163.169
9458.1661	27.0557	-177.037
9526.7039	33.9760	145.161
9595.7383	36.6250	-168.334
9665.2730	32.5203	158.518
9735.3115	36.7308	149.022
9805.8576	29.3495	159.876
9876.9149	36.5751	148.977
9948.4871	38.3867	-163.403
10020.5779	30.8254	-127.935
10093.1912	32.7756	-128.838
10166.3306	34.8836	179.583
10240.0000	36.8638	177.671
10314.2033	34.9293	-129.468
10388.9442	36.8272	-169.398
10464.2268	39.0201	-164.933
10540.0549	28.4105	-150.959
10616.4325	23.7011	-139.420
10693.3635	40.2662	-170.502
10770.8521	29.4883	-158.194
10848.9021	35.4665	-159.396
10927.5177	34.2164	-133.758
11006.7030	39.2209	-130.208
11086.4621	28.6062	162.411
11166.7992	36.7463	-142.096
11247.7184	37.5473	-146.166
11329.2240	32.7253	131.562
11411.3202	39.9375	175.465
11494.0114	28.5750	-150.445
11577.3017	16.8163	-128.075
11661.1956	35.6610	163.533
11745.6975	35.1979	-116.330
11830.8116	36.1030	162.053
11916.5426	40.1355	-155.401
12002.8947	27.7997	-137.039
12089.8727	35.0380	-19.378
12177.4809	37.5693	-176.752
12265.7239	36.5338	-168.572
12354.6064	30.1692	-99.624
12444.1330	39.6528	-144.532
12534.3083	39.3160	-161.896
12625.1370	35.7063	-164.902
12716.6240	39.2233	-151.002
12808.7739	27.0526	168.926
12901.5916	37.6598	-133.073
12995.0818	38.3427	-149.765
13089.2495	33.2891	-136.953
13184.0996	31.9474	-161.343
13279.6370	38.7738	-162.726
13375.8668	27.7561	146.165
13472.7938	34.4902	-144.512
13570.4232	31.3010	-123.609
13668.7601	35.9980	147.405
13767.8096	30.2108	-156.697
13867.5768	29.7018	-141.705
13968.0670	24.4946	-142.908
14069.2853	27.3897	-153.002
14171.2372	30.8587	-142.377
14273.9278	37.0751	-144.403
14377.3626	35.6071	-138.149
14481.5469	18.4330	-166.547
14586.4861	35.9485	-127.834
14692.1858	23.6710	-154.853
14798.6515	34.5018	-143.059
14905.8886	33.7098	170.779
15013.9028	33.2602	-140.483
15122.6997	32.1741	-114.652
15232.2851	33.6774	-153.136
15342.6645	29.8389	-175.669
15453.8437	31.0299	159.287
15565.8287	38.8816	175.924
15678.6251	38.1293	-130.510
15792.2389	31.6258	-148.229
15906.6759	32.9201	-142.349
16021.9423	35.1810	-165.966
16138.0439	34.5314	-104.561
16254.9868	34.1485	-126.920
16372.7771	35.4016	-130.314
16491.4210	33.7134	-123.390
16610.9246	37.8338	-113.572
16731.2942	37.9520	-128.103
16852.5361	31.2700	-147.673
16974.6565	30.7390	-130.167
17097.6619	35.6844	-159.721
17221.5586	33.9555	-151.944
17346.3531	38.3708	-139.914
17472.0519	36.4742	-128.203
17598.6616	32.4739	-119.629
17726.1888	35.7629	-138.095
17854.6400	19.0541	-122.768
17984.0221	35.3390	-71.229
18114.3418	31.8790	-78.404
18245.6057	36.8462	-119.145
18377.8209	28.3576	-178.271
18510.9942	36.4992	-141.942
18645.1325	39.2244	-133.474
18780.2428	32.9303	-40.478
18916.3322	40.1161	-169.937
19053.4077	33.0221	-102.232
19191.4766	37.8034	-148.546
19330.5459	34.4797	-88.757
19470.6230	36.7746	-162.801
19611.7152	27.3797	-159.935
19753.8298	36.7930	-125.099
19896.9742	37.5124	-158.747
