* Helix DSP Ultra S, output layer — no filter — the set's reference.
* ELECTRICAL loop, no microphone: Scarlett 2i2 out L -> Helix line in,
* Helix line out -> Scarlett in 1; out R -> in 2 direct as the timing
* reference, timing offset 0. Everything else in the channel off; no gain,
* level or routing changed within a set, so the ratio to '-bypass' is the
* filter alone.
* REW V5.40 beta 132 measurement 'b0_bypass', 2026-Sep-01 11:55:15, 512k sweep, 1 average, -20 dBFS, 96 kHz,
* 10 Hz - 30 kHz, loopback timing reference. SNR 45.3 dB, delay 0.4040 ms.
* Levels are REW's electrical dB (splOffset 102.34); only ratios within a set carry meaning.
* frequency_Hz<TAB>dB<TAB>phase_deg — REW's UNSMOOTHED raw spectrum (linear bins) resampled to 1/96 octave by complex averaging within each cell,
* with the measurement's own delay removed before averaging and restored after, so the cell average carries no rotation loss.
20.0000	88.0075	56.990
20.1449	88.0261	56.587
20.2909	88.0444	56.173
20.4379	88.0715	55.588
20.5860	88.0809	55.368
20.7352	88.0990	54.970
20.8855	88.1160	54.602
21.0368	88.1351	54.180
21.1893	88.1594	53.664
21.3428	88.1711	53.396
21.4975	88.1889	53.005
21.6532	88.2015	52.726
21.8102	88.2236	52.227
21.9682	88.2414	51.830
22.1274	88.2571	51.455
22.2877	88.2789	50.958
22.4492	88.2894	50.691
22.6119	88.3051	50.312
22.7758	88.3142	50.087
22.9408	88.3358	49.563
23.1071	88.3479	49.266
23.2745	88.3658	48.824
23.4432	88.3803	48.469
23.6130	88.3953	48.094
23.7841	88.4117	47.692
23.9565	88.4243	47.370
24.1301	88.4421	46.934
24.3049	88.4528	46.652
24.4811	88.4713	46.193
24.6585	88.4806	45.941
24.8372	88.4993	45.469
25.0171	88.5077	45.235
25.1984	88.5263	44.760
25.3810	88.5341	44.536
25.5649	88.5522	44.067
25.7502	88.5599	43.842
25.9368	88.5770	43.388
26.1247	88.5849	43.153
26.3141	88.6007	42.723
26.5047	88.6090	42.471
26.6968	88.6231	42.073
26.8903	88.6322	41.797
27.0851	88.6445	41.440
27.2814	88.6548	41.133
27.4791	88.6653	40.824
27.6782	88.6773	40.480
27.8788	88.6860	40.224
28.0808	88.7002	39.834
28.2843	88.7070	39.636
28.4892	88.7281	39.085
28.6957	88.7354	38.869
28.9036	88.7486	38.508
29.1131	88.7581	38.222
29.3240	88.7678	37.935
29.5365	88.7791	37.575
29.7506	88.7851	37.372
29.9661	88.8008	36.855
30.1833	88.8069	36.627
30.4020	88.8155	36.326
30.6223	88.8246	36.016
30.8442	88.8303	35.814
31.0677	88.8459	35.347
31.2929	88.8532	35.121
31.5196	88.8622	34.853
31.7480	88.8783	34.394
31.9781	88.8831	34.223
32.2098	88.8934	33.902
32.4432	88.9013	33.622
32.6783	88.9069	33.418
32.9151	88.9191	32.981
33.1536	88.9254	32.739
33.3939	88.9310	32.523
33.6359	88.9434	32.112
33.8796	88.9500	31.886
34.1251	88.9563	31.671
34.3724	88.9693	31.266
34.6215	88.9757	31.030
34.8723	88.9813	30.825
35.1250	88.9917	30.426
35.3796	88.9973	30.176
35.6359	89.0009	30.003
35.8942	89.0099	29.632
36.1543	89.0198	29.273
36.4163	89.0246	29.095
36.6802	89.0308	28.880
36.9460	89.0423	28.522
37.2137	89.0489	28.283
37.4834	89.0531	28.121
37.7550	89.0623	27.761
38.0286	89.0700	27.410
38.3041	89.0741	27.192
38.5817	89.0770	27.031
38.8613	89.0842	26.706
39.1429	89.0923	26.388
39.4265	89.1012	26.073
39.7122	89.1051	25.910
40.0000	89.1102	25.715
40.2899	89.1189	25.398
40.5818	89.1268	25.083
40.8759	89.1338	24.772
41.1721	89.1365	24.617
41.4704	89.1402	24.425
41.7710	89.1464	24.129
42.0736	89.1527	23.840
42.3785	89.1596	23.557
42.6856	89.1638	23.379
42.9949	89.1671	23.230
43.3065	89.1749	22.946
43.6203	89.1822	22.659
43.9364	89.1884	22.371
44.2548	89.1933	22.090
44.5755	89.1976	21.818
44.8985	89.2022	21.557
45.2238	89.2050	21.407
45.5515	89.2080	21.254
45.8816	89.2145	20.995
46.2141	89.2209	20.732
46.5490	89.2263	20.468
46.8863	89.2305	20.208
47.2261	89.2342	19.958
47.5683	89.2383	19.717
47.9130	89.2434	19.480
48.2602	89.2490	19.239
48.6099	89.2540	18.996
48.9621	89.2579	18.755
49.3169	89.2612	18.524
49.6743	89.2651	18.303
50.0343	89.2704	18.086
50.3968	89.2771	17.863
50.7620	89.2837	17.629
51.1299	89.2888	17.387
51.5004	89.2914	17.146
51.8736	89.2922	16.919
52.2495	89.2931	16.709
52.6281	89.2957	16.512
53.0095	89.3005	16.314
53.3936	89.3066	16.105
53.7805	89.3122	15.884
54.1702	89.3158	15.657
54.5628	89.3173	15.436
54.9581	89.3178	15.228
55.3564	89.3190	15.036
55.7575	89.3223	14.851
56.1616	89.3277	14.663
56.5685	89.3370	14.383
56.9785	89.3435	14.083
57.3914	89.3445	13.865
57.8072	89.3441	13.663
58.2261	89.3440	13.479
58.6481	89.3457	13.305
59.0730	89.3497	13.132
59.5011	89.3576	12.883
59.9323	89.3638	12.617
60.3666	89.3656	12.419
60.8040	89.3664	12.229
61.2446	89.3672	12.049
61.6884	89.3698	11.822
62.1355	89.3735	11.597
62.5857	89.3763	11.425
63.0392	89.3793	11.252
63.4960	89.3844	11.022
63.9562	89.3895	10.784
64.4196	89.3920	10.599
64.8864	89.3936	10.414
65.3566	89.3947	10.179
65.8302	89.3958	9.956
66.3073	89.3971	9.790
66.7877	89.4004	9.578
67.2717	89.4051	9.363
67.7592	89.4087	9.190
68.2502	89.4132	8.955
68.7448	89.4154	8.718
69.2429	89.4153	8.542
69.7447	89.4151	8.334
70.2501	89.4165	8.137
70.7591	89.4187	7.982
71.2719	89.4224	7.779
71.7884	89.4259	7.573
72.3086	89.4293	7.365
72.8325	89.4324	7.153
73.3603	89.4339	6.937
73.8919	89.4341	6.728
74.4274	89.4339	6.571
74.9667	89.4349	6.382
75.5099	89.4374	6.193
76.0571	89.4406	5.998
76.6083	89.4433	5.799
77.1634	89.4457	5.604
77.7226	89.4502	5.375
78.2858	89.4544	5.174
78.8531	89.4567	4.963
79.4245	89.4567	4.758
80.0000	89.4560	4.574
80.5797	89.4574	4.401
81.1636	89.4605	4.218
81.7518	89.4630	3.992
82.3442	89.4636	3.810
82.9409	89.4659	3.635
83.5419	89.4693	3.451
84.1473	89.4712	3.258
84.7570	89.4723	3.043
85.3712	89.4750	2.868
85.9899	89.4790	2.677
86.6130	89.4809	2.437
87.2406	89.4791	2.224
87.8728	89.4796	2.062
88.5096	89.4835	1.893
89.1509	89.4881	1.672
89.7970	89.4873	1.448
90.4477	89.4853	1.283
91.1031	89.4869	1.136
91.7633	89.4936	0.946
92.4282	89.4967	0.720
93.0980	89.4953	0.519
93.7726	89.4968	0.362
94.4521	89.5009	0.184
95.1366	89.5023	-0.041
95.8260	89.5002	-0.236
96.5204	89.5037	-0.418
97.2198	89.5074	-0.646
97.9243	89.5029	-0.862
98.6339	89.5013	-1.019
99.3486	89.5094	-1.198
100.0685	89.5141	-1.441
100.7937	89.5100	-1.662
101.5241	89.5091	-1.837
102.2598	89.5133	-2.033
103.0008	89.5136	-2.246
103.7472	89.5135	-2.428
104.4990	89.5181	-2.618
105.2562	89.5198	-2.836
106.0189	89.5173	-3.027
106.7872	89.5193	-3.194
107.5610	89.5230	-3.389
108.3404	89.5224	-3.581
109.1255	89.5260	-3.762
109.9163	89.5326	-3.991
110.7128	89.5311	-4.210
111.5151	89.5280	-4.396
112.3231	89.5280	-4.568
113.1371	89.5307	-4.766
113.9569	89.5331	-4.981
114.7827	89.5327	-5.175
115.6145	89.5326	-5.354
116.4523	89.5361	-5.550
117.2961	89.5388	-5.772
118.1461	89.5373	-5.975
119.0022	89.5342	-6.167
119.8646	89.5356	-6.348
120.7332	89.5377	-6.539
121.6080	89.5377	-6.743
122.4893	89.5405	-6.934
123.3769	89.5457	-7.153
124.2709	89.5471	-7.389
125.1714	89.5454	-7.597
126.0785	89.5472	-7.789
126.9921	89.5482	-8.007
127.9123	89.5440	-8.195
128.8392	89.5478	-8.353
129.7728	89.5530	-8.571
130.7132	89.5500	-8.780
131.6604	89.5514	-8.966
132.6145	89.5532	-9.194
133.5755	89.5510	-9.415
134.5434	89.5541	-9.623
135.5184	89.5534	-9.853
136.5004	89.5531	-10.055
137.4895	89.5570	-10.268
138.4858	89.5557	-10.483
139.4894	89.5565	-10.688
140.5002	89.5554	-10.916
141.5183	89.5521	-11.096
142.5438	89.5564	-11.273
143.5767	89.5607	-11.507
144.6171	89.5606	-11.730
145.6651	89.5623	-11.947
146.7206	89.5633	-12.164
147.7838	89.5640	-12.376
148.8547	89.5660	-12.575
149.9334	89.5676	-12.800
151.0199	89.5637	-13.014
152.1142	89.5691	-13.213
153.2165	89.5685	-13.476
154.3268	89.5661	-13.657
155.4451	89.5758	-13.894
156.5715	89.5744	-14.157
157.7061	89.5724	-14.355
158.8489	89.5756	-14.553
160.0000	89.5767	-14.788
161.1594	89.5746	-14.989
162.3273	89.5803	-15.209
163.5035	89.5772	-15.475
164.6884	89.5776	-15.687
165.8818	89.5778	-15.938
167.0838	89.5747	-16.148
168.2946	89.5769	-16.377
169.5141	89.5768	-16.613
170.7425	89.5753	-16.849
171.9797	89.5741	-17.051
173.2260	89.5795	-17.295
174.4812	89.5779	-17.540
175.7456	89.5804	-17.785
177.0191	89.5777	-18.032
178.3019	89.5800	-18.231
179.5939	89.5883	-18.481
180.8953	89.5890	-18.736
182.2062	89.5896	-18.982
183.5265	89.5842	-19.199
184.8564	89.5882	-19.410
186.1960	89.5875	-19.665
187.5452	89.5885	-19.925
188.9043	89.5860	-20.159
190.2731	89.5907	-20.430
191.6519	89.5894	-20.676
193.0407	89.5910	-20.924
194.4396	89.5929	-21.150
195.8486	89.5956	-21.408
197.2678	89.5929	-21.671
198.6972	89.5919	-21.914
200.1371	89.5918	-22.150
201.5874	89.5967	-22.403
203.0482	89.5967	-22.679
204.5195	89.5974	-22.936
206.0016	89.5931	-23.212
207.4943	89.5919	-23.426
208.9979	89.5966	-23.705
210.5124	89.5943	-23.966
212.0379	89.5956	-24.255
213.5744	89.5937	-24.491
215.1220	89.5983	-24.751
216.6809	89.6010	-25.034
218.2510	89.5973	-25.316
219.8326	89.5973	-25.589
221.4256	89.5999	-25.840
223.0301	89.6040	-26.167
224.6463	89.6052	-26.410
226.2742	89.5994	-26.709
227.9138	89.6014	-26.928
229.5654	89.6010	-27.200
231.2289	89.6019	-27.502
232.9045	89.6026	-27.790
234.5922	89.6031	-28.095
236.2922	89.6020	-28.362
238.0045	89.6036	-28.640
239.7291	89.6071	-28.926
241.4663	89.6010	-29.232
243.2161	89.6043	-29.489
244.9785	89.6045	-29.803
246.7537	89.6083	-30.089
248.5418	89.6063	-30.385
250.3428	89.6048	-30.671
252.1569	89.6079	-30.984
253.9842	89.6009	-31.278
255.8246	89.6108	-31.581
257.6785	89.6115	-31.871
259.5457	89.6080	-32.186
261.4265	89.5956	-32.482
263.3209	89.5951	-32.815
265.2290	89.6042	-33.247
267.1510	89.6411	-33.555
269.0869	89.6015	-34.040
271.0368	89.6046	-34.133
273.0008	89.6121	-34.341
274.9791	89.6077	-34.669
276.9717	89.6123	-34.993
278.9788	89.6101	-35.334
281.0003	89.6116	-35.618
283.0366	89.6168	-35.999
285.0876	89.6159	-36.335
287.1535	89.6107	-36.656
289.2343	89.6169	-36.957
291.3302	89.6156	-37.334
293.4413	89.6153	-37.651
295.5677	89.6169	-38.007
297.7095	89.6178	-38.320
299.8668	89.6163	-38.655
302.0398	89.6154	-38.985
304.2285	89.6203	-39.335
306.4330	89.6184	-39.716
308.6536	89.6194	-40.044
310.8902	89.6155	-40.435
313.1431	89.6190	-40.777
315.4122	89.6171	-41.131
317.6978	89.6175	-41.444
320.0000	89.6209	-41.824
322.3189	89.6217	-42.189
324.6545	89.6183	-42.593
327.0071	89.6187	-42.937
329.3767	89.6210	-43.298
331.7635	89.6217	-43.656
334.1676	89.6201	-44.029
336.5891	89.6220	-44.413
339.0282	89.6241	-44.808
341.4849	89.6184	-45.161
343.9595	89.6221	-45.564
346.4519	89.6228	-45.947
348.9625	89.6262	-46.324
351.4912	89.6224	-46.707
354.0383	89.6262	-47.113
356.6038	89.6256	-47.515
359.1879	89.6248	-47.901
361.7907	89.6276	-48.307
364.4124	89.6241	-48.704
367.0530	89.6221	-49.143
369.7129	89.6242	-49.552
372.3920	89.6227	-49.974
375.0905	89.6239	-50.353
377.8085	89.6260	-50.763
380.5463	89.6290	-51.192
383.3039	89.6282	-51.598
386.0814	89.6279	-52.024
388.8792	89.6301	-52.446
391.6971	89.6328	-52.885
394.5355	89.6308	-53.315
397.3945	89.6301	-53.744
400.2742	89.6299	-54.184
403.1747	89.6300	-54.644
406.0963	89.6283	-55.089
409.0390	89.6286	-55.559
412.0031	89.6299	-55.961
414.9887	89.6321	-56.413
417.9958	89.6326	-56.868
421.0248	89.6337	-57.359
424.0757	89.6320	-57.820
427.1488	89.6305	-58.269
430.2440	89.6333	-58.732
433.3618	89.6319	-59.182
436.5021	89.6352	-59.651
439.6652	89.6318	-60.150
442.8512	89.6315	-60.636
446.0602	89.6335	-61.110
449.2926	89.6364	-61.607
452.5483	89.6347	-62.070
455.8277	89.6344	-62.583
459.1308	89.6347	-63.109
462.4579	89.6356	-63.589
465.8090	89.6351	-64.059
469.1845	89.6376	-64.554
472.5844	89.6372	-65.097
476.0089	89.6352	-65.607
479.4583	89.6363	-66.100
482.9326	89.6372	-66.612
486.4321	89.6366	-67.144
489.9570	89.6334	-67.688
493.5075	89.6394	-68.197
497.0836	89.6399	-68.751
500.6857	89.6352	-69.299
504.3139	89.6403	-69.809
507.9683	89.6390	-70.351
511.6493	89.6364	-70.904
515.3569	89.6412	-71.472
519.0914	89.6395	-72.049
522.8529	89.6424	-72.601
526.6418	89.6412	-73.152
530.4580	89.6393	-73.700
534.3019	89.6461	-74.327
538.1737	89.6390	-74.870
542.0735	89.6373	-75.450
546.0016	89.6430	-76.030
549.9582	89.6476	-76.580
553.9434	89.6457	-77.190
557.9575	89.6415	-77.798
562.0007	89.6408	-78.393
566.0732	89.6427	-79.010
570.1752	89.6422	-79.605
574.3069	89.6410	-80.207
578.4686	89.6421	-80.831
582.6604	89.6416	-81.459
586.8826	89.6417	-82.081
591.1354	89.6457	-82.689
595.4190	89.6396	-83.308
599.7336	89.6427	-83.965
604.0796	89.6463	-84.605
608.4570	89.6446	-85.215
612.8661	89.6490	-85.904
617.3072	89.6445	-86.523
621.7804	89.6422	-87.183
626.2861	89.6461	-87.865
630.8244	89.6482	-88.523
635.3957	89.6478	-89.214
640.0000	89.6479	-89.869
644.6377	89.6485	-90.537
649.3090	89.6452	-91.266
654.0142	89.6454	-91.946
658.7534	89.6504	-92.627
663.5270	89.6465	-93.308
668.3352	89.6484	-94.035
673.1783	89.6510	-94.729
678.0564	89.6488	-95.467
682.9699	89.6507	-96.191
687.9189	89.6502	-96.897
692.9039	89.6513	-97.631
697.9249	89.6507	-98.398
702.9824	89.6491	-99.104
708.0765	89.6503	-99.830
713.2075	89.6502	-100.601
718.3757	89.6492	-101.352
723.5814	89.6528	-102.126
728.8247	89.6500	-102.875
734.1061	89.6561	-103.671
739.4257	89.6479	-104.441
744.7839	89.6521	-105.224
750.1809	89.6511	-105.996
755.6170	89.6575	-106.778
761.0926	89.6554	-107.599
766.6077	89.6520	-108.405
772.1629	89.6541	-109.223
777.7583	89.6512	-110.034
783.3943	89.6570	-110.846
789.0711	89.6537	-111.659
794.7890	89.6545	-112.501
800.5484	89.6547	-113.355
806.3495	89.6619	-114.194
812.1926	89.6549	-115.032
818.0781	89.6552	-115.899
824.0062	89.6555	-116.773
829.9773	89.6543	-117.615
835.9917	89.6551	-118.501
842.0496	89.6564	-119.389
848.1515	89.6584	-120.277
854.2975	89.6575	-121.176
860.4881	89.6585	-122.055
866.7236	89.6574	-122.967
873.0042	89.6582	-123.890
879.3303	89.6589	-124.819
885.7023	89.6570	-125.712
892.1205	89.6570	-126.655
898.5852	89.6587	-127.596
905.0967	89.6556	-128.538
911.6554	89.6584	-129.499
918.2616	89.6599	-130.432
924.9157	89.6598	-131.418
931.6180	89.6595	-132.395
938.3689	89.6598	-133.367
945.1687	89.6615	-134.343
952.0178	89.6609	-135.338
958.9165	89.6601	-136.314
965.8652	89.6582	-137.341
972.8643	89.6616	-138.376
979.9141	89.6594	-139.389
987.0149	89.6632	-140.427
994.1672	89.6583	-141.477
1001.3714	89.6606	-142.515
1008.6277	89.6604	-143.526
1015.9367	89.6603	-144.631
1023.2986	89.6606	-145.677
1030.7138	89.6626	-146.739
1038.1828	89.6584	-147.776
1045.7059	89.6630	-148.899
1053.2835	89.6603	-149.994
1060.9160	89.6650	-151.102
1068.6039	89.6589	-152.242
1076.3474	89.6604	-153.381
1084.1471	89.6631	-154.452
1092.0032	89.6652	-155.576
1099.9164	89.6619	-156.742
1107.8868	89.6604	-157.908
1115.9150	89.6591	-159.079
1124.0014	89.6653	-160.191
1132.1464	89.6592	-161.405
1140.3504	89.6633	-162.609
1148.6138	89.6647	-163.739
1156.9371	89.6623	-164.968
1165.3208	89.6624	-166.194
1173.7652	89.6562	-167.412
1182.2708	89.6579	-168.646
1190.8380	89.6601	-169.882
1199.4673	89.6603	-171.120
1208.1591	89.6645	-172.388
1216.9139	89.6597	-173.611
1225.7322	89.6625	-174.899
1234.6144	89.6608	-176.178
1243.5609	89.6608	-177.486
1252.5722	89.6612	-178.783
1261.6489	89.6624	179.914
1270.7913	89.6620	178.584
1280.0000	89.6606	177.266
1289.2754	89.6601	175.919
1298.6180	89.6597	174.603
1308.0284	89.6583	173.230
1317.5069	89.6591	171.848
1327.0541	89.6626	170.480
1336.6704	89.6610	169.116
1346.3565	89.6569	167.694
1356.1128	89.6594	166.284
1365.9397	89.6559	164.882
1375.8379	89.6567	163.449
1385.8078	89.6525	162.008
1395.8499	89.6562	160.548
1405.9648	89.6563	159.127
1416.1530	89.6563	157.680
1426.4150	89.6543	156.173
1436.7514	89.6568	154.675
1447.1627	89.6557	153.176
1457.6495	89.6506	151.692
1468.2122	89.6503	150.147
1478.8515	89.6480	148.621
1489.5678	89.6552	147.086
1500.3618	89.6540	145.533
1511.2341	89.6512	143.972
1522.1851	89.6477	142.394
1533.2155	89.6519	140.791
1544.3258	89.6551	139.173
1555.5166	89.6507	137.618
1566.7885	89.6463	135.967
1578.1421	89.6521	134.330
1589.5780	89.6512	132.686
1601.0967	89.6428	131.025
1612.6989	89.6441	129.338
1624.3852	89.6488	127.653
1636.1562	89.6433	125.938
1648.0125	89.6456	124.262
1659.9546	89.6460	122.551
1671.9833	89.6423	120.823
1684.0992	89.6368	119.066
1696.3029	89.6447	117.344
1708.5950	89.6414	115.538
1720.9762	89.6380	113.736
1733.4471	89.6373	111.954
1746.0084	89.6366	110.169
1758.6607	89.6361	108.334
1771.4046	89.6365	106.527
1784.2410	89.6350	104.653
1797.1703	89.6327	102.803
1810.1934	89.6349	100.915
1823.3108	89.6357	99.034
1836.5232	89.6340	97.132
1849.8314	89.6322	95.238
1863.2361	89.6308	93.253
1876.7379	89.6307	91.350
1890.3375	89.6272	89.391
1904.0356	89.6270	87.379
1917.8331	89.6286	85.429
1931.7305	89.6238	83.450
1945.7286	89.6246	81.415
1959.8281	89.6237	79.392
1974.0299	89.6223	77.319
1988.3345	89.6251	75.272
2002.7428	89.6221	73.198
2017.2555	89.6186	71.092
2031.8733	89.6197	68.986
2046.5971	89.6209	66.884
2061.4276	89.6186	64.753
2076.3656	89.6127	62.603
2091.4118	89.6140	60.444
2106.5670	89.6139	58.250
2121.8321	89.6131	56.041
2137.2077	89.6089	53.829
2152.6948	89.6096	51.596
2168.2941	89.6102	49.359
2184.0065	89.6129	47.124
2199.8327	89.6120	44.808
2215.7736	89.6094	42.518
2231.8300	89.6090	40.193
2248.0028	89.6072	37.880
2264.2927	89.6064	35.519
2280.7007	89.6036	33.156
2297.2276	89.6070	30.784
2313.8743	89.6062	28.377
2330.6416	89.6015	25.959
2347.5304	89.6049	23.529
2364.5415	89.6059	21.086
2381.6760	89.6020	18.614
2398.9346	89.6032	16.120
2416.3182	89.6009	13.624
2433.8279	89.6027	11.099
2451.4644	89.6014	8.564
2469.2287	89.6020	5.991
2487.1218	89.5979	3.420
2505.1445	89.5990	0.829
2523.2978	89.5967	-1.786
2541.5826	89.5982	-4.421
2560.0000	89.5957	-7.082
2578.5508	89.5954	-9.778
2597.2361	89.5979	-12.462
2616.0567	89.5972	-15.155
2635.0137	89.5940	-17.894
2654.1081	89.5971	-20.626
2673.3409	89.5981	-23.408
2692.7130	89.5977	-26.207
2712.2255	89.5989	-29.025
2731.8794	89.5977	-31.818
2751.6758	89.5996	-34.685
2771.6155	89.5990	-37.549
2791.6998	89.5989	-40.455
2811.9296	89.5985	-43.366
2832.3060	89.5981	-46.300
2852.8301	89.6010	-49.252
2873.5028	89.6014	-52.221
2894.3254	89.6001	-55.233
2915.2989	89.6031	-58.239
2936.4244	89.6001	-61.268
2957.7029	89.6008	-64.338
2979.1356	89.6056	-67.421
3000.7237	89.6090	-70.523
3022.4682	89.6040	-73.656
3044.3702	89.6068	-76.798
3066.4310	89.6080	-79.965
3088.6516	89.6095	-83.177
3111.0332	89.6066	-86.382
3133.5771	89.6090	-89.606
3156.2843	89.6143	-92.892
3179.1560	89.6095	-96.173
3202.1935	89.6153	-99.472
3225.3979	89.6133	-102.796
3248.7705	89.6148	-106.175
3272.3124	89.6192	-109.532
3296.0249	89.6184	-112.950
3319.9093	89.6201	-116.382
3343.9667	89.6165	-119.832
3368.1985	89.6169	-123.313
3392.6058	89.6206	-126.800
3417.1900	89.6216	-130.349
3441.9524	89.6235	-133.880
3466.8942	89.6219	-137.464
3492.0167	89.6244	-141.053
3517.3213	89.6267	-144.685
3542.8093	89.6288	-148.361
3568.4820	89.6283	-152.043
3594.3406	89.6252	-155.741
3620.3867	89.6265	-159.470
3646.6215	89.6268	-163.229
3673.0465	89.6281	-167.020
3699.6629	89.6305	-170.836
3726.4721	89.6311	-174.683
3753.4757	89.6297	-178.540
3780.6749	89.6309	177.541
3808.0713	89.6299	173.611
3835.6661	89.6344	169.685
3863.4609	89.6289	165.684
3891.4572	89.6317	161.669
3919.6563	89.6318	157.618
3948.0597	89.6291	153.548
3976.6690	89.6302	149.471
4005.4856	89.6305	145.334
4034.5110	89.6283	141.162
4063.7467	89.6300	136.969
4093.1943	89.6320	132.746
4122.8552	89.6301	128.485
4152.7312	89.6317	124.219
4182.8236	89.6304	119.897
4213.1340	89.6275	115.549
4243.6641	89.6262	111.154
4274.4155	89.6256	106.766
4305.3896	89.6252	102.321
4336.5883	89.6232	97.845
4368.0130	89.6269	93.322
4399.6654	89.6239	88.771
4431.5472	89.6215	84.214
4463.6600	89.6220	79.605
4496.0055	89.6224	74.949
4528.5854	89.6194	70.261
4561.4014	89.6216	65.553
4594.4552	89.6238	60.799
4627.7485	89.6211	56.011
4661.2831	89.6211	51.180
4695.0607	89.6215	46.345
4729.0830	89.6191	41.454
4763.3519	89.6219	36.525
4797.8691	89.6208	31.554
4832.6365	89.6213	26.557
4867.6558	89.6208	21.519
4902.9288	89.6206	16.463
4938.4574	89.6219	11.340
4974.2435	89.6244	6.199
5010.2890	89.6261	1.011
5046.5956	89.6243	-4.209
5083.1653	89.6277	-9.455
5120.0000	89.6285	-14.770
5157.1016	89.6296	-20.098
5194.4721	89.6297	-25.484
5232.1134	89.6311	-30.884
5270.0275	89.6343	-36.340
5308.2162	89.6369	-41.828
5346.6818	89.6394	-47.363
5385.4260	89.6425	-52.929
5424.4510	89.6440	-58.526
5463.7589	89.6436	-64.185
5503.3515	89.6488	-69.865
5543.2311	89.6504	-75.597
5583.3996	89.6534	-81.360
5623.8592	89.6563	-87.158
5664.6120	89.6597	-93.021
5705.6601	89.6596	-98.901
5747.0057	89.6645	-104.839
5788.6509	89.6670	-110.797
5830.5978	89.6682	-116.800
5872.8487	89.6734	-122.870
5915.4058	89.6727	-128.956
5958.2713	89.6742	-135.100
6001.4474	89.6750	-141.295
6044.9363	89.6795	-147.521
6088.7404	89.6796	-153.794
6132.8620	89.6815	-160.122
6177.3032	89.6830	-166.476
6222.0665	89.6830	-172.870
6267.1541	89.6847	-179.318
6312.5685	89.6845	174.155
6358.3120	89.6838	167.596
6404.3869	89.6819	161.010
6450.7958	89.6845	154.371
6497.5409	89.6808	147.689
6544.6248	89.6826	140.953
6592.0498	89.6815	134.155
6639.8185	89.6778	127.306
6687.9334	89.6765	120.412
6736.3969	89.6752	113.472
6785.2116	89.6710	106.476
6834.3801	89.6686	99.439
6883.9048	89.6670	92.326
6933.7884	89.6639	85.172
6984.0335	89.6623	77.964
7034.6427	89.6576	70.713
7085.6186	89.6556	63.409
7136.9639	89.6535	56.038
7188.6813	89.6485	48.600
7240.7734	89.6484	41.129
7293.2431	89.6441	33.580
7346.0929	89.6423	26.000
7399.3257	89.6398	18.358
7452.9443	89.6388	10.649
7506.9514	89.6327	2.897
7561.3499	89.6344	-4.937
7616.1425	89.6316	-12.789
7671.3322	89.6305	-20.729
7726.9219	89.6290	-28.717
7782.9143	89.6283	-36.758
7839.3125	89.6268	-44.850
7896.1194	89.6280	-53.001
7953.3380	89.6275	-61.206
8010.9711	89.6320	-69.489
8069.0219	89.6287	-77.822
8127.4934	89.6268	-86.199
8186.3886	89.6294	-94.669
8245.7105	89.6297	-103.173
8305.4623	89.6331	-111.709
8365.6471	89.6306	-120.371
8426.2680	89.6313	-129.023
8487.3283	89.6312	-137.776
8548.8309	89.6325	-146.596
8610.7793	89.6333	-155.463
8673.1765	89.6261	-164.374
8736.0260	89.6284	-173.400
8799.3308	89.6303	177.517
8863.0944	89.6276	168.413
8927.3200	89.6236	159.202
8992.0111	89.6210	149.957
9057.1709	89.6150	140.629
9122.8029	89.6170	131.236
9188.9105	89.6140	121.799
9255.4971	89.6111	112.255
9322.5662	89.6039	102.610
9390.1214	89.6066	92.929
9458.1661	89.6004	83.151
9526.7039	89.5971	73.347
9595.7383	89.5958	63.424
9665.2730	89.5903	53.450
9735.3115	89.5884	43.400
9805.8576	89.5870	33.264
9876.9149	89.5852	23.043
9948.4871	89.5833	12.763
10020.5779	89.5824	2.400
10093.1912	89.5890	-8.010
10166.3306	89.5875	-18.533
10240.0000	89.5897	-29.119
10314.2033	89.5923	-39.781
10388.9442	89.5966	-50.537
10464.2268	89.5984	-61.340
10540.0549	89.6008	-72.235
10616.4325	89.6044	-83.192
10693.3635	89.6090	-94.231
10770.8521	89.6148	-105.357
10848.9021	89.6194	-116.554
10927.5177	89.6238	-127.821
11006.7030	89.6291	-139.183
11086.4621	89.6328	-150.623
11166.7992	89.6335	-162.139
11247.7184	89.6333	-173.742
11329.2240	89.6383	174.578
11411.3202	89.6392	162.786
11494.0114	89.6408	150.948
11577.3017	89.6408	138.993
11661.1956	89.6422	126.960
11745.6975	89.6427	114.832
11830.8116	89.6394	102.606
11916.5426	89.6388	90.303
12002.8947	89.6397	77.881
12089.8727	89.6371	65.381
12177.4809	89.6369	52.774
12265.7239	89.6358	40.092
12354.6064	89.6335	27.290
12444.1330	89.6347	14.397
12534.3083	89.6371	1.409
12625.1370	89.6365	-11.670
12716.6240	89.6405	-24.828
12808.7739	89.6415	-38.107
12901.5916	89.6401	-51.463
12995.0818	89.6442	-64.912
13089.2495	89.6486	-78.480
13184.0996	89.6489	-92.125
13279.6370	89.6499	-105.877
13375.8668	89.6512	-119.713
13472.7938	89.6517	-133.657
13570.4232	89.6524	-147.690
13668.7601	89.6496	-161.824
13767.8096	89.6494	-176.070
13867.5768	89.6463	169.579
13968.0670	89.6384	155.130
14069.2853	89.6353	140.565
14171.2372	89.6288	125.863
14273.9278	89.6272	111.085
14377.3626	89.6218	96.189
14481.5469	89.6132	81.153
14586.4861	89.6074	66.025
14692.1858	89.5994	50.753
14798.6515	89.5946	35.379
14905.8886	89.5899	19.898
15013.9028	89.5843	4.298
15122.6997	89.5800	-11.441
15232.2851	89.5821	-27.291
15342.6645	89.5805	-43.221
15453.8437	89.5815	-59.300
15565.8287	89.5822	-75.485
15678.6251	89.5813	-91.787
15792.2389	89.5811	-108.188
15906.6759	89.5832	-124.730
16021.9423	89.5823	-141.379
16138.0439	89.5828	-158.126
16254.9868	89.5809	-175.038
16372.7771	89.5819	167.946
16491.4210	89.5787	150.778
16610.9246	89.5769	133.511
16731.2942	89.5737	116.096
16852.5361	89.5719	98.539
16974.6565	89.5704	80.849
17097.6619	89.5689	62.991
17221.5586	89.5672	45.031
17346.3531	89.5676	26.912
17472.0519	89.5719	8.661
17598.6616	89.5733	-9.724
17726.1888	89.5772	-28.257
17854.6400	89.5829	-46.909
17984.0221	89.5883	-65.717
18114.3418	89.5941	-84.642
18245.6057	89.5980	-103.712
18377.8209	89.6018	-122.916
18510.9942	89.6065	-142.246
18645.1325	89.6095	-161.734
18780.2428	89.6093	178.644
18916.3322	89.6087	158.877
19053.4077	89.6039	138.936
19191.4766	89.5991	118.866
19330.5459	89.5961	98.594
19470.6230	89.5872	78.192
19611.7152	89.5831	57.624
19753.8298	89.5790	36.882
19896.9742	89.5736	15.988
