* Helix DSP Ultra S, output layer — AP1 all-pass, 4000 Hz.
* ELECTRICAL loop, no microphone: Scarlett 2i2 out L -> Helix line in,
* Helix line out -> Scarlett in 1; out R -> in 2 direct as the timing
* reference, timing offset 0. Everything else in the channel off; no gain,
* level or routing changed within a set, so the ratio to '-bypass' is the
* filter alone.
* REW V5.40 beta 132 measurement 'b1_ap1_4k', 2026-Sep-01 11:55:31, 512k sweep, 1 average, -20 dBFS, 96 kHz,
* 10 Hz - 30 kHz, loopback timing reference. SNR 45.3 dB, delay 0.4216 ms.
* Levels are REW's electrical dB (splOffset 102.34); only ratios within a set carry meaning.
* frequency_Hz<TAB>dB<TAB>phase_deg — REW's UNSMOOTHED raw spectrum (linear bins) resampled to 1/96 octave by complex averaging within each cell,
* with the measurement's own delay removed before averaging and restored after, so the cell average carries no rotation loss.
20.0000	88.0051	56.432
20.1449	88.0243	56.025
20.2909	88.0430	55.603
20.4379	88.0705	55.009
20.5860	88.0798	54.784
20.7352	88.0977	54.379
20.8855	88.1145	54.004
21.0368	88.1330	53.576
21.1893	88.1566	53.053
21.3428	88.1679	52.782
21.4975	88.1851	52.389
21.6532	88.1973	52.107
21.8102	88.2192	51.608
21.9682	88.2369	51.210
22.1274	88.2530	50.834
22.2877	88.2752	50.334
22.4492	88.2862	50.065
22.6119	88.3025	49.682
22.7758	88.3119	49.453
22.9408	88.3342	48.919
23.1071	88.3468	48.616
23.2745	88.3649	48.164
23.4432	88.3797	47.799
23.6130	88.3945	47.416
23.7841	88.4109	47.006
23.9565	88.4234	46.678
24.1301	88.4411	46.235
24.3049	88.4519	45.948
24.4811	88.4706	45.482
24.6585	88.4801	45.225
24.8372	88.4993	44.744
25.0171	88.5079	44.505
25.1984	88.5268	44.018
25.3810	88.5346	43.787
25.5649	88.5525	43.306
25.7502	88.5599	43.076
25.9368	88.5761	42.612
26.1247	88.5835	42.375
26.3141	88.5983	41.942
26.5047	88.6065	41.691
26.6968	88.6203	41.295
26.8903	88.6300	41.021
27.0851	88.6431	40.667
27.2814	88.6548	40.358
27.4791	88.6667	40.048
27.6782	88.6804	39.693
27.8788	88.6904	39.430
28.0808	88.7056	39.022
28.2843	88.7128	38.814
28.4892	88.7330	38.237
28.6957	88.7395	38.014
28.9036	88.7512	37.643
29.1131	88.7596	37.356
29.3240	88.7682	37.068
29.5365	88.7793	36.712
29.7506	88.7852	36.510
29.9661	88.8023	35.994
30.1833	88.8092	35.760
30.4020	88.8190	35.453
30.6223	88.8286	35.129
30.8442	88.8346	34.918
31.0677	88.8489	34.430
31.2929	88.8552	34.198
31.5196	88.8628	33.924
31.7480	88.8772	33.466
31.9781	88.8821	33.297
32.2098	88.8924	32.981
32.4432	88.9016	32.699
32.6783	88.9080	32.494
32.9151	88.9226	32.041
33.1536	88.9293	31.785
33.3939	88.9353	31.556
33.6359	88.9462	31.120
33.8796	88.9513	30.886
34.1251	88.9562	30.664
34.3724	88.9667	30.261
34.6215	88.9729	30.031
34.8723	88.9783	29.830
35.1250	88.9910	29.437
35.3796	88.9986	29.181
35.6359	89.0036	29.004
35.8942	89.0152	28.608
36.1543	89.0255	28.216
36.4163	89.0295	28.025
36.6802	89.0347	27.794
36.9460	89.0434	27.423
37.2137	89.0488	27.183
37.4834	89.0522	27.020
37.7550	89.0615	26.665
38.0286	89.0711	26.312
38.3041	89.0767	26.084
38.5817	89.0805	25.917
38.8613	89.0891	25.566
39.1429	89.0968	25.219
39.4265	89.1034	24.881
39.7122	89.1061	24.713
40.0000	89.1095	24.511
40.2899	89.1160	24.196
40.5818	89.1236	23.890
40.8759	89.1323	23.584
41.1721	89.1362	23.426
41.4704	89.1415	23.230
41.7710	89.1502	22.915
42.0736	89.1574	22.600
42.3785	89.1630	22.291
42.6856	89.1657	22.105
42.9949	89.1678	21.949
43.3065	89.1732	21.666
43.6203	89.1799	21.389
43.9364	89.1876	21.109
44.2548	89.1953	20.824
44.5755	89.2018	20.534
44.8985	89.2068	20.249
45.2238	89.2088	20.089
45.5515	89.2109	19.924
45.8816	89.2153	19.660
46.2141	89.2205	19.400
46.5490	89.2265	19.141
46.8863	89.2326	18.878
47.2261	89.2380	18.613
47.5683	89.2426	18.352
47.9130	89.2469	18.095
48.2602	89.2511	17.843
48.6099	89.2553	17.594
48.9621	89.2593	17.346
49.3169	89.2629	17.103
49.6743	89.2666	16.866
50.0343	89.2707	16.635
50.3968	89.2759	16.406
50.7620	89.2820	16.174
51.1299	89.2883	15.934
51.5004	89.2939	15.688
51.8736	89.2979	15.438
52.2495	89.3004	15.191
52.6281	89.3016	14.953
53.0095	89.3024	14.726
53.3936	89.3036	14.509
53.7805	89.3060	14.298
54.1702	89.3096	14.087
54.5628	89.3138	13.872
54.9581	89.3176	13.651
55.3564	89.3205	13.429
55.7575	89.3226	13.212
56.1616	89.3247	13.004
56.5685	89.3297	12.731
56.9785	89.3361	12.452
57.3914	89.3399	12.238
57.8072	89.3426	12.027
58.2261	89.3448	11.823
58.6481	89.3475	11.627
59.0730	89.3515	11.434
59.5011	89.3585	11.163
59.9323	89.3636	10.882
60.3666	89.3652	10.680
60.8040	89.3668	10.488
61.2446	89.3696	10.303
61.6884	89.3759	10.048
62.1355	89.3807	9.774
62.5857	89.3811	9.569
63.0392	89.3801	9.379
63.4960	89.3809	9.157
63.9562	89.3862	8.935
64.4196	89.3911	8.747
64.8864	89.3945	8.545
65.3566	89.3955	8.282
65.8302	89.3950	8.043
66.3073	89.3962	7.873
66.7877	89.4014	7.645
67.2717	89.4071	7.396
67.7592	89.4091	7.196
68.2502	89.4091	6.944
68.7448	89.4082	6.713
69.2429	89.4089	6.546
69.7447	89.4128	6.333
70.2501	89.4179	6.108
70.7591	89.4207	5.925
71.2719	89.4228	5.693
71.7884	89.4245	5.475
72.3086	89.4285	5.266
72.8325	89.4342	5.045
73.3603	89.4381	4.807
73.8919	89.4389	4.570
74.4274	89.4383	4.398
74.9667	89.4389	4.197
75.5099	89.4419	3.998
76.0571	89.4463	3.787
76.6083	89.4499	3.566
77.1634	89.4524	3.345
77.7226	89.4546	3.078
78.2858	89.4548	2.860
78.8531	89.4544	2.659
79.4245	89.4560	2.470
80.0000	89.4606	2.272
80.5797	89.4650	2.054
81.1636	89.4659	1.831
81.7518	89.4651	1.587
82.3442	89.4662	1.393
82.9409	89.4676	1.191
83.5419	89.4674	0.990
84.1473	89.4675	0.809
84.7570	89.4733	0.594
85.3712	89.4788	0.377
85.9899	89.4786	0.143
86.6130	89.4737	-0.094
87.2406	89.4746	-0.290
87.8728	89.4791	-0.478
88.5096	89.4822	-0.686
89.1509	89.4842	-0.922
89.7970	89.4882	-1.155
90.4477	89.4905	-1.370
91.1031	89.4890	-1.584
91.7633	89.4852	-1.797
92.4282	89.4862	-1.980
93.0980	89.4924	-2.177
93.7726	89.4976	-2.371
94.4521	89.5009	-2.579
95.1366	89.5015	-2.824
95.8260	89.4993	-3.046
96.5204	89.4997	-3.246
97.2198	89.5032	-3.459
97.9243	89.5046	-3.690
98.6339	89.5037	-3.903
99.3486	89.5063	-4.101
100.0685	89.5112	-4.323
100.7937	89.5128	-4.562
101.5241	89.5116	-4.785
102.2598	89.5118	-4.992
103.0008	89.5140	-5.204
103.7472	89.5156	-5.427
104.4990	89.5152	-5.645
105.2562	89.5159	-5.846
106.0189	89.5202	-6.056
106.7872	89.5231	-6.291
107.5610	89.5223	-6.516
108.3404	89.5233	-6.720
109.1255	89.5265	-6.963
109.9163	89.5273	-7.203
110.7128	89.5287	-7.414
111.5151	89.5285	-7.631
112.3231	89.5275	-7.825
113.1371	89.5326	-8.043
113.9569	89.5341	-8.307
114.7827	89.5301	-8.513
115.6145	89.5312	-8.696
116.4523	89.5356	-8.934
117.2961	89.5363	-9.178
118.1461	89.5374	-9.391
119.0022	89.5371	-9.633
119.8646	89.5360	-9.849
120.7332	89.5387	-10.046
121.6080	89.5408	-10.279
122.4893	89.5428	-10.499
123.3769	89.5470	-10.748
124.2709	89.5440	-11.008
125.1714	89.5413	-11.207
126.0785	89.5469	-11.424
126.9921	89.5475	-11.679
127.9123	89.5459	-11.890
128.8392	89.5520	-12.103
129.7728	89.5554	-12.362
130.7132	89.5518	-12.595
131.6604	89.5525	-12.799
132.6145	89.5545	-13.042
133.5755	89.5515	-13.294
134.5434	89.5523	-13.520
135.5184	89.5517	-13.762
136.5004	89.5541	-14.007
137.4895	89.5556	-14.274
138.4858	89.5510	-14.492
139.4894	89.5568	-14.701
140.5002	89.5605	-14.951
141.5183	89.5647	-15.173
142.5438	89.5656	-15.436
143.5767	89.5609	-15.675
144.6171	89.5612	-15.919
145.6651	89.5596	-16.152
146.7206	89.5649	-16.405
147.7838	89.5648	-16.680
148.8547	89.5661	-16.914
149.9334	89.5671	-17.162
151.0199	89.5660	-17.406
152.1142	89.5677	-17.639
153.2165	89.5693	-17.888
154.3268	89.5703	-18.128
155.4451	89.5737	-18.413
156.5715	89.5701	-18.692
157.7061	89.5716	-18.929
158.8489	89.5738	-19.191
160.0000	89.5741	-19.449
161.1594	89.5750	-19.710
162.3273	89.5722	-19.969
163.5035	89.5728	-20.203
164.6884	89.5764	-20.475
165.8818	89.5767	-20.742
167.0838	89.5742	-20.998
168.2946	89.5776	-21.237
169.5141	89.5807	-21.538
170.7425	89.5785	-21.785
171.9797	89.5818	-22.062
173.2260	89.5796	-22.329
174.4812	89.5842	-22.602
175.7456	89.5803	-22.897
177.0191	89.5816	-23.138
178.3019	89.5847	-23.432
179.5939	89.5834	-23.706
180.8953	89.5843	-23.971
182.2062	89.5907	-24.226
183.5265	89.5936	-24.568
184.8564	89.5841	-24.806
186.1960	89.5883	-25.078
187.5452	89.5842	-25.331
188.9043	89.5906	-25.606
190.2731	89.5879	-25.929
191.6519	89.5875	-26.203
193.0407	89.5902	-26.506
194.4396	89.5881	-26.805
195.8486	89.5872	-27.074
197.2678	89.5889	-27.378
198.6972	89.5895	-27.673
200.1371	89.5939	-27.976
201.5874	89.5955	-28.280
203.0482	89.5980	-28.569
204.5195	89.5997	-28.855
206.0016	89.5990	-29.168
207.4943	89.5959	-29.464
208.9979	89.5964	-29.776
210.5124	89.5939	-30.110
212.0379	89.5949	-30.409
213.5744	89.5982	-30.717
215.1220	89.5997	-31.015
216.6809	89.6022	-31.317
218.2510	89.5961	-31.642
219.8326	89.5965	-31.945
221.4256	89.5986	-32.261
223.0301	89.6023	-32.628
224.6463	89.6069	-32.958
226.2742	89.5984	-33.299
227.9138	89.6001	-33.549
229.5654	89.6061	-33.879
231.2289	89.6013	-34.242
232.9045	89.6044	-34.554
234.5922	89.6045	-34.899
236.2922	89.6055	-35.205
238.0045	89.6086	-35.553
239.7291	89.6024	-35.893
241.4663	89.6037	-36.231
243.2161	89.6087	-36.552
244.9785	89.6105	-36.920
246.7537	89.6088	-37.280
248.5418	89.6038	-37.586
250.3428	89.6095	-37.956
252.1569	89.6065	-38.306
253.9842	89.6153	-38.614
255.8246	89.6103	-39.006
257.6785	89.6066	-39.332
259.5457	89.6102	-39.717
261.4265	89.6175	-40.020
263.3209	89.6210	-40.394
265.2290	89.6112	-40.621
267.1510	89.5750	-41.111
269.0869	89.6037	-41.202
271.0368	89.6163	-41.821
273.0008	89.6193	-42.322
274.9791	89.6247	-42.681
276.9717	89.6186	-43.047
278.9788	89.6177	-43.412
281.0003	89.6131	-43.829
283.0366	89.6148	-44.135
285.0876	89.6189	-44.530
287.1535	89.6196	-44.959
289.2343	89.6134	-45.328
291.3302	89.6208	-45.731
293.4413	89.6190	-46.124
295.5677	89.6211	-46.546
297.7095	89.6193	-46.955
299.8668	89.6173	-47.377
302.0398	89.6179	-47.760
304.2285	89.6205	-48.150
306.4330	89.6229	-48.573
308.6536	89.6193	-48.992
310.8902	89.6263	-49.450
313.1431	89.6253	-49.850
315.4122	89.6235	-50.250
317.6978	89.6208	-50.659
320.0000	89.6228	-51.090
322.3189	89.6228	-51.522
324.6545	89.6236	-51.949
327.0071	89.6217	-52.387
329.3767	89.6219	-52.822
331.7635	89.6239	-53.261
334.1676	89.6227	-53.712
336.5891	89.6213	-54.144
339.0282	89.6233	-54.611
341.4849	89.6275	-55.078
343.9595	89.6255	-55.531
346.4519	89.6255	-55.993
348.9625	89.6266	-56.447
351.4912	89.6334	-56.891
354.0383	89.6301	-57.369
356.6038	89.6257	-57.813
359.1879	89.6270	-58.291
361.7907	89.6291	-58.788
364.4124	89.6280	-59.258
367.0530	89.6249	-59.764
369.7129	89.6279	-60.226
372.3920	89.6308	-60.721
375.0905	89.6304	-61.208
377.8085	89.6294	-61.689
380.5463	89.6322	-62.184
383.3039	89.6310	-62.681
386.0814	89.6286	-63.188
388.8792	89.6312	-63.689
391.6971	89.6312	-64.207
394.5355	89.6304	-64.717
397.3945	89.6278	-65.253
400.2742	89.6335	-65.753
403.1747	89.6325	-66.273
406.0963	89.6337	-66.816
409.0390	89.6348	-67.356
412.0031	89.6346	-67.883
414.9887	89.6355	-68.419
417.9958	89.6363	-68.987
421.0248	89.6335	-69.518
424.0757	89.6344	-70.045
427.1488	89.6393	-70.632
430.2440	89.6370	-71.165
433.3618	89.6346	-71.716
436.5021	89.6339	-72.289
439.6652	89.6343	-72.843
442.8512	89.6347	-73.421
446.0602	89.6385	-74.001
449.2926	89.6383	-74.567
452.5483	89.6428	-75.154
455.8277	89.6387	-75.746
459.1308	89.6436	-76.356
462.4579	89.6407	-76.933
465.8090	89.6396	-77.517
469.1845	89.6372	-78.128
472.5844	89.6353	-78.744
476.0089	89.6405	-79.343
479.4583	89.6440	-79.945
482.9326	89.6432	-80.586
486.4321	89.6433	-81.201
489.9570	89.6470	-81.825
493.5075	89.6417	-82.479
497.0836	89.6418	-83.106
500.6857	89.6411	-83.738
504.3139	89.6437	-84.385
507.9683	89.6425	-85.016
511.6493	89.6423	-85.700
515.3569	89.6454	-86.345
519.0914	89.6465	-87.016
522.8529	89.6468	-87.666
526.6418	89.6455	-88.315
530.4580	89.6463	-88.996
534.3019	89.6544	-89.669
538.1737	89.6461	-90.363
542.0735	89.6469	-91.078
546.0016	89.6453	-91.727
549.9582	89.6412	-92.463
553.9434	89.6460	-93.162
557.9575	89.6488	-93.859
562.0007	89.6462	-94.576
566.0732	89.6494	-95.284
570.1752	89.6482	-96.004
574.3069	89.6467	-96.724
578.4686	89.6485	-97.468
582.6604	89.6490	-98.207
586.8826	89.6497	-98.927
591.1354	89.6477	-99.715
595.4190	89.6502	-100.463
599.7336	89.6534	-101.215
604.0796	89.6507	-101.961
608.4570	89.6486	-102.760
612.8661	89.6534	-103.519
617.3072	89.6508	-104.292
621.7804	89.6503	-105.066
626.2861	89.6524	-105.872
630.8244	89.6526	-106.680
635.3957	89.6530	-107.437
640.0000	89.6567	-108.287
644.6377	89.6582	-109.103
649.3090	89.6547	-109.889
654.0142	89.6542	-110.723
658.7534	89.6543	-111.542
663.5270	89.6554	-112.411
668.3352	89.6534	-113.217
673.1783	89.6558	-114.065
678.0564	89.6562	-114.928
682.9699	89.6545	-115.782
687.9189	89.6544	-116.653
692.9039	89.6571	-117.524
697.9249	89.6579	-118.380
702.9824	89.6591	-119.272
708.0765	89.6588	-120.163
713.2075	89.6597	-121.055
718.3757	89.6571	-121.954
723.5814	89.6590	-122.837
728.8247	89.6577	-123.759
734.1061	89.6605	-124.706
739.4257	89.6629	-125.628
744.7839	89.6566	-126.547
750.1809	89.6571	-127.484
755.6170	89.6609	-128.416
761.0926	89.6579	-129.381
766.6077	89.6576	-130.336
772.1629	89.6622	-131.309
777.7583	89.6577	-132.278
783.3943	89.6639	-133.235
789.0711	89.6626	-134.204
794.7890	89.6661	-135.231
800.5484	89.6644	-136.222
806.3495	89.6594	-137.251
812.1926	89.6610	-138.262
818.0781	89.6621	-139.262
824.0062	89.6600	-140.296
829.9773	89.6586	-141.347
835.9917	89.6628	-142.366
842.0496	89.6612	-143.426
848.1515	89.6602	-144.464
854.2975	89.6633	-145.546
860.4881	89.6659	-146.588
866.7236	89.6655	-147.683
873.0042	89.6628	-148.770
879.3303	89.6626	-149.874
885.7023	89.6620	-150.942
892.1205	89.6620	-152.071
898.5852	89.6622	-153.183
905.0967	89.6619	-154.296
911.6554	89.6658	-155.431
918.2616	89.6622	-156.565
924.9157	89.6650	-157.722
931.6180	89.6656	-158.891
938.3689	89.6633	-160.046
945.1687	89.6649	-161.220
952.0178	89.6670	-162.418
958.9165	89.6629	-163.575
965.8652	89.6620	-164.783
972.8643	89.6653	-165.981
979.9141	89.6673	-167.190
987.0149	89.6646	-168.397
994.1672	89.6627	-169.648
1001.3714	89.6652	-170.872
1008.6277	89.6657	-172.140
1015.9367	89.6648	-173.375
1023.2986	89.6636	-174.655
1030.7138	89.6607	-175.934
1038.1828	89.6680	-177.232
1045.7059	89.6634	-178.492
1053.2835	89.6623	-179.795
1060.9160	89.6615	178.912
1068.6039	89.6662	177.574
1076.3474	89.6653	176.221
1084.1471	89.6625	174.923
1092.0032	89.6670	173.592
1099.9164	89.6644	172.186
1107.8868	89.6627	170.821
1115.9150	89.6610	169.467
1124.0014	89.6649	168.039
1132.1464	89.6646	166.684
1140.3504	89.6625	165.287
1148.6138	89.6615	163.838
1156.9371	89.6627	162.433
1165.3208	89.6623	161.005
1173.7652	89.6610	159.549
1182.2708	89.6607	158.083
1190.8380	89.6604	156.636
1199.4673	89.6594	155.162
1208.1591	89.6624	153.684
1216.9139	89.6593	152.175
1225.7322	89.6585	150.672
1234.6144	89.6589	149.151
1243.5609	89.6575	147.632
1252.5722	89.6584	146.094
1261.6489	89.6572	144.562
1270.7913	89.6568	142.979
1280.0000	89.6573	141.427
1289.2754	89.6610	139.840
1298.6180	89.6546	138.245
1308.0284	89.6569	136.646
1317.5069	89.6537	135.036
1327.0541	89.6546	133.424
1336.6704	89.6557	131.776
1346.3565	89.6514	130.125
1356.1128	89.6511	128.475
1365.9397	89.6525	126.808
1375.8379	89.6524	125.108
1385.8078	89.6514	123.410
1395.8499	89.6514	121.708
1405.9648	89.6467	120.015
1416.1530	89.6516	118.269
1426.4150	89.6469	116.523
1436.7514	89.6491	114.755
1447.1627	89.6452	112.991
1457.6495	89.6459	111.228
1468.2122	89.6484	109.430
1478.8515	89.6473	107.594
1489.5678	89.6436	105.822
1500.3618	89.6391	103.984
1511.2341	89.6421	102.139
1522.1851	89.6419	100.267
1533.2155	89.6424	98.397
1544.3258	89.6436	96.508
1555.5166	89.6378	94.652
1566.7885	89.6404	92.732
1578.1421	89.6358	90.800
1589.5780	89.6359	88.841
1601.0967	89.6385	86.907
1612.6989	89.6333	84.940
1624.3852	89.6376	82.989
1636.1562	89.6341	80.960
1648.0125	89.6326	78.969
1659.9546	89.6316	76.963
1671.9833	89.6321	74.942
1684.0992	89.6288	72.883
1696.3029	89.6265	70.828
1708.5950	89.6265	68.768
1720.9762	89.6275	66.673
1733.4471	89.6255	64.593
1746.0084	89.6237	62.461
1758.6607	89.6232	60.337
1771.4046	89.6220	58.184
1784.2410	89.6235	55.998
1797.1703	89.6190	53.832
1810.1934	89.6231	51.639
1823.3108	89.6192	49.447
1836.5232	89.6185	47.232
1849.8314	89.6201	44.985
1863.2361	89.6162	42.728
1876.7379	89.6182	40.451
1890.3375	89.6167	38.184
1904.0356	89.6157	35.880
1917.8331	89.6133	33.561
1931.7305	89.6114	31.215
1945.7286	89.6126	28.888
1959.8281	89.6132	26.506
1974.0299	89.6109	24.133
1988.3345	89.6131	21.746
2002.7428	89.6107	19.349
2017.2555	89.6108	16.884
2031.8733	89.6070	14.448
2046.5971	89.6096	11.999
2061.4276	89.6054	9.516
2076.3656	89.6051	6.997
2091.4118	89.6038	4.493
2106.5670	89.6058	1.980
2121.8321	89.6049	-0.558
2137.2077	89.6058	-3.129
2152.6948	89.6068	-5.712
2168.2941	89.6027	-8.335
2184.0065	89.6040	-10.895
2199.8327	89.6061	-13.580
2215.7736	89.6038	-16.216
2231.8300	89.6025	-18.903
2248.0028	89.6024	-21.579
2264.2927	89.6063	-24.271
2280.7007	89.6047	-27.013
2297.2276	89.6042	-29.751
2313.8743	89.6049	-32.521
2330.6416	89.6016	-35.297
2347.5304	89.6045	-38.079
2364.5415	89.6029	-40.914
2381.6760	89.6040	-43.747
2398.9346	89.6058	-46.592
2416.3182	89.6051	-49.475
2433.8279	89.6045	-52.369
2451.4644	89.6058	-55.270
2469.2287	89.6076	-58.200
2487.1218	89.6082	-61.155
2505.1445	89.6088	-64.124
2523.2978	89.6076	-67.104
2541.5826	89.6099	-70.122
2560.0000	89.6109	-73.155
2578.5508	89.6094	-76.193
2597.2361	89.6102	-79.255
2616.0567	89.6145	-82.340
2635.0137	89.6111	-85.460
2654.1081	89.6140	-88.592
2673.3409	89.6115	-91.734
2692.7130	89.6129	-94.913
2712.2255	89.6160	-98.090
2731.8794	89.6147	-101.320
2751.6758	89.6156	-104.563
2771.6155	89.6162	-107.811
2791.6998	89.6169	-111.086
2811.9296	89.6165	-114.384
2832.3060	89.6226	-117.700
2852.8301	89.6213	-121.032
2873.5028	89.6222	-124.396
2894.3254	89.6192	-127.788
2915.2989	89.6240	-131.202
2936.4244	89.6209	-134.629
2957.7029	89.6211	-138.084
2979.1356	89.6241	-141.547
3000.7237	89.6212	-145.046
3022.4682	89.6239	-148.555
3044.3702	89.6223	-152.116
3066.4310	89.6252	-155.665
3088.6516	89.6262	-159.273
3111.0332	89.6236	-162.873
3133.5771	89.6251	-166.519
3156.2843	89.6263	-170.175
3179.1560	89.6268	-173.882
3202.1935	89.6266	-177.600
3225.3979	89.6241	178.682
3248.7705	89.6270	174.922
3272.3124	89.6255	171.162
3296.0249	89.6272	167.336
3319.9093	89.6248	163.480
3343.9667	89.6273	159.639
3368.1985	89.6252	155.735
3392.6058	89.6243	151.855
3417.1900	89.6214	147.896
3441.9524	89.6215	143.932
3466.8942	89.6207	139.947
3492.0167	89.6215	135.910
3517.3213	89.6198	131.884
3542.8093	89.6206	127.818
3568.4820	89.6206	123.711
3594.3406	89.6182	119.606
3620.3867	89.6182	115.435
3646.6215	89.6152	111.246
3673.0465	89.6171	107.025
3699.6629	89.6155	102.814
3726.4721	89.6147	98.550
3753.4757	89.6127	94.254
3780.6749	89.6147	89.935
3808.0713	89.6092	85.571
3835.6661	89.6091	81.175
3863.4609	89.6082	76.774
3891.4572	89.6062	72.336
3919.6563	89.6086	67.863
3948.0597	89.6063	63.359
3976.6690	89.6060	58.829
4005.4856	89.6083	54.259
4034.5110	89.6064	49.674
4063.7467	89.6035	45.065
4093.1943	89.6047	40.381
4122.8552	89.6048	35.732
4152.7312	89.6049	30.999
4182.8236	89.6061	26.244
4213.1340	89.6016	21.471
4243.6641	89.6045	16.672
4274.4155	89.6038	11.825
4305.3896	89.6033	6.936
4336.5883	89.6086	2.043
4368.0130	89.6060	-2.902
4399.6654	89.6076	-7.876
4431.5472	89.6100	-12.883
4463.6600	89.6089	-17.901
4496.0055	89.6121	-22.987
4528.5854	89.6107	-28.077
4561.4014	89.6176	-33.213
4594.4552	89.6174	-38.403
4627.7485	89.6185	-43.578
4661.2831	89.6186	-48.819
4695.0607	89.6211	-54.097
4729.0830	89.6260	-59.406
4763.3519	89.6277	-64.733
4797.8691	89.6330	-70.108
4832.6365	89.6347	-75.514
4867.6558	89.6363	-80.947
4902.9288	89.6414	-86.416
4938.4574	89.6423	-91.934
4974.2435	89.6451	-97.474
5010.2890	89.6466	-103.044
5046.5956	89.6508	-108.675
5083.1653	89.6516	-114.308
5120.0000	89.6535	-120.011
5157.1016	89.6599	-125.730
5194.4721	89.6620	-131.487
5232.1134	89.6643	-137.287
5270.0275	89.6658	-143.118
5308.2162	89.6684	-149.002
5346.6818	89.6692	-154.903
5385.4260	89.6726	-160.849
5424.4510	89.6723	-166.835
5463.7589	89.6750	-172.875
5503.3515	89.6732	-178.941
5543.2311	89.6769	174.945
5583.3996	89.6781	168.801
5623.8592	89.6780	162.618
5664.6120	89.6789	156.388
5705.6601	89.6768	150.108
5747.0057	89.6780	143.803
5788.6509	89.6782	137.445
5830.5978	89.6756	131.038
5872.8487	89.6746	124.601
5915.4058	89.6755	118.114
5958.2713	89.6724	111.574
6001.4474	89.6707	105.007
6044.9363	89.6702	98.384
6088.7404	89.6671	91.706
6132.8620	89.6653	84.993
6177.3032	89.6640	78.235
6222.0665	89.6630	71.431
6267.1541	89.6615	64.573
6312.5685	89.6587	57.683
6358.3120	89.6565	50.716
6404.3869	89.6568	43.742
6450.7958	89.6535	36.692
6497.5409	89.6516	29.602
6544.6248	89.6520	22.456
6592.0498	89.6487	15.263
6639.8185	89.6492	8.030
6687.9334	89.6471	0.747
6736.3969	89.6503	-6.572
6785.2116	89.6479	-13.991
6834.3801	89.6480	-21.392
6883.9048	89.6474	-28.883
6933.7884	89.6493	-36.431
6984.0335	89.6468	-44.003
7034.6427	89.6496	-51.640
7085.6186	89.6490	-59.309
7136.9639	89.6520	-67.055
7188.6813	89.6531	-74.840
7240.7734	89.6547	-82.662
7293.2431	89.6551	-90.549
7346.0929	89.6564	-98.470
7399.3257	89.6562	-106.461
7452.9443	89.6581	-114.494
7506.9514	89.6565	-122.594
7561.3499	89.6594	-130.739
7616.1425	89.6591	-138.942
7671.3322	89.6566	-147.172
7726.9219	89.6591	-155.472
7782.9143	89.6576	-163.831
7839.3125	89.6582	-172.265
7896.1194	89.6549	179.280
7953.3380	89.6538	170.756
8010.9711	89.6548	162.153
8069.0219	89.6487	153.485
8127.4934	89.6465	144.800
8186.3886	89.6431	136.047
8245.7105	89.6395	127.198
8305.4623	89.6331	118.338
8365.6471	89.6318	109.355
8426.2680	89.6247	100.355
8487.3283	89.6247	91.271
8548.8309	89.6193	82.123
8610.7793	89.6136	72.931
8673.1765	89.6117	63.626
8736.0260	89.6061	54.297
8799.3308	89.6009	44.878
8863.0944	89.5985	35.408
8927.3200	89.5973	25.879
8992.0111	89.5921	16.252
9057.1709	89.5918	6.594
9122.8029	89.5905	-3.160
9188.9105	89.5889	-12.969
9255.4971	89.5878	-22.827
9322.5662	89.5904	-32.788
9390.1214	89.5885	-42.806
9458.1661	89.5882	-52.878
9526.7039	89.5912	-63.017
9595.7383	89.5943	-73.243
9665.2730	89.5975	-83.525
9735.3115	89.5983	-93.858
9805.8576	89.6012	-104.269
9876.9149	89.6062	-114.769
9948.4871	89.6095	-125.330
10020.5779	89.6106	-135.953
10093.1912	89.6130	-146.656
10166.3306	89.6151	-157.427
10240.0000	89.6150	-168.272
10314.2033	89.6161	-179.175
10388.9442	89.6182	169.822
10464.2268	89.6174	158.744
10540.0549	89.6200	147.605
10616.4325	89.6193	136.365
10693.3635	89.6197	125.056
10770.8521	89.6189	113.664
10848.9021	89.6173	102.180
10927.5177	89.6141	90.614
11006.7030	89.6138	78.961
11086.4621	89.6148	67.245
11166.7992	89.6119	55.430
11247.7184	89.6146	43.526
11329.2240	89.6154	31.531
11411.3202	89.6174	19.452
11494.0114	89.6176	7.293
11577.3017	89.6197	-4.959
11661.1956	89.6205	-17.299
11745.6975	89.6252	-29.716
11830.8116	89.6302	-42.227
11916.5426	89.6347	-54.812
12002.8947	89.6368	-67.493
12089.8727	89.6420	-80.245
12177.4809	89.6457	-93.117
12265.7239	89.6521	-106.026
12354.6064	89.6558	-119.075
12444.1330	89.6562	-132.174
12534.3083	89.6607	-145.374
12625.1370	89.6602	-158.663
12716.6240	89.6614	-172.063
12808.7739	89.6636	174.459
12901.5916	89.6612	160.865
12995.0818	89.6586	147.182
13089.2495	89.6586	133.425
13184.0996	89.6556	119.516
13279.6370	89.6491	105.553
13375.8668	89.6453	91.484
13472.7938	89.6427	77.282
13570.4232	89.6322	62.974
13668.7601	89.6308	48.552
13767.8096	89.6266	34.048
13867.5768	89.6222	19.417
13968.0670	89.6193	4.681
14069.2853	89.6165	-10.144
14171.2372	89.6144	-25.076
14273.9278	89.6138	-40.148
14377.3626	89.6106	-55.287
14481.5469	89.6100	-70.554
14586.4861	89.6113	-85.907
14692.1858	89.6115	-101.375
14798.6515	89.6069	-116.949
14905.8886	89.6078	-132.631
15013.9028	89.6074	-148.405
15122.6997	89.6056	-164.315
15232.2851	89.6040	179.646
15342.6645	89.5988	163.527
15453.8437	89.5959	147.271
15565.8287	89.5880	130.904
15678.6251	89.5838	114.380
15792.2389	89.5769	97.762
15906.6759	89.5721	81.020
16021.9423	89.5621	64.120
16138.0439	89.5626	47.079
16254.9868	89.5606	29.945
16372.7771	89.5598	12.676
16491.4210	89.5622	-4.748
16610.9246	89.5599	-22.257
16731.2942	89.5659	-39.917
16852.5361	89.5696	-57.694
16974.6565	89.5757	-75.570
17097.6619	89.5784	-93.620
17221.5586	89.5838	-111.774
17346.3531	89.5912	-130.046
17472.0519	89.5925	-148.467
17598.6616	89.5967	-167.005
17726.1888	89.5972	174.324
17854.6400	89.6009	155.501
17984.0221	89.6009	136.523
18114.3418	89.6020	117.416
18245.6057	89.5977	98.163
18377.8209	89.5951	78.719
18510.9942	89.5925	59.194
18645.1325	89.5935	39.472
18780.2428	89.5910	19.602
18916.3322	89.5938	-0.418
19053.4077	89.5944	-20.582
19191.4766	89.5959	-40.864
19330.5459	89.5951	-61.329
19470.6230	89.6004	-81.920
19611.7152	89.5967	-102.673
19753.8298	89.5952	-123.545
19896.9742	89.5935	-144.573
