* Helix DSP Ultra S, output layer — no filter — the set's reference.
* ELECTRICAL loop, no microphone: Scarlett 2i2 out L -> Helix line in,
* Helix line out -> Scarlett in 1; out R -> in 2 direct as the timing
* reference, timing offset 0. Everything else in the channel off; no gain,
* level or routing changed within a set, so the ratio to '-bypass' is the
* filter alone.
* REW V5.40 beta 132 measurement 'g0_bypass', 2026-Sep-01 12:03:08, 512k sweep, 1 average, -20 dBFS, 96 kHz,
* 10 Hz - 30 kHz, loopback timing reference. SNR 45.3 dB, delay 0.4039 ms.
* Levels are REW's electrical dB (splOffset 102.34); only ratios within a set carry meaning.
* frequency_Hz<TAB>dB<TAB>phase_deg — REW's UNSMOOTHED raw spectrum (linear bins) resampled to 1/96 octave by complex averaging within each cell,
* with the measurement's own delay removed before averaging and restored after, so the cell average carries no rotation loss.
20.0000	88.0068	56.921
20.1449	88.0247	56.522
20.2909	88.0429	56.113
20.4379	88.0699	55.536
20.5860	88.0794	55.317
20.7352	88.0977	54.923
20.8855	88.1150	54.558
21.0368	88.1347	54.137
21.1893	88.1595	53.623
21.3428	88.1715	53.354
21.4975	88.1896	52.963
21.6532	88.2025	52.683
21.8102	88.2250	52.183
21.9682	88.2432	51.784
22.1274	88.2592	51.407
22.2877	88.2814	50.907
22.4492	88.2921	50.639
22.6119	88.3081	50.259
22.7758	88.3174	50.032
22.9408	88.3394	49.504
23.1071	88.3517	49.205
23.2745	88.3698	48.758
23.4432	88.3845	48.400
23.6130	88.3994	48.021
23.7841	88.4157	47.616
23.9565	88.4281	47.292
24.1301	88.4455	46.853
24.3049	88.4560	46.571
24.4811	88.4740	46.111
24.6585	88.4831	45.860
24.8372	88.5015	45.390
25.0171	88.5098	45.158
25.1984	88.5282	44.686
25.3810	88.5360	44.464
25.5649	88.5539	43.999
25.7502	88.5617	43.776
25.9368	88.5788	43.328
26.1247	88.5868	43.096
26.3141	88.6027	42.672
26.5047	88.6114	42.424
26.6968	88.6260	42.033
26.8903	88.6358	41.760
27.0851	88.6490	41.407
27.2814	88.6602	41.101
27.4791	88.6718	40.793
27.6782	88.6846	40.444
27.8788	88.6940	40.185
28.0808	88.7083	39.787
28.2843	88.7151	39.585
28.4892	88.7349	39.025
28.6957	88.7415	38.809
28.9036	88.7535	38.448
29.1131	88.7623	38.166
29.3240	88.7712	37.884
29.5365	88.7824	37.531
29.7506	88.7884	37.331
29.9661	88.8051	36.820
30.1833	88.8117	36.590
30.4020	88.8209	36.288
30.6223	88.8301	35.973
30.8442	88.8359	35.768
31.0677	88.8507	35.295
31.2929	88.8575	35.069
31.5196	88.8660	34.802
31.7480	88.8821	34.346
31.9781	88.8873	34.175
32.2098	88.8982	33.854
32.4432	88.9068	33.567
32.6783	88.9127	33.360
32.9151	88.9246	32.906
33.1536	88.9296	32.657
33.3939	88.9341	32.435
33.6359	88.9429	32.024
33.8796	88.9480	31.806
34.1251	88.9530	31.599
34.3724	88.9654	31.219
34.6215	88.9730	30.994
34.8723	88.9794	30.797
35.1250	88.9930	30.403
35.3796	88.9999	30.146
35.6359	89.0044	29.969
35.8942	89.0132	29.582
36.1543	89.0209	29.215
36.4163	89.0246	29.040
36.6802	89.0293	28.829
36.9460	89.0394	28.491
37.2137	89.0467	28.266
37.4834	89.0512	28.113
37.7550	89.0632	27.767
38.0286	89.0741	27.416
38.3041	89.0797	27.192
38.5817	89.0835	27.028
38.8613	89.0917	26.689
39.1429	89.0997	26.360
39.4265	89.1080	26.038
39.7122	89.1118	25.874
40.0000	89.1166	25.677
40.2899	89.1250	25.359
40.5818	89.1329	25.045
40.8759	89.1403	24.735
41.1721	89.1434	24.580
41.4704	89.1475	24.388
41.7710	89.1549	24.088
42.0736	89.1622	23.789
42.3785	89.1689	23.491
42.6856	89.1722	23.306
42.9949	89.1747	23.152
43.3065	89.1798	22.864
43.6203	89.1845	22.585
43.9364	89.1895	22.314
44.2548	89.1950	22.046
44.5755	89.2007	21.779
44.8985	89.2060	21.513
45.2238	89.2084	21.361
45.5515	89.2109	21.204
45.8816	89.2158	20.948
46.2141	89.2211	20.696
46.5490	89.2270	20.445
46.8863	89.2332	20.191
47.2261	89.2389	19.934
47.5683	89.2435	19.677
47.9130	89.2472	19.426
48.2602	89.2506	19.185
48.6099	89.2544	18.951
48.9621	89.2592	18.721
49.3169	89.2648	18.491
49.6743	89.2705	18.258
50.0343	89.2758	18.023
50.3968	89.2804	17.788
50.7620	89.2845	17.557
51.1299	89.2881	17.330
51.5004	89.2915	17.108
51.8736	89.2948	16.890
52.2495	89.2979	16.676
52.6281	89.3009	16.466
53.0095	89.3039	16.261
53.3936	89.3073	16.060
53.7805	89.3112	15.861
54.1702	89.3158	15.661
54.5628	89.3204	15.455
54.9581	89.3245	15.245
55.3564	89.3274	15.033
55.7575	89.3291	14.825
56.1616	89.3303	14.627
56.5685	89.3338	14.372
56.9785	89.3397	14.115
57.3914	89.3439	13.913
57.8072	89.3470	13.707
58.2261	89.3487	13.503
58.6481	89.3501	13.309
59.0730	89.3522	13.123
59.5011	89.3578	12.871
59.9323	89.3635	12.605
60.3666	89.3654	12.403
60.8040	89.3661	12.210
61.2446	89.3666	12.028
61.6884	89.3696	11.802
62.1355	89.3746	11.572
62.5857	89.3781	11.392
63.0392	89.3809	11.210
63.4960	89.3847	10.977
63.9562	89.3889	10.745
64.4196	89.3918	10.565
64.8864	89.3940	10.383
65.3566	89.3959	10.149
65.8302	89.3977	9.926
66.3073	89.3995	9.758
66.7877	89.4032	9.540
67.2717	89.4071	9.316
67.7592	89.4095	9.142
68.2502	89.4124	8.917
68.7448	89.4146	8.696
69.2429	89.4157	8.531
69.7447	89.4187	8.330
70.2501	89.4239	8.128
70.7591	89.4282	7.959
71.2719	89.4325	7.727
71.7884	89.4330	7.495
72.3086	89.4312	7.293
72.8325	89.4312	7.113
73.3603	89.4352	6.933
73.8919	89.4404	6.737
74.4274	89.4432	6.570
74.9667	89.4450	6.357
75.5099	89.4454	6.155
76.0571	89.4466	5.964
76.6083	89.4492	5.773
77.1634	89.4520	5.572
77.7226	89.4533	5.329
78.2858	89.4533	5.140
78.8531	89.4549	4.961
79.4245	89.4580	4.779
80.0000	89.4609	4.584
80.5797	89.4621	4.386
81.1636	89.4618	4.198
81.7518	89.4625	3.991
82.3442	89.4644	3.815
82.9409	89.4668	3.633
83.5419	89.4692	3.447
84.1473	89.4717	3.257
84.7570	89.4746	3.024
85.3712	89.4751	2.824
85.9899	89.4745	2.638
86.6130	89.4761	2.438
87.2406	89.4814	2.228
87.8728	89.4846	2.034
88.5096	89.4855	1.843
89.1509	89.4865	1.639
89.7970	89.4892	1.443
90.4477	89.4912	1.272
91.1031	89.4934	1.103
91.7633	89.4975	0.905
92.4282	89.5002	0.688
93.0980	89.4992	0.476
93.7726	89.4978	0.305
94.4521	89.4978	0.142
95.1366	89.5002	-0.048
95.8260	89.5030	-0.260
96.5204	89.5021	-0.477
97.2198	89.5005	-0.660
97.9243	89.5057	-0.833
98.6339	89.5131	-1.055
99.3486	89.5133	-1.292
100.0685	89.5108	-1.486
100.7937	89.5128	-1.662
101.5241	89.5164	-1.856
102.2598	89.5181	-2.057
103.0008	89.5180	-2.251
103.7472	89.5180	-2.429
104.4990	89.5209	-2.607
105.2562	89.5237	-2.809
106.0189	89.5226	-3.011
106.7872	89.5222	-3.189
107.5610	89.5251	-3.379
108.3404	89.5258	-3.589
109.1255	89.5245	-3.800
109.9163	89.5263	-4.010
110.7128	89.5264	-4.210
111.5151	89.5262	-4.395
112.3231	89.5282	-4.579
113.1371	89.5301	-4.790
113.9569	89.5320	-4.993
114.7827	89.5340	-5.188
115.6145	89.5331	-5.383
116.4523	89.5337	-5.562
117.2961	89.5391	-5.763
118.1461	89.5402	-5.969
119.0022	89.5407	-6.172
119.8646	89.5430	-6.391
120.7332	89.5411	-6.595
121.6080	89.5396	-6.786
122.4893	89.5415	-6.984
123.3769	89.5418	-7.191
124.2709	89.5426	-7.389
125.1714	89.5440	-7.593
126.0785	89.5451	-7.793
126.9921	89.5476	-7.998
127.9123	89.5491	-8.210
128.8392	89.5498	-8.415
129.7728	89.5505	-8.620
130.7132	89.5507	-8.813
131.6604	89.5530	-9.005
132.6145	89.5547	-9.211
133.5755	89.5559	-9.425
134.5434	89.5571	-9.634
135.5184	89.5571	-9.841
136.5004	89.5571	-10.062
137.4895	89.5565	-10.258
138.4858	89.5595	-10.458
139.4894	89.5592	-10.678
140.5002	89.5636	-10.864
141.5183	89.5684	-11.095
142.5438	89.5659	-11.307
143.5767	89.5661	-11.525
144.6171	89.5621	-11.733
145.6651	89.5643	-11.944
146.7206	89.5591	-12.170
147.7838	89.5623	-12.353
148.8547	89.5652	-12.595
149.9334	89.5628	-12.798
151.0199	89.5680	-13.026
152.1142	89.5643	-13.262
153.2165	89.5678	-13.450
154.3268	89.5688	-13.691
155.4451	89.5712	-13.890
156.5715	89.5726	-14.163
157.7061	89.5691	-14.354
158.8489	89.5738	-14.587
160.0000	89.5702	-14.821
161.1594	89.5703	-15.019
162.3273	89.5757	-15.220
163.5035	89.5811	-15.488
164.6884	89.5776	-15.726
165.8818	89.5772	-15.928
167.0838	89.5798	-16.133
168.2946	89.5790	-16.378
169.5141	89.5791	-16.583
170.7425	89.5815	-16.833
171.9797	89.5786	-17.065
173.2260	89.5795	-17.295
174.4812	89.5807	-17.516
175.7456	89.5833	-17.752
177.0191	89.5853	-17.994
178.3019	89.5842	-18.250
179.5939	89.5834	-18.494
180.8953	89.5802	-18.743
182.2062	89.5811	-18.953
183.5265	89.5863	-19.197
184.8564	89.5868	-19.441
186.1960	89.5899	-19.684
187.5452	89.5877	-19.929
188.9043	89.5901	-20.151
190.2731	89.5904	-20.424
191.6519	89.5891	-20.685
193.0407	89.5895	-20.922
194.4396	89.5913	-21.184
195.8486	89.5905	-21.403
197.2678	89.5956	-21.647
198.6972	89.5957	-21.915
200.1371	89.5953	-22.167
201.5874	89.5910	-22.430
203.0482	89.5930	-22.655
204.5195	89.5946	-22.919
206.0016	89.5976	-23.201
207.4943	89.5914	-23.459
208.9979	89.5953	-23.690
210.5124	89.5961	-23.969
212.0379	89.5986	-24.239
213.5744	89.5984	-24.529
215.1220	89.5965	-24.799
216.6809	89.5972	-25.031
218.2510	89.5975	-25.309
219.8326	89.5995	-25.569
221.4256	89.5970	-25.844
223.0301	89.5989	-26.134
224.6463	89.6005	-26.448
226.2742	89.5905	-26.720
227.9138	89.5977	-26.940
229.5654	89.6010	-27.237
231.2289	89.6031	-27.508
232.9045	89.6026	-27.792
234.5922	89.6045	-28.080
236.2922	89.6035	-28.375
238.0045	89.6021	-28.629
239.7291	89.6061	-28.921
241.4663	89.6057	-29.205
243.2161	89.6047	-29.496
244.9785	89.6040	-29.821
246.7537	89.6062	-30.076
248.5418	89.6122	-30.398
250.3428	89.6107	-30.667
252.1569	89.6100	-30.953
253.9842	89.6167	-31.277
255.8246	89.6070	-31.626
257.6785	89.6116	-31.898
259.5457	89.6129	-32.180
261.4265	89.6061	-32.424
263.3209	89.6041	-32.759
265.2290	89.5879	-33.156
267.1510	89.6285	-33.667
269.0869	89.5713	-33.987
271.0368	89.5985	-34.128
273.0008	89.6117	-34.357
274.9791	89.6072	-34.693
276.9717	89.6056	-35.025
278.9788	89.6119	-35.348
281.0003	89.6119	-35.700
283.0366	89.6189	-35.957
285.0876	89.6156	-36.276
287.1535	89.6185	-36.641
289.2343	89.6116	-36.980
291.3302	89.6158	-37.308
293.4413	89.6158	-37.648
295.5677	89.6122	-37.963
297.7095	89.6150	-38.307
299.8668	89.6171	-38.651
302.0398	89.6199	-39.017
304.2285	89.6208	-39.377
306.4330	89.6170	-39.711
308.6536	89.6199	-40.066
310.8902	89.6154	-40.450
313.1431	89.6185	-40.795
315.4122	89.6185	-41.097
317.6978	89.6230	-41.457
320.0000	89.6219	-41.835
322.3189	89.6193	-42.209
324.6545	89.6222	-42.570
327.0071	89.6204	-42.940
329.3767	89.6202	-43.283
331.7635	89.6249	-43.683
334.1676	89.6245	-44.043
336.5891	89.6269	-44.431
339.0282	89.6216	-44.815
341.4849	89.6233	-45.164
343.9595	89.6223	-45.547
346.4519	89.6224	-45.934
348.9625	89.6238	-46.329
351.4912	89.6215	-46.687
354.0383	89.6264	-47.132
356.6038	89.6250	-47.540
359.1879	89.6223	-47.936
361.7907	89.6224	-48.303
364.4124	89.6275	-48.714
367.0530	89.6274	-49.141
369.7129	89.6293	-49.537
372.3920	89.6310	-49.941
375.0905	89.6284	-50.343
377.8085	89.6290	-50.756
380.5463	89.6267	-51.201
383.3039	89.6296	-51.599
386.0814	89.6281	-52.039
388.8792	89.6305	-52.456
391.6971	89.6312	-52.887
394.5355	89.6332	-53.309
397.3945	89.6298	-53.734
400.2742	89.6282	-54.176
403.1747	89.6274	-54.617
406.0963	89.6293	-55.072
409.0390	89.6316	-55.498
412.0031	89.6330	-55.969
414.9887	89.6323	-56.447
417.9958	89.6304	-56.879
421.0248	89.6343	-57.325
424.0757	89.6314	-57.801
427.1488	89.6358	-58.261
430.2440	89.6317	-58.729
433.3618	89.6332	-59.205
436.5021	89.6310	-59.675
439.6652	89.6362	-60.139
442.8512	89.6328	-60.639
446.0602	89.6336	-61.110
449.2926	89.6363	-61.606
452.5483	89.6352	-62.075
455.8277	89.6337	-62.584
459.1308	89.6285	-63.092
462.4579	89.6332	-63.578
465.8090	89.6334	-64.071
469.1845	89.6402	-64.573
472.5844	89.6383	-65.088
476.0089	89.6375	-65.595
479.4583	89.6341	-66.136
482.9326	89.6359	-66.641
486.4321	89.6356	-67.167
489.9570	89.6371	-67.677
493.5075	89.6400	-68.238
497.0836	89.6385	-68.749
500.6857	89.6345	-69.284
504.3139	89.6372	-69.827
507.9683	89.6408	-70.378
511.6493	89.6379	-70.923
515.3569	89.6396	-71.473
519.0914	89.6417	-72.010
522.8529	89.6393	-72.576
526.6418	89.6426	-73.158
530.4580	89.6371	-73.708
534.3019	89.6330	-74.323
538.1737	89.6392	-74.855
542.0735	89.6420	-75.464
546.0016	89.6378	-76.010
549.9582	89.6442	-76.624
553.9434	89.6430	-77.217
557.9575	89.6454	-77.796
562.0007	89.6447	-78.403
566.0732	89.6439	-79.007
570.1752	89.6433	-79.576
574.3069	89.6439	-80.186
578.4686	89.6429	-80.802
582.6604	89.6471	-81.436
586.8826	89.6459	-82.054
591.1354	89.6455	-82.691
595.4190	89.6470	-83.314
599.7336	89.6461	-83.967
604.0796	89.6461	-84.587
608.4570	89.6455	-85.228
612.8661	89.6463	-85.885
617.3072	89.6473	-86.549
621.7804	89.6473	-87.189
626.2861	89.6472	-87.865
630.8244	89.6514	-88.544
635.3957	89.6518	-89.201
640.0000	89.6487	-89.880
644.6377	89.6451	-90.585
649.3090	89.6499	-91.264
654.0142	89.6511	-91.939
658.7534	89.6482	-92.637
663.5270	89.6499	-93.329
668.3352	89.6485	-94.035
673.1783	89.6490	-94.737
678.0564	89.6521	-95.440
682.9699	89.6510	-96.175
687.9189	89.6534	-96.909
692.9039	89.6524	-97.632
697.9249	89.6509	-98.386
702.9824	89.6527	-99.112
708.0765	89.6508	-99.864
713.2075	89.6526	-100.602
718.3757	89.6501	-101.374
723.5814	89.6514	-102.113
728.8247	89.6531	-102.879
734.1061	89.6569	-103.650
739.4257	89.6502	-104.438
744.7839	89.6536	-105.216
750.1809	89.6521	-106.014
755.6170	89.6532	-106.806
761.0926	89.6541	-107.581
766.6077	89.6547	-108.383
772.1629	89.6569	-109.220
777.7583	89.6527	-110.043
783.3943	89.6561	-110.842
789.0711	89.6563	-111.692
794.7890	89.6555	-112.509
800.5484	89.6574	-113.343
806.3495	89.6560	-114.228
812.1926	89.6551	-115.038
818.0781	89.6580	-115.907
824.0062	89.6597	-116.753
829.9773	89.6564	-117.638
835.9917	89.6554	-118.509
842.0496	89.6577	-119.369
848.1515	89.6590	-120.280
854.2975	89.6579	-121.154
860.4881	89.6589	-122.063
866.7236	89.6555	-122.974
873.0042	89.6593	-123.885
879.3303	89.6582	-124.807
885.7023	89.6581	-125.727
892.1205	89.6583	-126.665
898.5852	89.6612	-127.599
905.0967	89.6598	-128.547
911.6554	89.6554	-129.495
918.2616	89.6600	-130.463
924.9157	89.6580	-131.435
931.6180	89.6556	-132.397
938.3689	89.6641	-133.377
945.1687	89.6591	-134.353
952.0178	89.6585	-135.334
958.9165	89.6591	-136.336
965.8652	89.6610	-137.333
972.8643	89.6626	-138.375
979.9141	89.6597	-139.389
987.0149	89.6597	-140.432
994.1672	89.6628	-141.463
1001.3714	89.6561	-142.503
1008.6277	89.6616	-143.535
1015.9367	89.6590	-144.609
1023.2986	89.6587	-145.689
1030.7138	89.6588	-146.714
1038.1828	89.6664	-147.809
1045.7059	89.6605	-148.922
1053.2835	89.6612	-149.993
1060.9160	89.6598	-151.080
1068.6039	89.6648	-152.204
1076.3474	89.6566	-153.314
1084.1471	89.6611	-154.464
1092.0032	89.6659	-155.561
1099.9164	89.6630	-156.735
1107.8868	89.6624	-157.878
1115.9150	89.6602	-159.036
1124.0014	89.6673	-160.226
1132.1464	89.6566	-161.388
1140.3504	89.6617	-162.582
1148.6138	89.6601	-163.796
1156.9371	89.6614	-164.971
1165.3208	89.6606	-166.172
1173.7652	89.6603	-167.423
1182.2708	89.6588	-168.636
1190.8380	89.6604	-169.854
1199.4673	89.6633	-171.151
1208.1591	89.6592	-172.351
1216.9139	89.6597	-173.609
1225.7322	89.6599	-174.902
1234.6144	89.6631	-176.173
1243.5609	89.6578	-177.487
1252.5722	89.6589	-178.776
1261.6489	89.6582	179.940
1270.7913	89.6604	178.602
1280.0000	89.6596	177.251
1289.2754	89.6631	175.939
1298.6180	89.6637	174.592
1308.0284	89.6589	173.248
1317.5069	89.6571	171.891
1327.0541	89.6589	170.500
1336.6704	89.6537	169.124
1346.3565	89.6568	167.682
1356.1128	89.6582	166.291
1365.9397	89.6578	164.884
1375.8379	89.6551	163.500
1385.8078	89.6575	162.030
1395.8499	89.6536	160.596
1405.9648	89.6539	159.113
1416.1530	89.6547	157.647
1426.4150	89.6544	156.179
1436.7514	89.6572	154.705
1447.1627	89.6534	153.185
1457.6495	89.6537	151.680
1468.2122	89.6561	150.170
1478.8515	89.6495	148.631
1489.5678	89.6543	147.086
1500.3618	89.6524	145.504
1511.2341	89.6533	143.957
1522.1851	89.6496	142.381
1533.2155	89.6485	140.796
1544.3258	89.6479	139.187
1555.5166	89.6474	137.601
1566.7885	89.6504	135.967
1578.1421	89.6479	134.325
1589.5780	89.6496	132.667
1601.0967	89.6468	131.004
1612.6989	89.6483	129.362
1624.3852	89.6449	127.631
1636.1562	89.6465	125.967
1648.0125	89.6434	124.287
1659.9546	89.6442	122.531
1671.9833	89.6422	120.821
1684.0992	89.6425	119.059
1696.3029	89.6429	117.293
1708.5950	89.6387	115.539
1720.9762	89.6428	113.753
1733.4471	89.6380	111.982
1746.0084	89.6359	110.201
1758.6607	89.6374	108.337
1771.4046	89.6365	106.498
1784.2410	89.6373	104.653
1797.1703	89.6354	102.791
1810.1934	89.6331	100.936
1823.3108	89.6358	99.044
1836.5232	89.6319	97.137
1849.8314	89.6316	95.194
1863.2361	89.6306	93.273
1876.7379	89.6285	91.344
1890.3375	89.6298	89.391
1904.0356	89.6260	87.414
1917.8331	89.6244	85.412
1931.7305	89.6281	83.425
1945.7286	89.6250	81.423
1959.8281	89.6231	79.392
1974.0299	89.6210	77.329
1988.3345	89.6218	75.290
2002.7428	89.6211	73.197
2017.2555	89.6190	71.104
2031.8733	89.6199	69.009
2046.5971	89.6188	66.866
2061.4276	89.6198	64.744
2076.3656	89.6190	62.600
2091.4118	89.6187	60.421
2106.5670	89.6150	58.241
2121.8321	89.6143	56.055
2137.2077	89.6125	53.833
2152.6948	89.6155	51.620
2168.2941	89.6110	49.341
2184.0065	89.6104	47.097
2199.8327	89.6085	44.800
2215.7736	89.6085	42.512
2231.8300	89.6082	40.183
2248.0028	89.6057	37.865
2264.2927	89.6056	35.516
2280.7007	89.6084	33.157
2297.2276	89.6037	30.781
2313.8743	89.6012	28.392
2330.6416	89.6050	25.968
2347.5304	89.6070	23.540
2364.5415	89.6008	21.067
2381.6760	89.6019	18.613
2398.9346	89.6033	16.129
2416.3182	89.6033	13.592
2433.8279	89.5969	11.091
2451.4644	89.6017	8.560
2469.2287	89.6004	5.993
2487.1218	89.6010	3.425
2505.1445	89.6001	0.816
2523.2978	89.5987	-1.770
2541.5826	89.5992	-4.438
2560.0000	89.6003	-7.074
2578.5508	89.6014	-9.769
2597.2361	89.5977	-12.448
2616.0567	89.5967	-15.154
2635.0137	89.5985	-17.890
2654.1081	89.5984	-20.623
2673.3409	89.5949	-23.430
2692.7130	89.5976	-26.210
2712.2255	89.5972	-29.017
2731.8794	89.5962	-31.840
2751.6758	89.5986	-34.695
2771.6155	89.5998	-37.548
2791.6998	89.6011	-40.440
2811.9296	89.5999	-43.358
2832.3060	89.5994	-46.289
2852.8301	89.6000	-49.256
2873.5028	89.6033	-52.217
2894.3254	89.6007	-55.226
2915.2989	89.6012	-58.226
2936.4244	89.6036	-61.266
2957.7029	89.6049	-64.314
2979.1356	89.6051	-67.402
3000.7237	89.6054	-70.500
3022.4682	89.6075	-73.651
3044.3702	89.6059	-76.808
3066.4310	89.6079	-79.958
3088.6516	89.6120	-83.157
3111.0332	89.6073	-86.378
3133.5771	89.6097	-89.604
3156.2843	89.6125	-92.872
3179.1560	89.6135	-96.161
3202.1935	89.6123	-99.458
3225.3979	89.6166	-102.813
3248.7705	89.6165	-106.148
3272.3124	89.6184	-109.545
3296.0249	89.6169	-112.936
3319.9093	89.6160	-116.374
3343.9667	89.6187	-119.816
3368.1985	89.6219	-123.289
3392.6058	89.6230	-126.814
3417.1900	89.6230	-130.325
3441.9524	89.6237	-133.895
3466.8942	89.6242	-137.447
3492.0167	89.6250	-141.049
3517.3213	89.6240	-144.697
3542.8093	89.6280	-148.343
3568.4820	89.6275	-152.018
3594.3406	89.6280	-155.735
3620.3867	89.6282	-159.477
3646.6215	89.6284	-163.227
3673.0465	89.6286	-167.008
3699.6629	89.6280	-170.823
3726.4721	89.6319	-174.674
3753.4757	89.6294	-178.557
3780.6749	89.6292	177.568
3808.0713	89.6309	173.628
3835.6661	89.6290	169.686
3863.4609	89.6312	165.699
3891.4572	89.6328	161.674
3919.6563	89.6309	157.633
3948.0597	89.6315	153.569
3976.6690	89.6308	149.465
4005.4856	89.6333	145.335
4034.5110	89.6313	141.172
4063.7467	89.6339	136.982
4093.1943	89.6334	132.748
4122.8552	89.6322	128.504
4152.7312	89.6308	124.219
4182.8236	89.6276	119.899
4213.1340	89.6292	115.574
4243.6641	89.6290	111.176
4274.4155	89.6281	106.765
4305.3896	89.6274	102.304
4336.5883	89.6267	97.851
4368.0130	89.6258	93.320
4399.6654	89.6244	88.781
4431.5472	89.6260	84.215
4463.6600	89.6222	79.589
4496.0055	89.6251	74.959
4528.5854	89.6215	70.277
4561.4014	89.6224	65.556
4594.4552	89.6235	60.802
4627.7485	89.6217	56.031
4661.2831	89.6225	51.193
4695.0607	89.6213	46.334
4729.0830	89.6218	41.452
4763.3519	89.6213	36.523
4797.8691	89.6208	31.572
4832.6365	89.6214	26.572
4867.6558	89.6211	21.519
4902.9288	89.6251	16.456
4938.4574	89.6217	11.346
4974.2435	89.6248	6.194
5010.2890	89.6235	1.022
5046.5956	89.6256	-4.215
5083.1653	89.6254	-9.470
5120.0000	89.6255	-14.755
5157.1016	89.6300	-20.088
5194.4721	89.6308	-25.464
5232.1134	89.6348	-30.880
5270.0275	89.6368	-36.339
5308.2162	89.6358	-41.835
5346.6818	89.6381	-47.357
5385.4260	89.6430	-52.921
5424.4510	89.6450	-58.519
5463.7589	89.6469	-64.174
5503.3515	89.6460	-69.860
5543.2311	89.6531	-75.581
5583.3996	89.6530	-81.338
5623.8592	89.6555	-87.156
5664.6120	89.6600	-93.012
5705.6601	89.6616	-98.884
5747.0057	89.6645	-104.815
5788.6509	89.6657	-110.791
5830.5978	89.6689	-116.806
5872.8487	89.6726	-122.875
5915.4058	89.6739	-128.955
5958.2713	89.6780	-135.095
6001.4474	89.6771	-141.285
6044.9363	89.6780	-147.511
6088.7404	89.6828	-153.783
6132.8620	89.6829	-160.101
6177.3032	89.6820	-166.469
6222.0665	89.6834	-172.874
6267.1541	89.6849	-179.335
6312.5685	89.6827	174.185
6358.3120	89.6855	167.630
6404.3869	89.6830	161.046
6450.7958	89.6835	154.389
6497.5409	89.6817	147.690
6544.6248	89.6797	140.950
6592.0498	89.6800	134.168
6639.8185	89.6776	127.320
6687.9334	89.6746	120.405
6736.3969	89.6734	113.484
6785.2116	89.6715	106.482
6834.3801	89.6675	99.435
6883.9048	89.6651	92.341
6933.7884	89.6621	85.183
6984.0335	89.6585	77.973
7034.6427	89.6586	70.716
7085.6186	89.6563	63.400
7136.9639	89.6492	56.032
7188.6813	89.6475	48.614
7240.7734	89.6461	41.129
7293.2431	89.6410	33.590
7346.0929	89.6401	26.002
7399.3257	89.6384	18.358
7452.9443	89.6357	10.654
7506.9514	89.6330	2.900
7561.3499	89.6320	-4.923
7616.1425	89.6294	-12.796
7671.3322	89.6319	-20.713
7726.9219	89.6306	-28.700
7782.9143	89.6303	-36.748
7839.3125	89.6282	-44.835
7896.1194	89.6270	-52.994
7953.3380	89.6303	-61.205
8010.9711	89.6276	-69.496
8069.0219	89.6295	-77.811
8127.4934	89.6295	-86.202
8186.3886	89.6305	-94.636
8245.7105	89.6295	-103.146
8305.4623	89.6309	-111.720
8365.6471	89.6321	-120.337
8426.2680	89.6316	-129.007
8487.3283	89.6333	-137.788
8548.8309	89.6299	-146.580
8610.7793	89.6314	-155.452
8673.1765	89.6305	-164.368
8736.0260	89.6286	-173.377
8799.3308	89.6265	177.566
8863.0944	89.6264	168.437
8927.3200	89.6242	159.250
8992.0111	89.6213	149.987
9057.1709	89.6183	140.641
9122.8029	89.6173	131.247
9188.9105	89.6148	121.792
9255.4971	89.6101	112.254
9322.5662	89.6052	102.637
9390.1214	89.6026	92.946
9458.1661	89.5987	83.178
9526.7039	89.5983	73.351
9595.7383	89.5953	63.439
9665.2730	89.5888	53.457
9735.3115	89.5891	43.409
9805.8576	89.5901	33.263
9876.9149	89.5875	23.059
9948.4871	89.5848	12.776
10020.5779	89.5863	2.417
10093.1912	89.5869	-8.023
10166.3306	89.5857	-18.504
10240.0000	89.5908	-29.101
10314.2033	89.5924	-39.766
10388.9442	89.5955	-50.522
10464.2268	89.6002	-61.324
10540.0549	89.6048	-72.232
10616.4325	89.6058	-83.182
10693.3635	89.6115	-94.225
10770.8521	89.6158	-105.349
10848.9021	89.6201	-116.537
10927.5177	89.6233	-127.823
11006.7030	89.6267	-139.159
11086.4621	89.6317	-150.601
11166.7992	89.6339	-162.137
11247.7184	89.6373	-173.719
11329.2240	89.6379	174.602
11411.3202	89.6398	162.831
11494.0114	89.6415	150.967
11577.3017	89.6400	139.009
11661.1956	89.6431	126.958
11745.6975	89.6402	114.859
11830.8116	89.6413	102.623
11916.5426	89.6387	90.311
12002.8947	89.6397	77.897
12089.8727	89.6386	65.386
12177.4809	89.6389	52.811
12265.7239	89.6378	40.107
12354.6064	89.6376	27.328
12444.1330	89.6363	14.418
12534.3083	89.6365	1.438
12625.1370	89.6388	-11.641
12716.6240	89.6415	-24.805
12808.7739	89.6424	-38.089
12901.5916	89.6414	-51.452
12995.0818	89.6449	-64.897
13089.2495	89.6477	-78.459
13184.0996	89.6503	-92.119
13279.6370	89.6528	-105.849
13375.8668	89.6541	-119.676
13472.7938	89.6543	-133.626
13570.4232	89.6552	-147.662
13668.7601	89.6539	-161.818
13767.8096	89.6522	-176.065
13867.5768	89.6444	169.615
13968.0670	89.6437	155.162
14069.2853	89.6379	140.576
14171.2372	89.6328	125.901
14273.9278	89.6270	111.109
14377.3626	89.6218	96.212
14481.5469	89.6168	81.185
14586.4861	89.6078	66.048
14692.1858	89.6016	50.784
14798.6515	89.5945	35.409
14905.8886	89.5903	19.927
15013.9028	89.5879	4.327
15122.6997	89.5837	-11.416
15232.2851	89.5839	-27.262
15342.6645	89.5848	-43.184
15453.8437	89.5818	-59.272
15565.8287	89.5851	-75.448
15678.6251	89.5826	-91.759
15792.2389	89.5851	-108.177
15906.6759	89.5868	-124.700
16021.9423	89.5873	-141.339
16138.0439	89.5844	-158.117
16254.9868	89.5864	-175.011
16372.7771	89.5863	167.970
16491.4210	89.5833	150.827
16610.9246	89.5819	133.539
16731.2942	89.5796	116.117
16852.5361	89.5768	98.557
16974.6565	89.5742	80.876
17097.6619	89.5727	63.012
17221.5586	89.5720	45.062
17346.3531	89.5698	26.940
17472.0519	89.5742	8.678
17598.6616	89.5777	-9.710
17726.1888	89.5805	-28.240
17854.6400	89.5881	-46.883
17984.0221	89.5917	-65.688
18114.3418	89.5982	-84.615
18245.6057	89.6051	-103.679
18377.8209	89.6066	-122.868
18510.9942	89.6105	-142.228
18645.1325	89.6139	-161.692
18780.2428	89.6111	178.664
18916.3322	89.6099	158.900
19053.4077	89.6105	138.971
19191.4766	89.6045	118.875
19330.5459	89.5974	98.633
19470.6230	89.5942	78.213
19611.7152	89.5885	57.652
19753.8298	89.5812	36.914
19896.9742	89.5761	16.024
