* Helix DSP Ultra S, output layer — no filter — the set's reference.
* ELECTRICAL loop, no microphone: Scarlett 2i2 out L -> Helix line in,
* Helix line out -> Scarlett in 1; out R -> in 2 direct as the timing
* reference, timing offset 0. Everything else in the channel off; no gain,
* level or routing changed within a set, so the ratio to '-bypass' is the
* filter alone.
* REW V5.40 beta 132 measurement 'a0_bypass', 2026-Sep-01 11:34:05, 512k sweep, 1 average, -20 dBFS, 96 kHz,
* 10 Hz - 30 kHz, loopback timing reference. SNR 45.3 dB, delay 0.4039 ms.
* Levels are REW's electrical dB (splOffset 102.34); only ratios within a set carry meaning.
* frequency_Hz<TAB>dB<TAB>phase_deg — REW's UNSMOOTHED raw spectrum (linear bins) resampled to 1/96 octave by complex averaging within each cell,
* with the measurement's own delay removed before averaging and restored after, so the cell average carries no rotation loss.
20.0000	86.9836	57.370
20.1449	87.0029	56.969
20.2909	87.0223	56.553
20.4379	87.0510	55.966
20.5860	87.0608	55.743
20.7352	87.0799	55.339
20.8855	87.0977	54.966
21.0368	87.1174	54.533
21.1893	87.1423	54.006
21.3428	87.1537	53.731
21.4975	87.1712	53.331
21.6532	87.1836	53.044
21.8102	87.2046	52.538
21.9682	87.2215	52.134
22.1274	87.2363	51.759
22.2877	87.2569	51.260
22.4492	87.2672	50.995
22.6119	87.2826	50.619
22.7758	87.2915	50.396
22.9408	87.3138	49.876
23.1071	87.3262	49.581
23.2745	87.3454	49.137
23.4432	87.3610	48.780
23.6130	87.3770	48.398
23.7841	87.3945	47.989
23.9565	87.4073	47.658
24.1301	87.4253	47.210
24.3049	87.4355	46.923
24.4811	87.4533	46.453
24.6585	87.4619	46.200
24.8372	87.4794	45.725
25.0171	87.4875	45.494
25.1984	87.5054	45.023
25.3810	87.5135	44.802
25.5649	87.5320	44.341
25.7502	87.5403	44.117
25.9368	87.5588	43.667
26.1247	87.5675	43.432
26.3141	87.5847	43.000
26.5047	87.5938	42.746
26.6968	87.6090	42.344
26.8903	87.6187	42.064
27.0851	87.6317	41.702
27.2814	87.6425	41.391
27.4791	87.6536	41.078
27.6782	87.6660	40.728
27.8788	87.6751	40.468
28.0808	87.6893	40.070
28.2843	87.6960	39.868
28.4892	87.7158	39.307
28.6957	87.7224	39.092
28.9036	87.7343	38.732
29.1131	87.7431	38.454
29.3240	87.7522	38.175
29.5365	87.7642	37.830
29.7506	87.7706	37.634
29.9661	87.7900	37.132
30.1833	87.7982	36.901
30.4020	87.8096	36.596
30.6223	87.8206	36.270
30.8442	87.8275	36.058
31.0677	87.8425	35.558
31.2929	87.8481	35.323
31.5196	87.8550	35.045
31.7480	87.8667	34.592
31.9781	87.8709	34.430
32.2098	87.8799	34.127
32.4432	87.8889	33.862
32.6783	87.8952	33.669
32.9151	87.9116	33.240
33.1536	87.9198	32.991
33.3939	87.9271	32.768
33.6359	87.9400	32.332
33.8796	87.9454	32.097
34.1251	87.9505	31.874
34.3724	87.9599	31.471
34.6215	87.9654	31.246
34.8723	87.9701	31.049
35.1250	87.9815	30.673
35.3796	87.9889	30.428
35.6359	87.9937	30.258
35.8942	88.0053	29.880
36.1543	88.0159	29.505
36.4163	88.0202	29.322
36.6802	88.0256	29.101
36.9460	88.0352	28.745
37.2137	88.0414	28.513
37.4834	88.0453	28.356
37.7550	88.0557	28.007
38.0286	88.0658	27.657
38.3041	88.0712	27.432
38.5817	88.0749	27.267
38.8613	88.0828	26.922
39.1429	88.0897	26.585
39.4265	88.0962	26.259
39.7122	88.0990	26.095
40.0000	88.1026	25.899
40.2899	88.1093	25.589
40.5818	88.1164	25.285
40.8759	88.1241	24.985
41.1721	88.1275	24.832
41.4704	88.1322	24.643
41.7710	88.1404	24.342
42.0736	88.1480	24.040
42.3785	88.1547	23.741
42.6856	88.1580	23.557
42.9949	88.1607	23.403
43.3065	88.1664	23.119
43.6203	88.1726	22.841
43.9364	88.1794	22.566
44.2548	88.1865	22.290
44.5755	88.1931	22.012
44.8985	88.1987	21.735
45.2238	88.2009	21.579
45.5515	88.2033	21.418
45.8816	88.2075	21.157
46.2141	88.2121	20.906
46.5490	88.2176	20.659
46.8863	88.2235	20.411
47.2261	88.2294	20.161
47.5683	88.2343	19.911
47.9130	88.2383	19.667
48.2602	88.2418	19.432
48.6099	88.2459	19.209
48.9621	88.2514	18.992
49.3169	88.2587	18.772
49.6743	88.2669	18.542
50.0343	88.2745	18.298
50.3968	88.2800	18.047
50.7620	88.2830	17.797
51.1299	88.2840	17.559
51.5004	88.2847	17.338
51.8736	88.2864	17.130
52.2495	88.2898	16.926
52.6281	88.2946	16.717
53.0095	88.2995	16.502
53.3936	88.3039	16.281
53.7805	88.3076	16.061
54.1702	88.3107	15.843
54.5628	88.3137	15.626
54.9581	88.3164	15.410
55.3564	88.3184	15.196
55.7575	88.3198	14.988
56.1616	88.3212	14.789
56.5685	88.3253	14.534
56.9785	88.3320	14.276
57.3914	88.3369	14.076
57.8072	88.3409	13.871
58.2261	88.3436	13.668
58.6481	88.3458	13.473
59.0730	88.3483	13.286
59.5011	88.3538	13.039
59.9323	88.3598	12.784
60.3666	88.3628	12.589
60.8040	88.3649	12.397
61.2446	88.3666	12.212
61.6884	88.3698	11.974
62.1355	88.3739	11.737
62.5857	88.3766	11.553
63.0392	88.3787	11.368
63.4960	88.3809	11.128
63.9562	88.3827	10.897
64.4196	88.3842	10.724
64.8864	88.3861	10.552
65.3566	88.3897	10.330
65.8302	88.3939	10.105
66.3073	88.3968	9.928
66.7877	88.4003	9.694
67.2717	88.4026	9.463
67.7592	88.4036	9.291
68.2502	88.4053	9.080
68.7448	88.4082	8.875
69.2429	88.4109	8.715
69.7447	88.4156	8.505
70.2501	88.4198	8.288
70.7591	88.4217	8.118
71.2719	88.4236	7.905
71.7884	88.4251	7.699
72.3086	88.4274	7.498
72.8325	88.4300	7.294
73.3603	88.4319	7.087
73.8919	88.4332	6.885
74.4274	88.4343	6.728
74.9667	88.4368	6.530
75.5099	88.4393	6.327
76.0571	88.4412	6.126
76.6083	88.4431	5.931
77.1634	88.4468	5.739
77.7226	88.4524	5.493
78.2858	88.4547	5.281
78.8531	88.4551	5.080
79.4245	88.4557	4.892
80.0000	88.4576	4.708
80.5797	88.4596	4.522
81.1636	88.4617	4.341
81.7518	88.4659	4.125
82.3442	88.4693	3.930
82.9409	88.4700	3.728
83.5419	88.4688	3.536
84.1473	88.4682	3.362
84.7570	88.4701	3.160
85.3712	88.4719	2.980
85.9899	88.4736	2.802
86.6130	88.4777	2.595
87.2406	88.4824	2.367
87.8728	88.4837	2.167
88.5096	88.4833	1.981
89.1509	88.4840	1.777
89.7970	88.4857	1.578
90.4477	88.4875	1.410
91.1031	88.4914	1.241
91.7633	88.4969	1.021
92.4282	88.4966	0.787
93.0980	88.4931	0.594
93.7726	88.4936	0.445
94.4521	88.4974	0.281
95.1366	88.5013	0.067
95.8260	88.5012	-0.151
96.5204	88.4991	-0.350
97.2198	88.4990	-0.529
97.9243	88.5032	-0.713
98.6339	88.5076	-0.928
99.3486	88.5079	-1.146
100.0685	88.5081	-1.344
100.7937	88.5102	-1.545
101.5241	88.5105	-1.749
102.2598	88.5113	-1.934
103.0008	88.5156	-2.127
103.7472	88.5176	-2.346
104.4990	88.5155	-2.547
105.2562	88.5152	-2.726
106.0189	88.5169	-2.910
106.7872	88.5182	-3.096
107.5610	88.5210	-3.281
108.3404	88.5239	-3.483
109.1255	88.5238	-3.704
109.9163	88.5243	-3.903
110.7128	88.5259	-4.087
111.5151	88.5272	-4.267
112.3231	88.5301	-4.444
113.1371	88.5349	-4.658
113.9569	88.5356	-4.889
114.7827	88.5337	-5.083
115.6145	88.5328	-5.271
116.4523	88.5309	-5.478
117.2961	88.5299	-5.662
118.1461	88.5341	-5.842
119.0022	88.5369	-6.072
119.8646	88.5372	-6.278
120.7332	88.5408	-6.466
121.6080	88.5428	-6.684
122.4893	88.5446	-6.880
123.3769	88.5467	-7.094
124.2709	88.5441	-7.284
125.1714	88.5493	-7.460
126.0785	88.5522	-7.697
126.9921	88.5481	-7.903
127.9123	88.5495	-8.103
128.8392	88.5474	-8.325
129.7728	88.5457	-8.513
130.7132	88.5485	-8.709
131.6604	88.5517	-8.915
132.6145	88.5531	-9.142
133.5755	88.5488	-9.339
134.5434	88.5552	-9.500
135.5184	88.5608	-9.737
136.5004	88.5586	-9.964
137.4895	88.5605	-10.165
138.4858	88.5601	-10.381
139.4894	88.5580	-10.590
140.5002	88.5598	-10.775
141.5183	88.5653	-10.984
142.5438	88.5643	-11.212
143.5767	88.5645	-11.416
144.6171	88.5663	-11.661
145.6651	88.5619	-11.888
146.7206	88.5612	-12.094
147.7838	88.5612	-12.312
148.8547	88.5608	-12.507
149.9334	88.5650	-12.698
151.0199	88.5693	-12.942
152.1142	88.5682	-13.168
153.2165	88.5687	-13.398
154.3268	88.5654	-13.603
155.4451	88.5708	-13.829
156.5715	88.5700	-14.078
157.7061	88.5718	-14.306
158.8489	88.5699	-14.528
160.0000	88.5728	-14.726
161.1594	88.5769	-14.948
162.3273	88.5790	-15.188
163.5035	88.5763	-15.414
164.6884	88.5787	-15.645
165.8818	88.5748	-15.876
167.0838	88.5757	-16.077
168.2946	88.5774	-16.318
169.5141	88.5775	-16.546
170.7425	88.5787	-16.759
171.9797	88.5823	-16.978
173.2260	88.5863	-17.234
174.4812	88.5818	-17.471
175.7456	88.5856	-17.689
177.0191	88.5858	-17.949
178.3019	88.5854	-18.195
179.5939	88.5839	-18.420
180.8953	88.5872	-18.657
182.2062	88.5839	-18.913
183.5265	88.5801	-19.111
184.8564	88.5865	-19.348
186.1960	88.5859	-19.613
187.5452	88.5872	-19.871
188.9043	88.5873	-20.105
190.2731	88.5882	-20.372
191.6519	88.5877	-20.587
193.0407	88.5923	-20.846
194.4396	88.5891	-21.101
195.8486	88.5912	-21.320
197.2678	88.5938	-21.598
198.6972	88.5945	-21.854
200.1371	88.5920	-22.116
201.5874	88.5956	-22.357
203.0482	88.5955	-22.629
204.5195	88.5963	-22.906
206.0016	88.5938	-23.154
207.4943	88.5961	-23.391
208.9979	88.6007	-23.648
210.5124	88.5997	-23.914
212.0379	88.6011	-24.182
213.5744	88.5972	-24.462
215.1220	88.6016	-24.714
216.6809	88.5985	-24.996
218.2510	88.6003	-25.238
219.8326	88.6008	-25.499
221.4256	88.6011	-25.778
223.0301	88.5973	-26.064
224.6463	88.6048	-26.368
226.2742	88.5948	-26.661
227.9138	88.6001	-26.895
229.5654	88.6044	-27.175
231.2289	88.6039	-27.441
232.9045	88.6048	-27.751
234.5922	88.6041	-28.005
236.2922	88.6065	-28.317
238.0045	88.6065	-28.575
239.7291	88.6088	-28.850
241.4663	88.6099	-29.121
243.2161	88.6088	-29.447
244.9785	88.6081	-29.720
246.7537	88.6128	-30.056
248.5418	88.6106	-30.366
250.3428	88.6069	-30.644
252.1569	88.6071	-30.887
253.9842	88.6114	-31.205
255.8246	88.6133	-31.553
257.6785	88.6110	-31.861
259.5457	88.6199	-32.150
261.4265	88.6206	-32.445
263.3209	88.6088	-32.758
265.2290	88.5968	-33.064
267.1510	88.6445	-33.542
269.0869	88.5988	-33.952
271.0368	88.6172	-34.132
273.0008	88.6169	-34.334
274.9791	88.6148	-34.591
276.9717	88.6132	-34.915
278.9788	88.6128	-35.277
281.0003	88.6132	-35.600
283.0366	88.6166	-35.908
285.0876	88.6106	-36.246
287.1535	88.6135	-36.567
289.2343	88.6206	-36.927
291.3302	88.6188	-37.271
293.4413	88.6139	-37.566
295.5677	88.6140	-37.906
297.7095	88.6160	-38.253
299.8668	88.6174	-38.590
302.0398	88.6232	-38.952
304.2285	88.6189	-39.295
306.4330	88.6157	-39.638
308.6536	88.6208	-39.990
310.8902	88.6176	-40.380
313.1431	88.6237	-40.715
315.4122	88.6259	-41.063
317.6978	88.6191	-41.411
320.0000	88.6163	-41.768
322.3189	88.6170	-42.150
324.6545	88.6210	-42.504
327.0071	88.6288	-42.858
329.3767	88.6259	-43.249
331.7635	88.6214	-43.613
334.1676	88.6223	-44.022
336.5891	88.6248	-44.382
339.0282	88.6292	-44.763
341.4849	88.6221	-45.140
343.9595	88.6253	-45.528
346.4519	88.6258	-45.894
348.9625	88.6272	-46.304
351.4912	88.6239	-46.659
354.0383	88.6250	-47.064
356.6038	88.6252	-47.456
359.1879	88.6297	-47.889
361.7907	88.6238	-48.249
364.4124	88.6261	-48.645
367.0530	88.6297	-49.087
369.7129	88.6247	-49.496
372.3920	88.6257	-49.909
375.0905	88.6278	-50.308
377.8085	88.6319	-50.723
380.5463	88.6298	-51.143
383.3039	88.6313	-51.546
386.0814	88.6309	-51.974
388.8792	88.6369	-52.416
391.6971	88.6317	-52.855
394.5355	88.6280	-53.263
397.3945	88.6297	-53.698
400.2742	88.6301	-54.142
403.1747	88.6291	-54.584
406.0963	88.6290	-55.051
409.0390	88.6376	-55.478
412.0031	88.6339	-55.939
414.9887	88.6306	-56.384
417.9958	88.6304	-56.849
421.0248	88.6304	-57.266
424.0757	88.6375	-57.758
427.1488	88.6350	-58.231
430.2440	88.6349	-58.684
433.3618	88.6351	-59.164
436.5021	88.6353	-59.630
439.6652	88.6306	-60.090
442.8512	88.6340	-60.584
446.0602	88.6371	-61.074
449.2926	88.6382	-61.539
452.5483	88.6390	-62.041
455.8277	88.6340	-62.538
459.1308	88.6329	-63.018
462.4579	88.6357	-63.529
465.8090	88.6385	-64.023
469.1845	88.6369	-64.542
472.5844	88.6374	-65.028
476.0089	88.6396	-65.574
479.4583	88.6397	-66.088
482.9326	88.6385	-66.607
486.4321	88.6400	-67.114
489.9570	88.6411	-67.652
493.5075	88.6414	-68.179
497.0836	88.6408	-68.726
500.6857	88.6442	-69.253
504.3139	88.6434	-69.772
507.9683	88.6433	-70.325
511.6493	88.6424	-70.884
515.3569	88.6418	-71.436
519.0914	88.6417	-71.951
522.8529	88.6430	-72.534
526.6418	88.6438	-73.111
530.4580	88.6404	-73.665
534.3019	88.6410	-74.264
538.1737	88.6434	-74.803
542.0735	88.6463	-75.378
546.0016	88.6468	-75.973
549.9582	88.6480	-76.588
553.9434	88.6459	-77.171
557.9575	88.6444	-77.733
562.0007	88.6512	-78.345
566.0732	88.6488	-78.943
570.1752	88.6460	-79.566
574.3069	88.6475	-80.155
578.4686	88.6423	-80.768
582.6604	88.6480	-81.382
586.8826	88.6486	-82.010
591.1354	88.6515	-82.664
595.4190	88.6499	-83.281
599.7336	88.6467	-83.916
604.0796	88.6473	-84.545
608.4570	88.6470	-85.211
612.8661	88.6497	-85.832
617.3072	88.6493	-86.500
621.7804	88.6462	-87.156
626.2861	88.6490	-87.813
630.8244	88.6505	-88.477
635.3957	88.6520	-89.165
640.0000	88.6508	-89.841
644.6377	88.6489	-90.512
649.3090	88.6512	-91.207
654.0142	88.6498	-91.884
658.7534	88.6477	-92.586
663.5270	88.6498	-93.284
668.3352	88.6519	-94.001
673.1783	88.6523	-94.710
678.0564	88.6515	-95.417
682.9699	88.6545	-96.108
687.9189	88.6520	-96.856
692.9039	88.6533	-97.591
697.9249	88.6549	-98.332
702.9824	88.6527	-99.055
708.0765	88.6534	-99.800
713.2075	88.6517	-100.580
718.3757	88.6578	-101.309
723.5814	88.6536	-102.093
728.8247	88.6551	-102.851
734.1061	88.6589	-103.609
739.4257	88.6573	-104.385
744.7839	88.6588	-105.190
750.1809	88.6560	-105.937
755.6170	88.6607	-106.752
761.0926	88.6557	-107.570
766.6077	88.6571	-108.356
772.1629	88.6548	-109.167
777.7583	88.6590	-110.003
783.3943	88.6582	-110.813
789.0711	88.6580	-111.619
794.7890	88.6579	-112.459
800.5484	88.6584	-113.297
806.3495	88.6608	-114.135
812.1926	88.6611	-115.010
818.0781	88.6581	-115.849
824.0062	88.6568	-116.720
829.9773	88.6602	-117.563
835.9917	88.6621	-118.485
842.0496	88.6573	-119.322
848.1515	88.6598	-120.210
854.2975	88.6618	-121.117
860.4881	88.6584	-122.008
866.7236	88.6603	-122.922
873.0042	88.6623	-123.843
879.3303	88.6575	-124.770
885.7023	88.6615	-125.669
892.1205	88.6605	-126.622
898.5852	88.6625	-127.522
905.0967	88.6628	-128.498
911.6554	88.6607	-129.442
918.2616	88.6616	-130.415
924.9157	88.6640	-131.387
931.6180	88.6592	-132.332
938.3689	88.6639	-133.341
945.1687	88.6614	-134.305
952.0178	88.6600	-135.309
958.9165	88.6613	-136.277
965.8652	88.6645	-137.300
972.8643	88.6635	-138.322
979.9141	88.6653	-139.351
987.0149	88.6622	-140.358
994.1672	88.6647	-141.391
1001.3714	88.6618	-142.426
1008.6277	88.6657	-143.492
1015.9367	88.6631	-144.530
1023.2986	88.6614	-145.618
1030.7138	88.6621	-146.669
1038.1828	88.6649	-147.785
1045.7059	88.6654	-148.868
1053.2835	88.6640	-149.935
1060.9160	88.6632	-151.071
1068.6039	88.6693	-152.147
1076.3474	88.6648	-153.302
1084.1471	88.6620	-154.392
1092.0032	88.6649	-155.571
1099.9164	88.6662	-156.688
1107.8868	88.6666	-157.838
1115.9150	88.6680	-159.002
1124.0014	88.6693	-160.189
1132.1464	88.6694	-161.346
1140.3504	88.6649	-162.540
1148.6138	88.6634	-163.710
1156.9371	88.6637	-164.945
1165.3208	88.6648	-166.123
1173.7652	88.6676	-167.358
1182.2708	88.6640	-168.574
1190.8380	88.6649	-169.812
1199.4673	88.6643	-171.065
1208.1591	88.6651	-172.326
1216.9139	88.6621	-173.583
1225.7322	88.6616	-174.866
1234.6144	88.6654	-176.160
1243.5609	88.6624	-177.423
1252.5722	88.6662	-178.718
1261.6489	88.6624	179.965
1270.7913	88.6605	178.646
1280.0000	88.6592	177.321
1289.2754	88.6616	175.974
1298.6180	88.6588	174.655
1308.0284	88.6617	173.296
1317.5069	88.6598	171.890
1327.0541	88.6605	170.526
1336.6704	88.6584	169.156
1346.3565	88.6588	167.775
1356.1128	88.6627	166.343
1365.9397	88.6600	164.933
1375.8379	88.6595	163.500
1385.8078	88.6587	162.075
1395.8499	88.6592	160.638
1405.9648	88.6589	159.180
1416.1530	88.6583	157.702
1426.4150	88.6590	156.213
1436.7514	88.6566	154.736
1447.1627	88.6535	153.238
1457.6495	88.6575	151.724
1468.2122	88.6593	150.211
1478.8515	88.6521	148.684
1489.5678	88.6562	147.142
1500.3618	88.6563	145.586
1511.2341	88.6589	143.998
1522.1851	88.6503	142.418
1533.2155	88.6533	140.852
1544.3258	88.6529	139.236
1555.5166	88.6521	137.601
1566.7885	88.6524	136.019
1578.1421	88.6508	134.378
1589.5780	88.6491	132.731
1601.0967	88.6529	131.062
1612.6989	88.6473	129.419
1624.3852	88.6491	127.717
1636.1562	88.6487	126.023
1648.0125	88.6483	124.334
1659.9546	88.6418	122.577
1671.9833	88.6445	120.849
1684.0992	88.6451	119.126
1696.3029	88.6446	117.371
1708.5950	88.6454	115.619
1720.9762	88.6443	113.816
1733.4471	88.6404	112.008
1746.0084	88.6384	110.225
1758.6607	88.6398	108.401
1771.4046	88.6415	106.566
1784.2410	88.6356	104.730
1797.1703	88.6370	102.863
1810.1934	88.6386	100.988
1823.3108	88.6390	99.110
1836.5232	88.6324	97.180
1849.8314	88.6347	95.286
1863.2361	88.6323	93.360
1876.7379	88.6323	91.411
1890.3375	88.6314	89.446
1904.0356	88.6288	87.484
1917.8331	88.6290	85.482
1931.7305	88.6288	83.497
1945.7286	88.6266	81.467
1959.8281	88.6274	79.441
1974.0299	88.6259	77.387
1988.3345	88.6219	75.326
2002.7428	88.6261	73.255
2017.2555	88.6262	71.174
2031.8733	88.6214	69.080
2046.5971	88.6186	66.939
2061.4276	88.6183	64.815
2076.3656	88.6185	62.660
2091.4118	88.6173	60.498
2106.5670	88.6186	58.308
2121.8321	88.6160	56.108
2137.2077	88.6179	53.930
2152.6948	88.6134	51.655
2168.2941	88.6133	49.421
2184.0065	88.6119	47.159
2199.8327	88.6123	44.897
2215.7736	88.6117	42.599
2231.8300	88.6094	40.277
2248.0028	88.6099	37.925
2264.2927	88.6119	35.587
2280.7007	88.6097	33.224
2297.2276	88.6067	30.858
2313.8743	88.6099	28.448
2330.6416	88.6036	26.062
2347.5304	88.6043	23.596
2364.5415	88.6054	21.174
2381.6760	88.6057	18.705
2398.9346	88.6027	16.190
2416.3182	88.6053	13.713
2433.8279	88.6025	11.169
2451.4644	88.6026	8.637
2469.2287	88.6021	6.062
2487.1218	88.6008	3.504
2505.1445	88.5980	0.881
2523.2978	88.6031	-1.708
2541.5826	88.6000	-4.343
2560.0000	88.6011	-7.015
2578.5508	88.5995	-9.673
2597.2361	88.5996	-12.376
2616.0567	88.6006	-15.080
2635.0137	88.5986	-17.809
2654.1081	88.6039	-20.567
2673.3409	88.6042	-23.322
2692.7130	88.6010	-26.120
2712.2255	88.6001	-28.918
2731.8794	88.5973	-31.749
2751.6758	88.6013	-34.630
2771.6155	88.6017	-37.475
2791.6998	88.6040	-40.369
2811.9296	88.5991	-43.278
2832.3060	88.6016	-46.206
2852.8301	88.6038	-49.172
2873.5028	88.6044	-52.146
2894.3254	88.6025	-55.117
2915.2989	88.6066	-58.137
2936.4244	88.6055	-61.175
2957.7029	88.6068	-64.225
2979.1356	88.6102	-67.333
3000.7237	88.6102	-70.421
3022.4682	88.6108	-73.548
3044.3702	88.6083	-76.702
3066.4310	88.6126	-79.889
3088.6516	88.6121	-83.065
3111.0332	88.6117	-86.285
3133.5771	88.6140	-89.519
3156.2843	88.6152	-92.794
3179.1560	88.6148	-96.067
3202.1935	88.6168	-99.369
3225.3979	88.6210	-102.709
3248.7705	88.6175	-106.061
3272.3124	88.6202	-109.460
3296.0249	88.6197	-112.834
3319.9093	88.6217	-116.282
3343.9667	88.6222	-119.737
3368.1985	88.6237	-123.208
3392.6058	88.6235	-126.679
3417.1900	88.6251	-130.236
3441.9524	88.6242	-133.797
3466.8942	88.6268	-137.339
3492.0167	88.6303	-140.961
3517.3213	88.6307	-144.605
3542.8093	88.6295	-148.247
3568.4820	88.6295	-151.924
3594.3406	88.6308	-155.628
3620.3867	88.6304	-159.353
3646.6215	88.6315	-163.119
3673.0465	88.6349	-166.902
3699.6629	88.6343	-170.747
3726.4721	88.6331	-174.570
3753.4757	88.6336	-178.431
3780.6749	88.6337	177.662
3808.0713	88.6353	173.745
3835.6661	88.6363	169.780
3863.4609	88.6332	165.799
3891.4572	88.6370	161.773
3919.6563	88.6346	157.753
3948.0597	88.6342	153.696
3976.6690	88.6339	149.575
4005.4856	88.6362	145.441
4034.5110	88.6346	141.287
4063.7467	88.6338	137.090
4093.1943	88.6352	132.878
4122.8552	88.6318	128.623
4152.7312	88.6325	124.345
4182.8236	88.6351	120.038
4213.1340	88.6292	115.677
4243.6641	88.6324	111.297
4274.4155	88.6323	106.900
4305.3896	88.6315	102.433
4336.5883	88.6304	97.948
4368.0130	88.6270	93.446
4399.6654	88.6257	88.917
4431.5472	88.6269	84.330
4463.6600	88.6267	79.734
4496.0055	88.6256	75.080
4528.5854	88.6273	70.396
4561.4014	88.6248	65.690
4594.4552	88.6265	60.940
4627.7485	88.6250	56.146
4661.2831	88.6252	51.315
4695.0607	88.6235	46.473
4729.0830	88.6253	41.587
4763.3519	88.6259	36.674
4797.8691	88.6281	31.730
4832.6365	88.6238	26.709
4867.6558	88.6259	21.662
4902.9288	88.6264	16.605
4938.4574	88.6295	11.494
4974.2435	88.6276	6.358
5010.2890	88.6289	1.167
5046.5956	88.6297	-4.061
5083.1653	88.6302	-9.305
5120.0000	88.6316	-14.614
5157.1016	88.6329	-19.932
5194.4721	88.6365	-25.315
5232.1134	88.6356	-30.737
5270.0275	88.6380	-36.170
5308.2162	88.6402	-41.683
5346.6818	88.6417	-47.194
5385.4260	88.6449	-52.755
5424.4510	88.6476	-58.381
5463.7589	88.6484	-64.021
5503.3515	88.6525	-69.688
5543.2311	88.6555	-75.409
5583.3996	88.6579	-81.192
5623.8592	88.6582	-86.997
5664.6120	88.6596	-92.836
5705.6601	88.6655	-98.725
5747.0057	88.6701	-104.674
5788.6509	88.6717	-110.625
5830.5978	88.6730	-116.632
5872.8487	88.6729	-122.695
5915.4058	88.6771	-128.795
5958.2713	88.6802	-134.929
6001.4474	88.6820	-141.103
6044.9363	88.6815	-147.357
6088.7404	88.6850	-153.591
6132.8620	88.6843	-159.923
6177.3032	88.6865	-166.286
6222.0665	88.6891	-172.695
6267.1541	88.6866	-179.142
6312.5685	88.6885	174.352
6358.3120	88.6872	167.804
6404.3869	88.6857	161.204
6450.7958	88.6857	154.573
6497.5409	88.6879	147.877
6544.6248	88.6859	141.122
6592.0498	88.6823	134.336
6639.8185	88.6836	127.493
6687.9334	88.6805	120.605
6736.3969	88.6761	113.666
6785.2116	88.6764	106.677
6834.3801	88.6746	99.631
6883.9048	88.6721	92.532
6933.7884	88.6680	85.368
6984.0335	88.6660	78.178
7034.6427	88.6617	70.922
7085.6186	88.6592	63.602
7136.9639	88.6559	56.241
7188.6813	88.6535	48.817
7240.7734	88.6503	41.338
7293.2431	88.6491	33.796
7346.0929	88.6466	26.199
7399.3257	88.6438	18.570
7452.9443	88.6421	10.857
7506.9514	88.6402	3.116
7561.3499	88.6384	-4.698
7616.1425	88.6363	-12.575
7671.3322	88.6349	-20.502
7726.9219	88.6347	-28.486
7782.9143	88.6346	-36.537
7839.3125	88.6364	-44.630
7896.1194	88.6348	-52.760
7953.3380	88.6342	-60.994
8010.9711	88.6364	-69.245
8069.0219	88.6330	-77.581
8127.4934	88.6351	-85.975
8186.3886	88.6359	-94.414
8245.7105	88.6359	-102.916
8305.4623	88.6376	-111.465
8365.6471	88.6335	-120.100
8426.2680	88.6382	-128.792
8487.3283	88.6370	-137.547
8548.8309	88.6358	-146.333
8610.7793	88.6357	-155.200
8673.1765	88.6349	-164.136
8736.0260	88.6347	-173.146
8799.3308	88.6327	177.810
8863.0944	88.6314	168.700
8927.3200	88.6254	159.507
8992.0111	88.6240	150.238
9057.1709	88.6253	140.906
9122.8029	88.6205	131.496
9188.9105	88.6176	122.038
9255.4971	88.6131	112.505
9322.5662	88.6097	102.895
9390.1214	88.6093	93.214
9458.1661	88.6045	83.460
9526.7039	88.5998	73.623
9595.7383	88.5968	63.711
9665.2730	88.5952	53.755
9735.3115	88.5932	43.681
9805.8576	88.5918	33.535
9876.9149	88.5917	23.343
9948.4871	88.5909	13.046
10020.5779	88.5916	2.677
10093.1912	88.5920	-7.719
10166.3306	88.5921	-18.229
10240.0000	88.5958	-28.827
10314.2033	88.5974	-39.494
10388.9442	88.6002	-50.209
10464.2268	88.6031	-61.033
10540.0549	88.6076	-71.921
10616.4325	88.6124	-82.890
10693.3635	88.6158	-93.918
10770.8521	88.6239	-105.047
10848.9021	88.6241	-116.229
10927.5177	88.6287	-127.516
11006.7030	88.6348	-138.844
11086.4621	88.6360	-150.296
11166.7992	88.6393	-161.816
11247.7184	88.6426	-173.408
11329.2240	88.6446	174.922
11411.3202	88.6469	163.138
11494.0114	88.6490	151.283
11577.3017	88.6484	139.347
11661.1956	88.6478	127.298
11745.6975	88.6468	115.183
11830.8116	88.6451	102.958
11916.5426	88.6447	90.655
12002.8947	88.6463	78.225
12089.8727	88.6447	65.749
12177.4809	88.6406	53.144
12265.7239	88.6427	40.437
12354.6064	88.6432	27.655
12444.1330	88.6425	14.763
12534.3083	88.6453	1.790
12625.1370	88.6441	-11.285
12716.6240	88.6450	-24.442
12808.7739	88.6486	-37.720
12901.5916	88.6495	-51.086
12995.0818	88.6520	-64.548
13089.2495	88.6545	-78.077
13184.0996	88.6562	-91.731
13279.6370	88.6577	-105.470
13375.8668	88.6588	-119.289
13472.7938	88.6622	-133.247
13570.4232	88.6610	-147.284
13668.7601	88.6585	-161.420
13767.8096	88.6600	-175.677
13867.5768	88.6552	169.985
13968.0670	88.6507	155.537
14069.2853	88.6467	140.975
14171.2372	88.6408	126.303
14273.9278	88.6350	111.509
14377.3626	88.6287	96.607
14481.5469	88.6235	81.579
14586.4861	88.6131	66.462
14692.1858	88.6076	51.200
14798.6515	88.6038	35.826
14905.8886	88.5985	20.328
15013.9028	88.5951	4.731
15122.6997	88.5919	-10.974
15232.2851	88.5915	-26.829
15342.6645	88.5895	-42.789
15453.8437	88.5899	-58.822
15565.8287	88.5886	-75.019
15678.6251	88.5895	-91.298
15792.2389	88.5931	-107.717
15906.6759	88.5919	-124.247
16021.9423	88.5912	-140.892
16138.0439	88.5921	-157.655
16254.9868	88.5935	-174.546
16372.7771	88.5937	168.424
16491.4210	88.5899	151.288
16610.9246	88.5857	134.012
16731.2942	88.5845	116.579
16852.5361	88.5837	99.025
16974.6565	88.5808	81.349
17097.6619	88.5787	63.511
17221.5586	88.5787	45.523
17346.3531	88.5800	27.431
17472.0519	88.5800	9.164
17598.6616	88.5821	-9.219
17726.1888	88.5877	-27.732
17854.6400	88.5947	-46.384
17984.0221	88.6002	-65.181
18114.3418	88.6044	-84.107
18245.6057	88.6103	-103.166
18377.8209	88.6148	-122.372
18510.9942	88.6184	-141.688
18645.1325	88.6205	-161.182
18780.2428	88.6207	179.216
18916.3322	88.6210	159.438
19053.4077	88.6173	139.502
19191.4766	88.6120	119.429
19330.5459	88.6085	99.162
19470.6230	88.6043	78.771
19611.7152	88.5961	58.182
19753.8298	88.5904	37.472
19896.9742	88.5856	16.553
