* Helix DSP Ultra S, output layer — HS_Q shelf, 1000 Hz, +6.0 dB, Q 0.7.
* ELECTRICAL loop, no microphone: Scarlett 2i2 out L -> Helix line in,
* Helix line out -> Scarlett in 1; out R -> in 2 direct as the timing
* reference, timing offset 0. Everything else in the channel off; no gain,
* level or routing changed within a set, so the ratio to '-bypass' is the
* filter alone.
* REW V5.40 beta 132 measurement 'a4_hsq_1k_+6db_q0.7', 2026-Sep-01 11:35:46, 512k sweep, 1 average, -20 dBFS, 96 kHz,
* 10 Hz - 30 kHz, loopback timing reference. SNR 51.2 dB, delay 0.4037 ms.
* Levels are REW's electrical dB (splOffset 102.34); only ratios within a set carry meaning.
* frequency_Hz<TAB>dB<TAB>phase_deg — REW's UNSMOOTHED raw spectrum (linear bins) resampled to 1/96 octave by complex averaging within each cell,
* with the measurement's own delay removed before averaging and restored after, so the cell average carries no rotation loss.
20.0000	86.9877	57.862
20.1449	87.0073	57.471
20.2909	87.0274	57.061
20.4379	87.0570	56.485
20.5860	87.0671	56.263
20.7352	87.0866	55.863
20.8855	87.1049	55.493
21.0368	87.1246	55.064
21.1893	87.1495	54.540
21.3428	87.1607	54.268
21.4975	87.1778	53.872
21.6532	87.1900	53.589
21.8102	87.2105	53.091
21.9682	87.2270	52.695
22.1274	87.2417	52.327
22.2877	87.2621	51.838
22.4492	87.2725	51.579
22.6119	87.2880	51.211
22.7758	87.2970	50.991
22.9408	87.3195	50.480
23.1071	87.3321	50.190
23.2745	87.3514	49.753
23.4432	87.3670	49.401
23.6130	87.3828	49.024
23.7841	87.4002	48.621
23.9565	87.4130	48.295
24.1301	87.4310	47.855
24.3049	87.4413	47.572
24.4811	87.4591	47.110
24.6585	87.4679	46.859
24.8372	87.4856	46.389
25.0171	87.4936	46.160
25.1984	87.5114	45.692
25.3810	87.5192	45.472
25.5649	87.5370	45.014
25.7502	87.5450	44.793
25.9368	87.5623	44.349
26.1247	87.5706	44.118
26.3141	87.5868	43.696
26.5047	87.5955	43.448
26.6968	87.6102	43.057
26.8903	87.6198	42.784
27.0851	87.6327	42.433
27.2814	87.6436	42.129
27.4791	87.6547	41.824
27.6782	87.6672	41.482
27.8788	87.6764	41.229
28.0808	87.6907	40.841
28.2843	87.6976	40.644
28.4892	87.7182	40.099
28.6957	87.7253	39.888
28.9036	87.7381	39.535
29.1131	87.7476	39.258
29.3240	87.7573	38.982
29.5365	87.7694	38.634
29.7506	87.7759	38.437
29.9661	87.7935	37.932
30.1833	87.8004	37.705
30.4020	87.8100	37.406
30.6223	87.8194	37.095
30.8442	87.8253	36.892
31.0677	87.8400	36.426
31.2929	87.8466	36.203
31.5196	87.8547	35.940
31.7480	87.8698	35.496
31.9781	87.8746	35.331
32.2098	87.8849	35.022
32.4432	87.8933	34.748
32.6783	87.8992	34.550
32.9151	87.9122	34.118
33.1536	87.9184	33.878
33.3939	87.9240	33.663
33.6359	87.9354	33.257
33.8796	87.9415	33.036
34.1251	87.9473	32.827
34.3724	87.9598	32.436
34.6215	87.9664	32.208
34.8723	87.9721	32.009
35.1250	87.9835	31.621
35.3796	87.9896	31.374
35.6359	87.9936	31.204
35.8942	88.0031	30.837
36.1543	88.0132	30.483
36.4163	88.0181	30.308
36.6802	88.0245	30.096
36.9460	88.0365	29.745
37.2137	88.0436	29.510
37.4834	88.0480	29.350
37.7550	88.0577	28.992
38.0286	88.0655	28.644
38.3041	88.0695	28.429
38.5817	88.0722	28.270
38.8613	88.0791	27.953
39.1429	88.0872	27.645
39.4265	88.0963	27.340
39.7122	88.1003	27.181
40.0000	88.1055	26.990
40.2899	88.1140	26.682
40.5818	88.1216	26.379
40.8759	88.1286	26.083
41.1721	88.1316	25.935
41.4704	88.1357	25.752
41.7710	88.1431	25.467
42.0736	88.1506	25.185
42.3785	88.1577	24.903
42.6856	88.1614	24.726
42.9949	88.1643	24.578
43.3065	88.1703	24.304
43.6203	88.1762	24.035
43.9364	88.1820	23.770
44.2548	88.1878	23.508
44.5755	88.1935	23.249
44.8985	88.1989	22.993
45.2238	88.2014	22.846
45.5515	88.2041	22.696
45.8816	88.2097	22.450
46.2141	88.2158	22.207
46.5490	88.2223	21.963
46.8863	88.2288	21.716
47.2261	88.2347	21.467
47.5683	88.2396	21.218
47.9130	88.2435	20.974
48.2602	88.2467	20.738
48.6099	88.2499	20.510
48.9621	88.2536	20.290
49.3169	88.2581	20.073
49.6743	88.2634	19.856
50.0343	88.2689	19.636
50.3968	88.2739	19.412
50.7620	88.2781	19.189
51.1299	88.2815	18.969
51.5004	88.2846	18.756
51.8736	88.2880	18.549
52.2495	88.2917	18.343
52.6281	88.2956	18.136
53.0095	88.2990	17.929
53.3936	88.3017	17.724
53.7805	88.3041	17.526
54.1702	88.3068	17.335
54.5628	88.3103	17.147
54.9581	88.3146	16.957
55.3564	88.3190	16.762
55.7575	88.3227	16.564
56.1616	88.3255	16.368
56.5685	88.3291	16.115
56.9785	88.3336	15.870
57.3914	88.3373	15.686
57.8072	88.3409	15.499
58.2261	88.3443	15.311
58.6481	88.3473	15.124
59.0730	88.3501	14.938
59.5011	88.3541	14.692
59.9323	88.3574	14.448
60.3666	88.3591	14.270
60.8040	88.3610	14.098
61.2446	88.3636	13.929
61.6884	88.3690	13.705
62.1355	88.3743	13.473
62.5857	88.3769	13.294
63.0392	88.3786	13.120
63.4960	88.3811	12.902
63.9562	88.3844	12.692
64.4196	88.3869	12.529
64.8864	88.3894	12.365
65.3566	88.3924	12.155
65.8302	88.3954	11.949
66.3073	88.3976	11.791
66.7877	88.4011	11.585
67.2717	88.4040	11.376
67.7592	88.4054	11.213
68.2502	88.4070	11.009
68.7448	88.4087	10.810
69.2429	88.4103	10.655
69.7447	88.4134	10.455
70.2501	88.4165	10.249
70.7591	88.4178	10.084
71.2719	88.4185	9.881
71.7884	88.4191	9.690
72.3086	88.4218	9.510
72.8325	88.4261	9.325
73.3603	88.4304	9.128
73.8919	88.4331	8.930
74.4274	88.4342	8.777
74.9667	88.4365	8.596
75.5099	88.4398	8.416
76.0571	88.4428	8.229
76.6083	88.4444	8.042
77.1634	88.4453	7.868
77.7226	88.4484	7.670
78.2858	88.4514	7.493
78.8531	88.4527	7.313
79.4245	88.4532	7.144
80.0000	88.4556	6.986
80.5797	88.4602	6.819
81.1636	88.4641	6.630
81.7518	88.4651	6.408
82.3442	88.4650	6.238
82.9409	88.4669	6.074
83.5419	88.4693	5.903
84.1473	88.4707	5.730
84.7570	88.4729	5.542
85.3712	88.4763	5.376
85.9899	88.4789	5.195
86.6130	88.4789	4.990
87.2406	88.4791	4.812
87.8728	88.4814	4.656
88.5096	88.4836	4.489
89.1509	88.4851	4.301
89.7970	88.4873	4.118
90.4477	88.4889	3.950
91.1031	88.4886	3.785
91.7633	88.4885	3.619
92.4282	88.4931	3.454
93.0980	88.4978	3.255
93.7726	88.4979	3.075
94.4521	88.4965	2.914
95.1366	88.4972	2.746
95.8260	88.4997	2.567
96.5204	88.5012	2.384
97.2198	88.5029	2.205
97.9243	88.5051	2.020
98.6339	88.5058	1.833
99.3486	88.5058	1.658
100.0685	88.5075	1.490
100.7937	88.5102	1.315
101.5241	88.5118	1.132
102.2598	88.5116	0.957
103.0008	88.5123	0.799
103.7472	88.5162	0.638
104.4990	88.5197	0.455
105.2562	88.5206	0.275
106.0189	88.5223	0.106
106.7872	88.5243	-0.075
107.5610	88.5237	-0.253
108.3404	88.5238	-0.413
109.1255	88.5257	-0.598
109.9163	88.5246	-0.776
110.7128	88.5264	-0.926
111.5151	88.5294	-1.098
112.3231	88.5293	-1.270
113.1371	88.5316	-1.436
113.9569	88.5355	-1.626
114.7827	88.5357	-1.806
115.6145	88.5358	-1.976
116.4523	88.5357	-2.155
117.2961	88.5373	-2.322
118.1461	88.5401	-2.496
119.0022	88.5396	-2.687
119.8646	88.5402	-2.853
120.7332	88.5431	-3.027
121.6080	88.5433	-3.219
122.4893	88.5439	-3.393
123.3769	88.5463	-3.577
124.2709	88.5467	-3.765
125.1714	88.5466	-3.942
126.0785	88.5471	-4.110
126.9921	88.5498	-4.282
127.9123	88.5506	-4.472
128.8392	88.5497	-4.635
129.7728	88.5536	-4.802
130.7132	88.5546	-5.000
131.6604	88.5531	-5.169
132.6145	88.5562	-5.333
133.5755	88.5588	-5.529
134.5434	88.5585	-5.713
135.5184	88.5575	-5.880
136.5004	88.5599	-6.048
137.4895	88.5621	-6.237
138.4858	88.5600	-6.423
139.4894	88.5601	-6.585
140.5002	88.5633	-6.784
141.5183	88.5597	-6.957
142.5438	88.5652	-7.097
143.5767	88.5710	-7.330
144.6171	88.5658	-7.513
145.6651	88.5685	-7.696
146.7206	88.5645	-7.883
147.7838	88.5678	-8.043
148.8547	88.5703	-8.253
149.9334	88.5670	-8.440
151.0199	88.5692	-8.605
152.1142	88.5729	-8.801
153.2165	88.5748	-8.987
154.3268	88.5760	-9.177
155.4451	88.5762	-9.346
156.5715	88.5783	-9.528
157.7061	88.5794	-9.708
158.8489	88.5803	-9.904
160.0000	88.5806	-10.099
161.1594	88.5797	-10.308
162.3273	88.5770	-10.487
163.5035	88.5794	-10.670
164.6884	88.5804	-10.854
165.8818	88.5852	-11.045
167.0838	88.5837	-11.265
168.2946	88.5824	-11.435
169.5141	88.5825	-11.629
170.7425	88.5851	-11.793
171.9797	88.5875	-12.012
173.2260	88.5894	-12.192
174.4812	88.5907	-12.414
175.7456	88.5915	-12.609
177.0191	88.5893	-12.809
178.3019	88.5923	-12.985
179.5939	88.5926	-13.204
180.8953	88.5926	-13.384
182.2062	88.5966	-13.631
183.5265	88.5839	-13.828
184.8564	88.5936	-13.959
186.1960	88.5966	-14.207
187.5452	88.5976	-14.390
188.9043	88.5990	-14.597
190.2731	88.5986	-14.805
191.6519	88.5983	-15.005
193.0407	88.5984	-15.227
194.4396	88.5975	-15.433
195.8486	88.5997	-15.641
197.2678	88.6011	-15.844
198.6972	88.6075	-16.042
200.1371	88.6078	-16.295
201.5874	88.6039	-16.482
203.0482	88.6053	-16.680
204.5195	88.6066	-16.891
206.0016	88.6061	-17.088
207.4943	88.6098	-17.285
208.9979	88.6129	-17.524
210.5124	88.6081	-17.749
212.0379	88.6084	-17.946
213.5744	88.6113	-18.173
215.1220	88.6115	-18.382
216.6809	88.6151	-18.584
218.2510	88.6158	-18.804
219.8326	88.6151	-18.998
221.4256	88.6183	-19.237
223.0301	88.6155	-19.502
224.6463	88.6184	-19.749
226.2742	88.6120	-19.967
227.9138	88.6206	-20.138
229.5654	88.6249	-20.351
231.2289	88.6242	-20.585
232.9045	88.6246	-20.806
234.5922	88.6226	-21.048
236.2922	88.6239	-21.277
238.0045	88.6271	-21.526
239.7291	88.6235	-21.765
241.4663	88.6241	-21.989
243.2161	88.6284	-22.194
244.9785	88.6331	-22.433
246.7537	88.6295	-22.682
248.5418	88.6353	-22.879
250.3428	88.6358	-23.145
252.1569	88.6325	-23.385
253.9842	88.6396	-23.581
255.8246	88.6387	-23.878
257.6785	88.6340	-24.123
259.5457	88.6430	-24.380
261.4265	88.6464	-24.590
263.3209	88.6518	-24.806
265.2290	88.6405	-24.951
267.1510	88.6076	-25.320
269.0869	88.6316	-25.274
271.0368	88.6483	-25.764
273.0008	88.6495	-26.121
274.9791	88.6525	-26.334
276.9717	88.6577	-26.575
278.9788	88.6496	-26.827
281.0003	88.6508	-27.119
283.0366	88.6519	-27.342
285.0876	88.6582	-27.600
287.1535	88.6580	-27.884
289.2343	88.6552	-28.138
291.3302	88.6629	-28.372
293.4413	88.6637	-28.686
295.5677	88.6685	-28.922
297.7095	88.6703	-29.191
299.8668	88.6717	-29.453
302.0398	88.6727	-29.746
304.2285	88.6706	-30.000
306.4330	88.6754	-30.287
308.6536	88.6772	-30.559
310.8902	88.6861	-30.844
313.1431	88.6834	-31.083
315.4122	88.6836	-31.354
317.6978	88.6876	-31.627
320.0000	88.6873	-31.939
322.3189	88.6910	-32.220
324.6545	88.6953	-32.515
327.0071	88.6919	-32.796
329.3767	88.6979	-33.066
331.7635	88.6998	-33.368
334.1676	88.7032	-33.635
336.5891	88.7037	-33.920
339.0282	88.7094	-34.206
341.4849	88.7099	-34.533
343.9595	88.7151	-34.805
346.4519	88.7213	-35.111
348.9625	88.7200	-35.420
351.4912	88.7204	-35.678
354.0383	88.7268	-35.972
356.6038	88.7280	-36.295
359.1879	88.7352	-36.603
361.7907	88.7352	-36.915
364.4124	88.7366	-37.212
367.0530	88.7470	-37.532
369.7129	88.7480	-37.854
372.3920	88.7497	-38.162
375.0905	88.7532	-38.481
377.8085	88.7558	-38.802
380.5463	88.7570	-39.104
383.3039	88.7647	-39.427
386.0814	88.7704	-39.755
388.8792	88.7733	-40.060
391.6971	88.7761	-40.381
394.5355	88.7809	-40.735
397.3945	88.7879	-41.059
400.2742	88.7912	-41.358
403.1747	88.7950	-41.709
406.0963	88.7971	-42.057
409.0390	88.8060	-42.393
412.0031	88.8103	-42.700
414.9887	88.8154	-43.051
417.9958	88.8201	-43.407
421.0248	88.8254	-43.730
424.0757	88.8288	-44.084
427.1488	88.8407	-44.438
430.2440	88.8484	-44.804
433.3618	88.8533	-45.120
436.5021	88.8606	-45.481
439.6652	88.8648	-45.838
442.8512	88.8681	-46.195
446.0602	88.8796	-46.557
449.2926	88.8885	-46.921
452.5483	88.8944	-47.299
455.8277	88.9039	-47.644
459.1308	88.9080	-47.988
462.4579	88.9167	-48.384
465.8090	88.9219	-48.766
469.1845	88.9270	-49.157
472.5844	88.9412	-49.536
476.0089	88.9502	-49.923
479.4583	88.9578	-50.301
482.9326	88.9644	-50.680
486.4321	88.9771	-51.092
489.9570	88.9864	-51.485
493.5075	88.9950	-51.861
497.0836	89.0100	-52.265
500.6857	89.0181	-52.664
504.3139	89.0270	-53.064
507.9683	89.0414	-53.438
511.6493	89.0488	-53.871
515.3569	89.0630	-54.269
519.0914	89.0701	-54.705
522.8529	89.0833	-55.131
526.6418	89.0941	-55.565
530.4580	89.1100	-55.974
534.3019	89.1306	-56.393
538.1737	89.1310	-56.827
542.0735	89.1462	-57.275
546.0016	89.1601	-57.679
549.9582	89.1770	-58.131
553.9434	89.1870	-58.559
557.9575	89.2054	-59.014
562.0007	89.2170	-59.464
566.0732	89.2346	-59.892
570.1752	89.2469	-60.367
574.3069	89.2622	-60.814
578.4686	89.2794	-61.288
582.6604	89.2971	-61.766
586.8826	89.3130	-62.239
591.1354	89.3361	-62.714
595.4190	89.3501	-63.180
599.7336	89.3662	-63.664
604.0796	89.3882	-64.169
608.4570	89.4079	-64.654
612.8661	89.4239	-65.156
617.3072	89.4443	-65.649
621.7804	89.4652	-66.154
626.2861	89.4841	-66.644
630.8244	89.5004	-67.175
635.3957	89.5254	-67.694
640.0000	89.5441	-68.221
644.6377	89.5697	-68.772
649.3090	89.5909	-69.294
654.0142	89.6176	-69.825
658.7534	89.6379	-70.354
663.5270	89.6630	-70.929
668.3352	89.6884	-71.473
673.1783	89.7104	-72.036
678.0564	89.7388	-72.609
682.9699	89.7613	-73.178
687.9189	89.7912	-73.760
692.9039	89.8151	-74.345
697.9249	89.8434	-74.931
702.9824	89.8698	-75.557
708.0765	89.8971	-76.148
713.2075	89.9253	-76.744
718.3757	89.9533	-77.372
723.5814	89.9825	-78.011
728.8247	90.0123	-78.618
734.1061	90.0449	-79.255
739.4257	90.0736	-79.916
744.7839	90.1024	-80.554
750.1809	90.1348	-81.204
755.6170	90.1689	-81.867
761.0926	90.1981	-82.541
766.6077	90.2316	-83.242
772.1629	90.2669	-83.931
777.7583	90.2969	-84.613
783.3943	90.3319	-85.340
789.0711	90.3668	-86.049
794.7890	90.4021	-86.756
800.5484	90.4390	-87.485
806.3495	90.4692	-88.247
812.1926	90.5082	-88.991
818.0781	90.5436	-89.747
824.0062	90.5794	-90.485
829.9773	90.6175	-91.251
835.9917	90.6547	-92.050
842.0496	90.6899	-92.832
848.1515	90.7268	-93.643
854.2975	90.7687	-94.466
860.4881	90.8080	-95.276
866.7236	90.8465	-96.112
873.0042	90.8852	-96.947
879.3303	90.9272	-97.798
885.7023	90.9631	-98.653
892.1205	91.0041	-99.510
898.5852	91.0430	-100.402
905.0967	91.0831	-101.293
911.6554	91.1247	-102.190
918.2616	91.1669	-103.093
924.9157	91.2038	-104.025
931.6180	91.2466	-104.951
938.3689	91.2901	-105.904
945.1687	91.3288	-106.837
952.0178	91.3727	-107.803
958.9165	91.4133	-108.785
965.8652	91.4532	-109.759
972.8643	91.4947	-110.781
979.9141	91.5371	-111.798
987.0149	91.5800	-112.800
994.1672	91.6197	-113.824
1001.3714	91.6637	-114.869
1008.6277	91.7036	-115.918
1015.9367	91.7489	-116.979
1023.2986	91.7912	-118.064
1030.7138	91.8285	-119.129
1038.1828	91.8720	-120.261
1045.7059	91.9117	-121.358
1053.2835	91.9531	-122.480
1060.9160	91.9929	-123.600
1068.6039	92.0394	-124.774
1076.3474	92.0809	-125.931
1084.1471	92.1195	-127.081
1092.0032	92.1607	-128.280
1099.9164	92.1991	-129.483
1107.8868	92.2407	-130.690
1115.9150	92.2805	-131.914
1124.0014	92.3234	-133.120
1132.1464	92.3572	-134.362
1140.3504	92.3970	-135.618
1148.6138	92.4408	-136.872
1156.9371	92.4794	-138.172
1165.3208	92.5141	-139.450
1173.7652	92.5548	-140.745
1182.2708	92.5921	-142.064
1190.8380	92.6282	-143.394
1199.4673	92.6661	-144.743
1208.1591	92.7028	-146.097
1216.9139	92.7425	-147.453
1225.7322	92.7780	-148.806
1234.6144	92.8128	-150.188
1243.5609	92.8470	-151.579
1252.5722	92.8803	-152.997
1261.6489	92.9165	-154.406
1270.7913	92.9524	-155.834
1280.0000	92.9854	-157.275
1289.2754	93.0180	-158.755
1298.6180	93.0533	-160.208
1308.0284	93.0827	-161.690
1317.5069	93.1170	-163.176
1327.0541	93.1486	-164.674
1336.6704	93.1822	-166.197
1346.3565	93.2101	-167.733
1356.1128	93.2406	-169.260
1365.9397	93.2730	-170.802
1375.8379	93.2993	-172.357
1385.8078	93.3307	-173.935
1395.8499	93.3578	-175.507
1405.9648	93.3871	-177.139
1416.1530	93.4128	-178.740
1426.4150	93.4434	179.648
1436.7514	93.4658	178.025
1447.1627	93.4940	176.370
1457.6495	93.5195	174.703
1468.2122	93.5449	173.037
1478.8515	93.5694	171.359
1489.5678	93.5976	169.666
1500.3618	93.6203	167.982
1511.2341	93.6428	166.272
1522.1851	93.6644	164.539
1533.2155	93.6896	162.795
1544.3258	93.7102	161.034
1555.5166	93.7351	159.278
1566.7885	93.7556	157.513
1578.1421	93.7753	155.720
1589.5780	93.7954	153.911
1601.0967	93.8174	152.110
1612.6989	93.8375	150.280
1624.3852	93.8537	148.455
1636.1562	93.8763	146.614
1648.0125	93.8925	144.748
1659.9546	93.9103	142.867
1671.9833	93.9286	140.992
1684.0992	93.9431	139.079
1696.3029	93.9624	137.183
1708.5950	93.9770	135.247
1720.9762	93.9930	133.337
1733.4471	94.0105	131.375
1746.0084	94.0270	129.433
1758.6607	94.0400	127.453
1771.4046	94.0552	125.467
1784.2410	94.0702	123.476
1797.1703	94.0841	121.462
1810.1934	94.0977	119.441
1823.3108	94.1080	117.400
1836.5232	94.1237	115.360
1849.8314	94.1358	113.307
1863.2361	94.1485	111.222
1876.7379	94.1604	109.133
1890.3375	94.1705	107.036
1904.0356	94.1835	104.922
1917.8331	94.1951	102.791
1931.7305	94.2063	100.652
1945.7286	94.2158	98.499
1959.8281	94.2250	96.337
1974.0299	94.2386	94.150
1988.3345	94.2465	91.947
2002.7428	94.2557	89.734
2017.2555	94.2655	87.509
2031.8733	94.2738	85.271
2046.5971	94.2848	83.017
2061.4276	94.2914	80.750
2076.3656	94.2991	78.465
2091.4118	94.3076	76.151
2106.5670	94.3156	73.860
2121.8321	94.3220	71.519
2137.2077	94.3296	69.181
2152.6948	94.3377	66.819
2168.2941	94.3450	64.447
2184.0065	94.3513	62.059
2199.8327	94.3582	59.655
2215.7736	94.3648	57.239
2231.8300	94.3729	54.799
2248.0028	94.3782	52.350
2264.2927	94.3819	49.886
2280.7007	94.3894	47.406
2297.2276	94.3943	44.902
2313.8743	94.4001	42.391
2330.6416	94.4050	39.858
2347.5304	94.4118	37.314
2364.5415	94.4153	34.758
2381.6760	94.4207	32.163
2398.9346	94.4253	29.571
2416.3182	94.4309	26.950
2433.8279	94.4347	24.319
2451.4644	94.4404	21.667
2469.2287	94.4440	19.003
2487.1218	94.4481	16.312
2505.1445	94.4521	13.617
2523.2978	94.4568	10.896
2541.5826	94.4603	8.155
2560.0000	94.4638	5.409
2578.5508	94.4673	2.626
2597.2361	94.4718	-0.166
2616.0567	94.4737	-2.967
2635.0137	94.4773	-5.803
2654.1081	94.4817	-8.649
2673.3409	94.4857	-11.526
2692.7130	94.4877	-14.407
2712.2255	94.4915	-17.315
2731.8794	94.4942	-20.232
2751.6758	94.4976	-23.167
2771.6155	94.5015	-26.143
2791.6998	94.5044	-29.116
2811.9296	94.5074	-32.132
2832.3060	94.5096	-35.163
2852.8301	94.5130	-38.195
2873.5028	94.5159	-41.261
2894.3254	94.5180	-44.336
2915.2989	94.5222	-47.443
2936.4244	94.5226	-50.584
2957.7029	94.5264	-53.721
2979.1356	94.5296	-56.884
3000.7237	94.5317	-60.082
3022.4682	94.5351	-63.293
3044.3702	94.5380	-66.521
3066.4310	94.5392	-69.779
3088.6516	94.5409	-73.055
3111.0332	94.5444	-76.355
3133.5771	94.5459	-79.669
3156.2843	94.5493	-83.019
3179.1560	94.5520	-86.383
3202.1935	94.5542	-89.769
3225.3979	94.5565	-93.185
3248.7705	94.5568	-96.618
3272.3124	94.5598	-100.086
3296.0249	94.5631	-103.562
3319.9093	94.5630	-107.065
3343.9667	94.5668	-110.598
3368.1985	94.5676	-114.149
3392.6058	94.5702	-117.723
3417.1900	94.5721	-121.321
3441.9524	94.5750	-124.958
3466.8942	94.5766	-128.610
3492.0167	94.5771	-132.280
3517.3213	94.5798	-135.987
3542.8093	94.5831	-139.702
3568.4820	94.5850	-143.468
3594.3406	94.5855	-147.239
3620.3867	94.5874	-151.047
3646.6215	94.5888	-154.875
3673.0465	94.5893	-158.738
3699.6629	94.5909	-162.619
3726.4721	94.5923	-166.535
3753.4757	94.5946	-170.482
3780.6749	94.5941	-174.442
3808.0713	94.5966	-178.436
3835.6661	94.5991	177.550
3863.4609	94.5994	173.503
3891.4572	94.6013	169.420
3919.6563	94.6024	165.308
3948.0597	94.6032	161.175
3976.6690	94.6032	157.004
4005.4856	94.6052	152.826
4034.5110	94.6058	148.599
4063.7467	94.6065	144.341
4093.1943	94.6088	140.063
4122.8552	94.6087	135.754
4152.7312	94.6088	131.407
4182.8236	94.6097	127.038
4213.1340	94.6116	122.628
4243.6641	94.6120	118.197
4274.4155	94.6121	113.724
4305.3896	94.6121	109.227
4336.5883	94.6132	104.699
4368.0130	94.6162	100.134
4399.6654	94.6150	95.541
4431.5472	94.6146	90.923
4463.6600	94.6159	86.252
4496.0055	94.6167	81.556
4528.5854	94.6173	76.828
4561.4014	94.6177	72.069
4594.4552	94.6187	67.263
4627.7485	94.6197	62.433
4661.2831	94.6188	57.570
4695.0607	94.6219	52.674
4729.0830	94.6209	47.736
4763.3519	94.6225	42.760
4797.8691	94.6221	37.762
4832.6365	94.6233	32.720
4867.6558	94.6248	27.645
4902.9288	94.6256	22.532
4938.4574	94.6265	17.380
4974.2435	94.6270	12.191
5010.2890	94.6289	6.971
5046.5956	94.6305	1.712
5083.1653	94.6319	-3.594
5120.0000	94.6329	-8.925
5157.1016	94.6343	-14.298
5194.4721	94.6360	-19.703
5232.1134	94.6377	-25.147
5270.0275	94.6384	-30.641
5308.2162	94.6410	-36.176
5346.6818	94.6416	-41.742
5385.4260	94.6444	-47.342
5424.4510	94.6460	-52.978
5463.7589	94.6469	-58.669
5503.3515	94.6493	-64.389
5543.2311	94.6507	-70.151
5583.3996	94.6530	-75.960
5623.8592	94.6554	-81.813
5664.6120	94.6568	-87.691
5705.6601	94.6594	-93.622
5747.0057	94.6620	-99.584
5788.6509	94.6640	-105.600
5830.5978	94.6658	-111.658
5872.8487	94.6666	-117.746
5915.4058	94.6670	-123.890
5958.2713	94.6697	-130.070
6001.4474	94.6703	-136.297
6044.9363	94.6713	-142.563
6088.7404	94.6729	-148.881
6132.8620	94.6746	-155.231
6177.3032	94.6756	-161.632
6222.0665	94.6754	-168.082
6267.1541	94.6759	-174.582
6312.5685	94.6771	178.872
6358.3120	94.6764	172.284
6404.3869	94.6779	165.656
6450.7958	94.6758	158.970
6497.5409	94.6758	152.240
6544.6248	94.6765	145.462
6592.0498	94.6748	138.625
6639.8185	94.6740	131.758
6687.9334	94.6728	124.832
6736.3969	94.6712	117.850
6785.2116	94.6715	110.816
6834.3801	94.6685	103.740
6883.9048	94.6677	96.608
6933.7884	94.6668	89.431
6984.0335	94.6638	82.193
7034.6427	94.6616	74.896
7085.6186	94.6610	67.566
7136.9639	94.6593	60.162
7188.6813	94.6575	52.722
7240.7734	94.6551	45.216
7293.2431	94.6543	37.657
7346.0929	94.6510	30.052
7399.3257	94.6499	22.381
7452.9443	94.6486	14.660
7506.9514	94.6453	6.872
7561.3499	94.6446	-0.952
7616.1425	94.6444	-8.844
7671.3322	94.6410	-16.797
7726.9219	94.6404	-24.802
7782.9143	94.6391	-32.859
7839.3125	94.6381	-40.983
7896.1194	94.6379	-49.159
7953.3380	94.6379	-57.398
8010.9711	94.6337	-65.685
8069.0219	94.6349	-74.041
8127.4934	94.6351	-82.448
8186.3886	94.6333	-90.921
8245.7105	94.6339	-99.444
8305.4623	94.6335	-108.052
8365.6471	94.6313	-116.701
8426.2680	94.6313	-125.413
8487.3283	94.6310	-134.181
8548.8309	94.6301	-143.019
8610.7793	94.6282	-151.927
8673.1765	94.6279	-160.886
8736.0260	94.6261	-169.915
8799.3308	94.6254	-179.011
8863.0944	94.6234	171.836
8927.3200	94.6215	162.610
8992.0111	94.6197	153.324
9057.1709	94.6172	143.958
9122.8029	94.6157	134.541
9188.9105	94.6136	125.043
9255.4971	94.6119	115.477
9322.5662	94.6101	105.836
9390.1214	94.6072	96.124
9458.1661	94.6058	86.345
9526.7039	94.6038	76.500
9595.7383	94.6023	66.571
9665.2730	94.6022	56.574
9735.3115	94.5998	46.507
9805.8576	94.5990	36.368
9876.9149	94.5992	26.139
9948.4871	94.5977	15.842
10020.5779	94.5991	5.466
10093.1912	94.5990	-4.970
10166.3306	94.5996	-15.496
10240.0000	94.6012	-26.093
10314.2033	94.6039	-36.764
10388.9442	94.6057	-47.514
10464.2268	94.6079	-58.343
10540.0549	94.6099	-69.246
10616.4325	94.6125	-80.229
10693.3635	94.6160	-91.290
10770.8521	94.6198	-102.414
10848.9021	94.6223	-113.648
10927.5177	94.6246	-124.935
11006.7030	94.6289	-136.321
11086.4621	94.6306	-147.781
11166.7992	94.6334	-159.318
11247.7184	94.6360	-170.952
11329.2240	94.6389	177.339
11411.3202	94.6402	165.544
11494.0114	94.6429	153.659
11577.3017	94.6435	141.679
11661.1956	94.6450	129.634
11745.6975	94.6464	117.475
11830.8116	94.6467	105.243
11916.5426	94.6470	92.902
12002.8947	94.6480	80.479
12089.8727	94.6472	67.964
12177.4809	94.6486	55.357
12265.7239	94.6486	42.658
12354.6064	94.6485	29.856
12444.1330	94.6499	16.962
12534.3083	94.6506	3.971
12625.1370	94.6521	-9.110
12716.6240	94.6525	-22.284
12808.7739	94.6531	-35.559
12901.5916	94.6546	-48.926
12995.0818	94.6556	-62.408
13089.2495	94.6550	-75.967
13184.0996	94.6571	-89.635
13279.6370	94.6568	-103.384
13375.8668	94.6571	-117.247
13472.7938	94.6574	-131.206
13570.4232	94.6559	-145.264
13668.7601	94.6539	-159.431
13767.8096	94.6520	-173.697
13867.5768	94.6498	171.931
13968.0670	94.6474	157.449
14069.2853	94.6416	142.862
14171.2372	94.6386	128.163
14273.9278	94.6326	113.365
14377.3626	94.6279	98.446
14481.5469	94.6239	83.411
14586.4861	94.6191	68.264
14692.1858	94.6139	52.992
14798.6515	94.6082	37.628
14905.8886	94.6052	22.134
15013.9028	94.6005	6.521
15122.6997	94.5967	-9.206
15232.2851	94.5937	-25.037
15342.6645	94.5923	-40.998
15453.8437	94.5919	-57.083
15565.8287	94.5914	-73.257
15678.6251	94.5899	-89.575
15792.2389	94.5892	-105.997
15906.6759	94.5893	-122.546
16021.9423	94.5891	-139.205
16138.0439	94.5878	-155.993
16254.9868	94.5882	-172.916
16372.7771	94.5877	170.038
16491.4210	94.5872	152.869
16610.9246	94.5859	135.566
16731.2942	94.5833	118.137
16852.5361	94.5846	100.570
16974.6565	94.5850	82.856
17097.6619	94.5844	65.019
17221.5586	94.5848	47.033
17346.3531	94.5863	28.933
17472.0519	94.5883	10.690
17598.6616	94.5896	-7.700
17726.1888	94.5938	-26.229
17854.6400	94.5969	-44.884
17984.0221	94.6008	-63.687
18114.3418	94.6042	-82.632
18245.6057	94.6096	-101.705
18377.8209	94.6127	-120.918
18510.9942	94.6156	-140.272
18645.1325	94.6158	-159.773
18780.2428	94.6170	-179.424
18916.3322	94.6146	160.784
19053.4077	94.6140	140.838
19191.4766	94.6109	120.730
19330.5459	94.6083	100.471
19470.6230	94.6034	80.060
19611.7152	94.5994	59.484
19753.8298	94.5944	38.749
19896.9742	94.5901	17.862
