* Helix DSP Ultra S, output layer — LR 12 dB/oct at 1000 Hz, high-pass only.
* ELECTRICAL loop, no microphone: Scarlett 2i2 out L -> Helix line in,
* Helix line out -> Scarlett in 1; out R -> in 2 direct as the timing
* reference, timing offset 0. Everything else in the channel off; no gain,
* level or routing changed within a set, so the ratio to '-bypass' is the
* filter alone.
* REW V5.40 beta 132 measurement 'g2_lr12_1k_hp', 2026-Sep-01 12:03:42, 512k sweep, 1 average, -20 dBFS, 96 kHz,
* 10 Hz - 30 kHz, loopback timing reference. SNR 45.1 dB, delay 0.4034 ms.
* Levels are REW's electrical dB (splOffset 102.34); only ratios within a set carry meaning.
* frequency_Hz<TAB>dB<TAB>phase_deg — REW's UNSMOOTHED raw spectrum (linear bins) resampled to 1/96 octave by complex averaging within each cell,
* with the measurement's own delay removed before averaging and restored after, so the cell average carries no rotation loss.
20.0000	33.2686	-96.179
20.1449	33.0236	-97.520
20.2909	32.7752	-97.339
20.4379	32.4049	-97.049
20.5860	32.3735	-96.434
20.7352	32.3167	-95.238
20.8855	32.2675	-94.120
21.0368	32.4635	-93.285
21.1893	32.7028	-92.297
21.3428	32.8843	-92.703
21.4975	33.1500	-93.272
21.6532	33.3318	-93.658
21.8102	33.5878	-95.794
21.9682	33.7928	-97.402
22.1274	33.8649	-99.306
22.2877	33.9761	-101.826
22.4492	33.9687	-102.978
22.6119	33.9639	-104.659
22.7758	33.9644	-105.627
22.9408	33.9261	-107.410
23.1071	33.9086	-108.406
23.2745	33.8937	-109.675
23.4432	33.8847	-110.693
23.6130	33.8498	-111.772
23.7841	33.8153	-112.941
23.9565	33.7106	-113.572
24.1301	33.5649	-114.463
24.3049	33.4175	-114.102
24.4811	33.1620	-113.439
24.6585	33.1007	-111.798
24.8372	33.0006	-108.463
25.0171	33.1949	-106.285
25.1984	33.6423	-101.857
25.3810	34.0774	-100.824
25.5649	34.9880	-98.817
25.7502	35.4492	-99.617
25.9368	36.3719	-101.065
26.1247	36.7005	-103.201
26.3141	37.3343	-106.901
26.5047	37.4649	-109.690
26.6968	37.7175	-114.084
26.8903	37.6247	-116.879
27.0851	37.5323	-120.655
27.2814	37.2180	-122.685
27.4791	36.9013	-124.883
27.6782	36.4425	-125.214
27.8788	36.0968	-125.481
28.0808	35.7020	-123.586
28.2843	35.5142	-122.651
28.4892	35.4064	-118.592
28.6957	35.4976	-117.533
28.9036	35.6648	-115.682
29.1131	35.8629	-115.013
29.3240	36.0581	-114.374
29.5365	36.3475	-114.303
29.7506	36.4957	-114.283
29.9661	36.9781	-115.353
30.1833	37.1825	-116.528
30.4020	37.4600	-118.042
30.6223	37.6742	-120.819
30.8442	37.8119	-122.462
31.0677	37.8911	-127.997
31.2929	37.7561	-130.470
31.5196	37.6116	-133.560
31.7480	36.9935	-137.533
31.9781	36.7517	-137.820
32.2098	36.2221	-138.435
32.4432	35.9025	-136.914
32.6783	35.6802	-135.812
32.9151	35.7020	-131.748
33.1536	35.9597	-130.433
33.3939	36.1832	-129.349
33.6359	36.7334	-129.386
33.8796	36.9224	-130.054
34.1251	37.0973	-130.661
34.3724	37.2673	-131.466
34.6215	37.3481	-131.201
34.8723	37.4163	-130.986
35.1250	37.7521	-129.665
35.3796	38.0977	-129.336
35.6359	38.3110	-129.155
35.8942	38.9128	-130.458
36.1543	39.3313	-133.427
36.4163	39.3705	-135.046
36.6802	39.4291	-137.057
36.9460	39.1934	-139.910
37.2137	38.9197	-140.465
37.4834	38.7474	-140.837
37.7550	38.3438	-139.304
38.0286	38.2326	-136.421
38.3041	38.3492	-135.096
38.5817	38.4298	-134.236
38.8613	38.7222	-133.741
39.1429	38.9077	-134.525
39.4265	38.9374	-135.527
39.7122	38.9200	-135.767
40.0000	38.8982	-136.061
40.2899	38.9177	-136.122
40.5818	39.0408	-136.477
40.8759	39.1963	-137.648
41.1721	39.2320	-138.451
41.4704	39.2817	-139.499
41.7710	39.2641	-141.247
42.0736	39.2114	-142.357
42.3785	39.2337	-142.821
42.6856	39.3214	-143.079
42.9949	39.3895	-143.288
43.3065	39.6276	-144.284
43.6203	39.8511	-145.904
43.9364	39.9987	-147.734
44.2548	40.0729	-149.314
44.5755	40.1086	-150.414
44.8985	40.1326	-151.008
45.2238	40.1452	-151.039
45.5515	40.1582	-151.069
45.8816	40.2290	-150.361
46.2141	40.4347	-149.111
46.5490	40.8333	-148.204
46.8863	41.3375	-148.725
47.2261	41.7431	-151.015
47.5683	41.8540	-154.301
47.9130	41.5923	-157.011
48.2602	41.0736	-157.255
48.6099	40.6810	-154.025
48.9621	40.8566	-149.277
49.3169	41.5459	-146.868
49.6743	42.2554	-148.235
50.0343	42.6021	-151.978
50.3968	42.4698	-155.804
50.7620	41.9753	-157.463
51.1299	41.4791	-155.571
51.5004	41.4486	-151.310
51.8736	41.9788	-148.196
52.2495	42.6935	-148.272
52.6281	43.2286	-150.870
53.0095	43.4507	-154.411
53.3936	43.3903	-157.518
53.7805	43.1687	-159.341
54.1702	42.9387	-159.673
54.5628	42.8335	-158.907
54.9581	42.9174	-157.872
55.3564	43.1670	-157.440
55.7575	43.4828	-158.216
56.1616	43.7258	-160.303
56.5685	43.6525	-164.555
56.9785	43.0740	-167.269
57.3914	42.5600	-166.116
57.8072	42.3159	-162.666
58.2261	42.5332	-159.029
58.6481	43.0490	-157.414
59.0730	43.5500	-158.139
59.5011	43.8848	-161.035
59.9323	43.9078	-162.946
60.3666	43.9431	-163.088
60.8040	44.1071	-163.167
61.2446	44.3416	-163.971
61.6884	44.5333	-166.600
62.1355	44.4065	-169.091
62.5857	44.1630	-169.371
63.0392	43.9617	-168.060
63.4960	44.1112	-164.403
63.9562	44.7259	-162.249
64.4196	45.1914	-163.008
64.8864	45.4878	-165.005
65.3566	45.4590	-167.917
65.8302	45.1544	-168.471
66.3073	45.0615	-167.077
66.7877	45.3056	-165.635
67.2717	45.5419	-166.728
67.7592	45.4246	-168.103
68.2502	44.9731	-167.182
68.7448	44.8915	-162.815
69.2429	45.3323	-160.563
69.7447	46.1081	-162.025
70.2501	46.4401	-166.380
70.7591	46.3057	-169.071
71.2719	45.9411	-170.279
71.7884	45.7892	-169.409
72.3086	45.9664	-168.788
72.8325	46.2065	-169.072
73.3603	46.4364	-169.963
73.8919	46.6166	-171.316
74.4274	46.6436	-172.339
74.9667	46.5595	-172.687
75.5099	46.5680	-171.443
76.0571	46.9138	-170.314
76.6083	47.3275	-170.990
77.1634	47.5082	-172.875
77.7226	47.5433	-174.469
78.2858	47.5889	-175.391
78.8531	47.5364	-176.747
79.4245	47.3227	-177.288
80.0000	47.2285	-175.527
80.5797	47.5288	-173.579
81.1636	48.0588	-174.461
81.7518	48.3662	-178.178
82.3442	48.2472	179.789
82.9409	48.1264	-179.995
83.5419	48.2172	-179.068
84.1473	48.4743	-179.044
84.7570	48.7003	179.697
85.3712	48.7004	178.712
85.9899	48.6123	178.623
86.6130	48.5899	179.513
87.2406	48.7192	179.785
87.8728	48.7436	179.079
88.5096	48.5799	178.826
89.1509	48.4550	-179.084
89.7970	48.9326	-177.162
90.4477	49.4355	-178.554
91.1031	49.6309	178.215
91.7633	49.4790	175.289
92.4282	49.3493	175.232
93.0980	49.4618	175.776
93.7726	49.5899	176.189
94.4521	49.8014	176.832
95.1366	50.1708	176.929
95.8260	50.4129	176.380
96.5204	50.6307	176.342
97.2198	50.8717	175.076
97.9243	50.6933	173.263
98.6339	50.3651	175.315
99.3486	50.8014	178.140
100.0685	51.3484	175.261
100.7937	51.0743	171.077
101.5241	50.5305	172.110
102.2598	50.7551	175.044
103.0008	51.2163	174.166
103.7472	51.3474	172.689
104.4990	51.5685	172.503
105.2562	51.9160	170.718
106.0189	51.8915	168.130
106.7872	51.6665	168.400
107.5610	51.8452	170.197
108.3404	52.2035	169.606
109.1255	52.1762	167.871
109.9163	52.0170	169.036
110.7128	52.2521	170.554
111.5151	52.5926	169.887
112.3231	52.6715	168.192
113.1371	52.6691	167.978
113.9569	52.9239	167.197
114.7827	52.8931	165.464
115.6145	52.7517	166.289
116.4523	53.2236	167.670
117.2961	53.5993	165.172
118.1461	53.4992	164.182
119.0022	53.6123	164.793
119.8646	53.7353	164.270
120.7332	53.7553	164.766
121.6080	54.0436	164.876
122.4893	54.1645	163.216
123.3769	54.0796	162.709
124.2709	54.0835	162.852
125.1714	54.2161	163.224
126.0785	54.4733	162.251
126.9921	54.3731	160.576
127.9123	54.2585	161.810
128.8392	54.6023	162.288
129.7728	54.7497	160.868
130.7132	54.7585	160.804
131.6604	54.9044	160.735
132.6145	54.9900	160.396
133.5755	55.1828	160.627
134.5434	55.4453	159.863
135.5184	55.5204	158.240
136.5004	55.4452	157.750
137.4895	55.4884	158.101
138.4858	55.6246	158.402
139.4894	55.8607	157.413
140.5002	55.6900	156.463
141.5183	55.7247	158.601
142.5438	56.1698	158.552
143.5767	56.3669	156.642
144.6171	56.3641	155.833
145.6651	56.4528	156.443
146.7206	56.7355	155.563
147.7838	56.6543	154.651
148.8547	56.7475	155.552
149.9334	56.9523	155.094
151.0199	57.1616	154.850
152.1142	57.4447	152.928
153.2165	57.3027	151.832
154.3268	57.5208	152.896
155.4451	57.6904	151.555
156.5715	57.8043	152.225
157.7061	57.9431	151.400
158.8489	57.9637	151.719
160.0000	58.1399	150.997
161.1594	58.0792	150.153
162.3273	58.1416	150.354
163.5035	58.3393	149.829
164.6884	58.5199	149.008
165.8818	58.6611	148.174
167.0838	58.6650	147.619
168.2946	58.7934	148.198
169.5141	58.8887	147.645
170.7425	58.9657	148.032
171.9797	59.1695	147.170
173.2260	59.2552	146.038
174.4812	59.3026	145.520
175.7456	59.4671	145.216
177.0191	59.5439	144.922
178.3019	59.6941	144.824
179.5939	59.7990	144.735
180.8953	60.0068	144.300
182.2062	60.2497	142.642
183.5265	60.0979	140.402
184.8564	60.1663	142.204
186.1960	60.4422	141.231
187.5452	60.5593	141.793
188.9043	60.7678	140.897
190.2731	60.8439	140.614
191.6519	60.9730	139.623
193.0407	61.0476	139.156
194.4396	61.1123	138.496
195.8486	61.1339	138.249
197.2678	61.2290	138.900
198.6972	61.3810	138.374
200.1371	61.5305	138.587
201.5874	61.7414	137.974
203.0482	61.8732	136.725
204.5195	61.9119	136.455
206.0016	61.9317	136.120
207.4943	62.1125	136.198
208.9979	62.2539	135.064
210.5124	62.3248	133.957
212.0379	62.4372	134.177
213.5744	62.6376	133.645
215.1220	62.7397	133.689
216.6809	62.8213	132.981
218.2510	62.9109	132.713
219.8326	63.0058	131.908
221.4256	63.1749	131.259
223.0301	63.2876	131.028
224.6463	63.5972	131.502
226.2742	63.7001	129.532
227.9138	63.6731	130.286
229.5654	63.8211	129.921
231.2289	63.9099	128.776
232.9045	63.9882	128.219
234.5922	64.0887	127.961
236.2922	64.2263	127.173
238.0045	64.2904	127.156
239.7291	64.3594	126.886
241.4663	64.6066	125.833
243.2161	64.6186	124.985
244.9785	64.8013	124.721
246.7537	64.9460	124.369
248.5418	65.0377	124.142
250.3428	65.1180	123.042
252.1569	65.2882	121.912
253.9842	65.4014	121.873
255.8246	65.6186	121.481
257.6785	65.6566	120.951
259.5457	65.7008	120.504
261.4265	65.7792	119.189
263.3209	66.0376	119.291
265.2290	66.3422	121.103
267.1510	66.6351	122.654
269.0869	66.9203	116.678
271.0368	66.2576	118.500
273.0008	66.4369	117.665
274.9791	66.6725	116.315
276.9717	66.7648	115.698
278.9788	66.8693	115.321
281.0003	66.9498	114.816
283.0366	66.9698	114.558
285.0876	67.2476	113.899
287.1535	67.2969	112.702
289.2343	67.4731	111.992
291.3302	67.5192	111.852
293.4413	67.6608	111.252
295.5677	67.7756	110.150
297.7095	67.8817	109.943
299.8668	68.0450	109.467
302.0398	68.1247	108.834
304.2285	68.2345	108.186
306.4330	68.3541	107.812
308.6536	68.4610	107.236
310.8902	68.6556	106.635
313.1431	68.6806	106.014
315.4122	68.7696	105.231
317.6978	68.9293	104.823
320.0000	69.0525	103.833
322.3189	69.1415	103.403
324.6545	69.2105	102.787
327.0071	69.3287	102.013
329.3767	69.4163	101.434
331.7635	69.5855	100.932
334.1676	69.6720	100.163
336.5891	69.7796	99.653
339.0282	69.9189	99.011
341.4849	70.0491	98.381
343.9595	70.1460	97.713
346.4519	70.2681	97.310
348.9625	70.3337	96.544
351.4912	70.4392	95.702
354.0383	70.5533	95.056
356.6038	70.6895	94.278
359.1879	70.7869	93.646
361.7907	70.8941	93.089
364.4124	70.9910	92.336
367.0530	71.1670	91.831
369.7129	71.2333	90.825
372.3920	71.3375	90.277
375.0905	71.4373	89.553
377.8085	71.5297	88.905
380.5463	71.6529	88.223
383.3039	71.7626	87.428
386.0814	71.8974	86.623
388.8792	71.9952	85.880
391.6971	72.1020	85.332
394.5355	72.2011	84.567
397.3945	72.3003	83.752
400.2742	72.4133	83.019
403.1747	72.5099	82.337
406.0963	72.6272	81.751
409.0390	72.7363	80.949
412.0031	72.8443	80.120
414.9887	72.9487	79.420
417.9958	73.0518	78.661
421.0248	73.1768	77.946
424.0757	73.2790	77.131
427.1488	73.3742	76.472
430.2440	73.4873	75.602
433.3618	73.5719	74.775
436.5021	73.6789	74.069
439.6652	73.7931	73.119
442.8512	73.8777	72.341
446.0602	73.9806	71.549
449.2926	74.0887	70.737
452.5483	74.2055	69.994
455.8277	74.3055	69.115
459.1308	74.4322	68.377
462.4579	74.5262	67.549
465.8090	74.6128	66.705
469.1845	74.7185	65.818
472.5844	74.8220	65.022
476.0089	74.9205	64.108
479.4583	75.0336	63.295
482.9326	75.1200	62.530
486.4321	75.2310	61.574
489.9570	75.3264	60.778
493.5075	75.4282	60.066
497.0836	75.5418	58.975
500.6857	75.6264	58.059
504.3139	75.7443	57.299
507.9683	75.8501	56.459
511.6493	75.9360	55.509
515.3569	76.0246	54.664
519.0914	76.1263	53.718
522.8529	76.2347	52.926
526.6418	76.3267	52.044
530.4580	76.4040	51.021
534.3019	76.5590	50.005
538.1737	76.6240	49.008
542.0735	76.7107	48.321
546.0016	76.8096	47.213
549.9582	76.8871	46.359
553.9434	77.0025	45.268
557.9575	77.0970	44.298
562.0007	77.1962	43.379
566.0732	77.2865	42.345
570.1752	77.3844	41.429
574.3069	77.4867	40.494
578.4686	77.5809	39.446
582.6604	77.6644	38.479
586.8826	77.7475	37.553
591.1354	77.8486	36.621
595.4190	77.9462	35.575
599.7336	78.0463	34.589
604.0796	78.1243	33.553
608.4570	78.2308	32.486
612.8661	78.3228	31.423
617.3072	78.3982	30.310
621.7804	78.4902	29.308
626.2861	78.5987	28.353
630.8244	78.6708	27.309
635.3957	78.7620	26.269
640.0000	78.8616	25.237
644.6377	78.9320	24.116
649.3090	79.0317	23.021
654.0142	79.1200	21.998
658.7534	79.2127	20.900
663.5270	79.3030	19.782
668.3352	79.3781	18.632
673.1783	79.4665	17.606
678.0564	79.5560	16.530
682.9699	79.6411	15.296
687.9189	79.7319	14.212
692.9039	79.8123	13.127
697.9249	79.9026	12.003
702.9824	79.9859	10.887
708.0765	80.0651	9.735
713.2075	80.1561	8.661
718.3757	80.2342	7.362
723.5814	80.3120	6.211
728.8247	80.3956	5.071
734.1061	80.4780	3.964
739.4257	80.5548	2.756
744.7839	80.6377	1.592
750.1809	80.7306	0.378
755.6170	80.8054	-0.814
761.0926	80.8806	-1.982
766.6077	80.9656	-3.248
772.1629	81.0431	-4.462
777.7583	81.1300	-5.712
783.3943	81.2132	-6.913
789.0711	81.2869	-8.207
794.7890	81.3563	-9.412
800.5484	81.4220	-10.699
806.3495	81.5174	-11.882
812.1926	81.5901	-13.213
818.0781	81.6714	-14.431
824.0062	81.7369	-15.728
829.9773	81.8210	-16.994
835.9917	81.8928	-18.231
842.0496	81.9655	-19.617
848.1515	82.0403	-20.916
854.2975	82.1130	-22.187
860.4881	82.1933	-23.503
866.7236	82.2555	-24.850
873.0042	82.3325	-26.181
879.3303	82.4024	-27.463
885.7023	82.4695	-28.840
892.1205	82.5464	-30.203
898.5852	82.6104	-31.526
905.0967	82.6755	-32.938
911.6554	82.7579	-34.287
918.2616	82.8226	-35.628
924.9157	82.8905	-36.982
931.6180	82.9629	-38.410
938.3689	83.0256	-39.832
945.1687	83.0956	-41.191
952.0178	83.1601	-42.601
958.9165	83.2270	-44.020
965.8652	83.2902	-45.454
972.8643	83.3568	-46.906
979.9141	83.4278	-48.367
987.0149	83.4871	-49.807
994.1672	83.5551	-51.210
1001.3714	83.6144	-52.723
1008.6277	83.6846	-54.166
1015.9367	83.7365	-55.604
1023.2986	83.8025	-57.122
1030.7138	83.8666	-58.627
1038.1828	83.9246	-60.135
1045.7059	83.9840	-61.621
1053.2835	84.0489	-63.112
1060.9160	84.1150	-64.671
1068.6039	84.1730	-66.138
1076.3474	84.2365	-67.782
1084.1471	84.2924	-69.229
1092.0032	84.3510	-70.791
1099.9164	84.4052	-72.371
1107.8868	84.4620	-73.965
1115.9150	84.5209	-75.504
1124.0014	84.5722	-77.109
1132.1464	84.6302	-78.692
1140.3504	84.6800	-80.258
1148.6138	84.7436	-81.894
1156.9371	84.7942	-83.510
1165.3208	84.8464	-85.078
1173.7652	84.9029	-86.748
1182.2708	84.9560	-88.396
1190.8380	85.0121	-90.054
1199.4673	85.0601	-91.674
1208.1591	85.1095	-93.336
1216.9139	85.1678	-95.015
1225.7322	85.2176	-96.681
1234.6144	85.2631	-98.389
1243.5609	85.3203	-100.061
1252.5722	85.3665	-101.781
1261.6489	85.4171	-103.490
1270.7913	85.4664	-105.199
1280.0000	85.5053	-106.938
1289.2754	85.5652	-108.705
1298.6180	85.6142	-110.388
1308.0284	85.6542	-112.187
1317.5069	85.6968	-113.955
1327.0541	85.7506	-115.694
1336.6704	85.7942	-117.527
1346.3565	85.8458	-119.334
1356.1128	85.8800	-121.062
1365.9397	85.9348	-122.917
1375.8379	85.9693	-124.751
1385.8078	86.0176	-126.536
1395.8499	86.0647	-128.415
1405.9648	86.1017	-130.240
1416.1530	86.1392	-132.115
1426.4150	86.1845	-133.981
1436.7514	86.2276	-135.840
1447.1627	86.2678	-137.755
1457.6495	86.3047	-139.630
1468.2122	86.3515	-141.517
1478.8515	86.3889	-143.452
1489.5678	86.4271	-145.367
1500.3618	86.4674	-147.271
1511.2341	86.5038	-149.253
1522.1851	86.5498	-151.209
1533.2155	86.5789	-153.166
1544.3258	86.6195	-155.124
1555.5166	86.6588	-157.152
1566.7885	86.6953	-159.120
1578.1421	86.7280	-161.164
1589.5780	86.7664	-163.117
1601.0967	86.7989	-165.184
1612.6989	86.8311	-167.203
1624.3852	86.8673	-169.245
1636.1562	86.8998	-171.323
1648.0125	86.9305	-173.387
1659.9546	86.9718	-175.498
1671.9833	87.0052	-177.582
1684.0992	87.0412	-179.690
1696.3029	87.0654	178.216
1708.5950	87.1027	176.088
1720.9762	87.1284	173.934
1733.4471	87.1596	171.791
1746.0084	87.1924	169.614
1758.6607	87.2200	167.463
1771.4046	87.2516	165.275
1784.2410	87.2885	163.087
1797.1703	87.3095	160.837
1810.1934	87.3390	158.618
1823.3108	87.3694	156.411
1836.5232	87.3944	154.160
1849.8314	87.4223	151.880
1863.2361	87.4532	149.617
1876.7379	87.4782	147.320
1890.3375	87.5065	145.037
1904.0356	87.5333	142.679
1917.8331	87.5583	140.381
1931.7305	87.5871	138.084
1945.7286	87.6072	135.709
1959.8281	87.6313	133.332
1974.0299	87.6580	130.994
1988.3345	87.6830	128.601
2002.7428	87.7085	126.174
2017.2555	87.7284	123.734
2031.8733	87.7544	121.343
2046.5971	87.7808	118.905
2061.4276	87.7984	116.442
2076.3656	87.8278	113.937
2091.4118	87.8458	111.460
2106.5670	87.8659	108.978
2121.8321	87.8951	106.446
2137.2077	87.9133	103.939
2152.6948	87.9278	101.366
2168.2941	87.9507	98.792
2184.0065	87.9732	96.247
2199.8327	87.9989	93.650
2215.7736	88.0158	91.036
2231.8300	88.0336	88.410
2248.0028	88.0555	85.780
2264.2927	88.0746	83.116
2280.7007	88.0915	80.477
2297.2276	88.1132	77.772
2313.8743	88.1273	75.107
2330.6416	88.1476	72.349
2347.5304	88.1640	69.651
2364.5415	88.1833	66.895
2381.6760	88.2040	64.132
2398.9346	88.2231	61.337
2416.3182	88.2355	58.554
2433.8279	88.2575	55.734
2451.4644	88.2728	52.903
2469.2287	88.2897	50.044
2487.1218	88.3097	47.193
2505.1445	88.3242	44.304
2523.2978	88.3386	41.402
2541.5826	88.3527	38.499
2560.0000	88.3702	35.570
2578.5508	88.3847	32.608
2597.2361	88.4011	29.622
2616.0567	88.4147	26.656
2635.0137	88.4304	23.635
2654.1081	88.4456	20.639
2673.3409	88.4612	17.561
2692.7130	88.4762	14.506
2712.2255	88.4929	11.398
2731.8794	88.5045	8.310
2751.6758	88.5247	5.203
2771.6155	88.5362	2.051
2791.6998	88.5473	-1.113
2811.9296	88.5629	-4.270
2832.3060	88.5750	-7.491
2852.8301	88.5931	-10.704
2873.5028	88.6048	-13.924
2894.3254	88.6205	-17.191
2915.2989	88.6326	-20.477
2936.4244	88.6447	-23.768
2957.7029	88.6636	-27.085
2979.1356	88.6721	-30.435
3000.7237	88.6845	-33.773
3022.4682	88.6981	-37.162
3044.3702	88.7110	-40.572
3066.4310	88.7245	-43.969
3088.6516	88.7379	-47.402
3111.0332	88.7516	-50.863
3133.5771	88.7631	-54.370
3156.2843	88.7745	-57.879
3179.1560	88.7868	-61.387
3202.1935	88.7987	-64.942
3225.3979	88.8136	-68.536
3248.7705	88.8268	-72.117
3272.3124	88.8348	-75.737
3296.0249	88.8446	-79.358
3319.9093	88.8620	-83.034
3343.9667	88.8742	-86.713
3368.1985	88.8818	-90.442
3392.6058	88.8955	-94.160
3417.1900	88.9080	-97.936
3441.9524	88.9182	-101.708
3466.8942	88.9289	-105.503
3492.0167	88.9380	-109.336
3517.3213	88.9490	-113.205
3542.8093	88.9610	-117.041
3568.4820	88.9704	-120.962
3594.3406	88.9847	-124.868
3620.3867	88.9948	-128.827
3646.6215	89.0022	-132.825
3673.0465	89.0127	-136.825
3699.6629	89.0215	-140.839
3726.4721	89.0314	-144.893
3753.4757	89.0427	-148.981
3780.6749	89.0511	-153.059
3808.0713	89.0587	-157.195
3835.6661	89.0695	-161.371
3863.4609	89.0750	-165.539
3891.4572	89.0871	-169.763
3919.6563	89.0935	-173.991
3948.0597	89.1027	-178.260
3976.6690	89.1087	177.434
4005.4856	89.1180	173.092
4034.5110	89.1243	168.742
4063.7467	89.1329	164.387
4093.1943	89.1390	159.944
4122.8552	89.1463	155.505
4152.7312	89.1554	151.036
4182.8236	89.1604	146.557
4213.1340	89.1703	142.011
4243.6641	89.1743	137.440
4274.4155	89.1785	132.837
4305.3896	89.1862	128.244
4336.5883	89.1928	123.553
4368.0130	89.1965	118.876
4399.6654	89.2007	114.161
4431.5472	89.2073	109.394
4463.6600	89.2148	104.604
4496.0055	89.2177	99.807
4528.5854	89.2244	94.942
4561.4014	89.2300	90.058
4594.4552	89.2329	85.131
4627.7485	89.2392	80.191
4661.2831	89.2446	75.199
4695.0607	89.2477	70.162
4729.0830	89.2537	65.104
4763.3519	89.2591	60.016
4797.8691	89.2599	54.894
4832.6365	89.2666	49.723
4867.6558	89.2742	44.534
4902.9288	89.2769	39.280
4938.4574	89.2812	34.039
4974.2435	89.2864	28.713
5010.2890	89.2957	23.379
5046.5956	89.2954	17.985
5083.1653	89.3012	12.572
5120.0000	89.3091	7.105
5157.1016	89.3136	1.630
5194.4721	89.3195	-3.914
5232.1134	89.3244	-9.493
5270.0275	89.3308	-15.089
5308.2162	89.3354	-20.744
5346.6818	89.3425	-26.436
5385.4260	89.3467	-32.139
5424.4510	89.3539	-37.886
5463.7589	89.3608	-43.700
5503.3515	89.3689	-49.538
5543.2311	89.3753	-55.427
5583.3996	89.3772	-61.329
5623.8592	89.3853	-67.290
5664.6120	89.3923	-73.284
5705.6601	89.3981	-79.325
5747.0057	89.4031	-85.395
5788.6509	89.4106	-91.525
5830.5978	89.4172	-97.661
5872.8487	89.4274	-103.873
5915.4058	89.4299	-110.115
5958.2713	89.4355	-116.398
6001.4474	89.4397	-122.722
6044.9363	89.4464	-129.109
6088.7404	89.4536	-135.516
6132.8620	89.4570	-141.958
6177.3032	89.4633	-148.460
6222.0665	89.4656	-154.995
6267.1541	89.4719	-161.590
6312.5685	89.4721	-168.213
6358.3120	89.4781	-174.904
6404.3869	89.4810	178.377
6450.7958	89.4850	171.601
6497.5409	89.4880	164.785
6544.6248	89.4907	157.930
6592.0498	89.4902	151.014
6639.8185	89.4949	144.050
6687.9334	89.4926	137.043
6736.3969	89.4958	129.971
6785.2116	89.4933	122.863
6834.3801	89.4949	115.691
6883.9048	89.4964	108.479
6933.7884	89.4947	101.222
6984.0335	89.4937	93.889
7034.6427	89.4930	86.511
7085.6186	89.4928	79.087
7136.9639	89.4919	71.599
7188.6813	89.4906	64.052
7240.7734	89.4906	56.471
7293.2431	89.4895	48.820
7346.0929	89.4906	41.120
7399.3257	89.4881	33.351
7452.9443	89.4889	25.551
7506.9514	89.4898	17.671
7561.3499	89.4893	9.751
7616.1425	89.4890	1.775
7671.3322	89.4893	-6.269
7726.9219	89.4892	-14.374
7782.9143	89.4913	-22.512
7839.3125	89.4902	-30.723
7896.1194	89.4935	-38.988
7953.3380	89.4967	-47.325
8010.9711	89.4993	-55.691
8069.0219	89.5002	-64.129
8127.4934	89.4993	-72.620
8186.3886	89.5037	-81.176
8245.7105	89.5052	-89.803
8305.4623	89.5088	-98.460
8365.6471	89.5091	-107.193
8426.2680	89.5147	-115.983
8487.3283	89.5137	-124.837
8548.8309	89.5190	-133.711
8610.7793	89.5187	-142.708
8673.1765	89.5213	-151.730
8736.0260	89.5235	-160.830
8799.3308	89.5235	-169.997
8863.0944	89.5238	-179.213
8927.3200	89.5229	171.494
8992.0111	89.5226	162.141
9057.1709	89.5222	152.712
9122.8029	89.5227	143.227
9188.9105	89.5202	133.660
9255.4971	89.5197	124.036
9322.5662	89.5185	114.347
9390.1214	89.5151	104.567
9458.1661	89.5141	94.716
9526.7039	89.5119	84.787
9595.7383	89.5112	74.791
9665.2730	89.5079	64.733
9735.3115	89.5078	54.590
9805.8576	89.5071	44.368
9876.9149	89.5049	34.069
9948.4871	89.5071	23.708
10020.5779	89.5057	13.265
10093.1912	89.5103	2.742
10166.3306	89.5123	-7.854
10240.0000	89.5118	-18.543
10314.2033	89.5167	-29.268
10388.9442	89.5178	-40.103
10464.2268	89.5245	-51.004
10540.0549	89.5276	-61.960
10616.4325	89.5330	-73.023
10693.3635	89.5384	-84.151
10770.8521	89.5446	-95.343
10848.9021	89.5491	-106.625
10927.5177	89.5573	-117.988
11006.7030	89.5592	-129.436
11086.4621	89.5641	-140.954
11166.7992	89.5718	-152.549
11247.7184	89.5740	-164.213
11329.2240	89.5802	-175.973
11411.3202	89.5820	172.159
11494.0114	89.5825	160.232
11577.3017	89.5850	148.224
11661.1956	89.5858	136.110
11745.6975	89.5870	123.896
11830.8116	89.5885	111.603
11916.5426	89.5876	99.218
12002.8947	89.5865	86.747
12089.8727	89.5859	74.163
12177.4809	89.5884	61.483
12265.7239	89.5894	48.735
12354.6064	89.5885	35.864
12444.1330	89.5869	22.899
12534.3083	89.5854	9.850
12625.1370	89.5896	-3.300
12716.6240	89.5902	-16.553
12808.7739	89.5926	-29.876
12901.5916	89.5931	-43.315
12995.0818	89.5982	-56.861
13089.2495	89.6031	-70.468
13184.0996	89.6052	-84.199
13279.6370	89.6041	-98.030
13375.8668	89.6098	-111.929
13472.7938	89.6119	-125.936
13570.4232	89.6104	-140.041
13668.7601	89.6115	-154.236
13767.8096	89.6100	-168.553
13867.5768	89.6077	177.058
13968.0670	89.6025	162.517
14069.2853	89.6039	147.905
14171.2372	89.5979	133.142
14273.9278	89.5909	118.304
14377.3626	89.5856	103.329
14481.5469	89.5802	88.253
14586.4861	89.5737	73.036
14692.1858	89.5678	57.729
14798.6515	89.5661	42.304
14905.8886	89.5585	26.736
15013.9028	89.5561	11.078
15122.6997	89.5546	-4.711
15232.2851	89.5528	-20.608
15342.6645	89.5507	-36.643
15453.8437	89.5523	-52.771
15565.8287	89.5509	-69.017
15678.6251	89.5504	-85.370
15792.2389	89.5554	-101.849
15906.6759	89.5568	-118.415
16021.9423	89.5574	-135.139
16138.0439	89.5605	-151.962
16254.9868	89.5611	-168.920
16372.7771	89.5588	174.010
16491.4210	89.5595	156.793
16610.9246	89.5599	139.457
16731.2942	89.5568	121.975
16852.5361	89.5544	104.373
16974.6565	89.5495	86.615
17097.6619	89.5524	68.736
17221.5586	89.5499	50.707
17346.3531	89.5517	32.541
17472.0519	89.5510	14.231
17598.6616	89.5538	-4.220
17726.1888	89.5576	-22.779
17854.6400	89.5628	-41.526
17984.0221	89.5677	-60.385
18114.3418	89.5757	-79.347
18245.6057	89.5847	-98.475
18377.8209	89.5866	-117.729
18510.9942	89.5926	-137.122
18645.1325	89.5932	-156.665
18780.2428	89.5943	-176.323
18916.3322	89.5947	163.837
19053.4077	89.5902	143.849
19191.4766	89.5873	123.718
19330.5459	89.5823	103.417
19470.6230	89.5759	82.978
19611.7152	89.5713	62.349
19753.8298	89.5635	41.547
19896.9742	89.5588	20.608
