* Helix DSP Ultra S, output layer - channel gain 0.0 dB - the set's reference, and the reference the cascade set should use.
* ELECTRICAL loop, no microphone: Scarlett 2i2 out L -> Helix line in,
* Helix line out -> Scarlett in 1; out R -> in 2 direct as the timing
* reference, timing offset 0. Everything else in the channel off; no gain,
* level or routing changed within a set, so the ratio to the set's reference
* is the filter alone.
* REW V5.40 beta 134 measurement #81 'o0_gain_0', 2026-Sep-02 11:11:49, 512k sweep, 1 average, 96 kHz,
* 20 Hz - 20 kHz, loopback timing reference. SNR 48.8 dB, delay -9.0175 ms.
* Levels are REW's electrical dB (splOffset 120.00); only ratios within a set carry meaning.
* frequency_Hz<TAB>dB<TAB>phase_deg - REW's UNSMOOTHED raw spectrum (linear bins) resampled to 1/96 octave by complex averaging within each cell,
* with the measurement's own delay removed before averaging and restored after, so the cell average carries no rotation loss.
20.0000	107.5682	129.951
20.1449	107.5682	130.421
20.2909	107.5917	130.485
20.4379	107.6262	130.376
20.5860	107.6363	130.652
20.7352	107.6557	130.751
20.8855	107.6740	130.883
21.0368	107.6937	130.960
21.1893	107.7186	130.944
21.3428	107.7308	131.181
21.4975	107.7493	131.291
21.6532	107.7625	131.524
21.8102	107.7863	131.511
21.9682	107.8056	131.613
22.1274	107.8229	131.735
22.2877	107.8470	131.723
22.4492	107.8587	131.973
22.6119	107.8762	132.100
22.7758	107.8863	132.404
22.9408	107.9108	132.380
23.1071	107.9245	132.614
23.2745	107.9454	132.698
23.4432	107.9625	132.882
23.6130	107.9808	133.053
23.7841	108.0009	133.200
23.9565	108.0168	133.438
24.1301	108.0392	133.558
24.3049	108.0528	133.847
24.4811	108.0764	133.947
24.6585	108.0880	134.275
24.8372	108.1113	134.366
25.0171	108.1213	134.722
25.1984	108.1434	134.816
25.3810	108.1525	135.192
25.5649	108.1732	135.304
25.7502	108.1821	135.690
25.9368	108.2017	135.832
26.1247	108.2112	136.218
26.3141	108.2300	136.398
26.5047	108.2407	136.774
26.6968	108.2585	136.998
26.8903	108.2706	137.355
27.0851	108.2868	137.629
27.2814	108.3001	137.958
27.4791	108.3138	138.289
27.6782	108.3284	138.584
27.8788	108.3390	138.983
28.0808	108.3547	139.240
28.2843	108.3622	139.714
28.4892	108.3841	139.815
28.6957	108.3917	140.288
28.9036	108.4054	140.612
29.1131	108.4160	141.024
29.3240	108.4268	141.441
29.5365	108.4406	141.783
29.7506	108.4479	142.296
29.9661	108.4685	142.471
30.1833	108.4767	142.958
30.4020	108.4882	143.369
30.6223	108.4997	143.770
30.8442	108.5069	144.299
31.0677	108.5249	144.534
31.2929	108.5328	145.050
31.5196	108.5426	145.526
31.7480	108.5600	145.806
31.9781	108.5654	146.408
32.2098	108.5770	146.856
32.4432	108.5868	147.353
32.6783	108.5936	147.938
32.9151	108.6098	148.276
33.1536	108.6182	148.823
33.3939	108.6256	149.405
33.6359	108.6411	149.768
33.8796	108.6487	150.343
34.1251	108.6560	150.936
34.3724	108.6698	151.321
34.6215	108.6766	151.907
34.8723	108.6825	152.533
35.1250	108.6941	152.957
35.3796	108.7010	153.551
35.6359	108.7055	154.236
35.8942	108.7174	154.712
36.1543	108.7305	155.208
36.4163	108.7368	155.907
36.6802	108.7447	156.573
36.9460	108.7592	157.092
37.2137	108.7677	157.746
37.4834	108.7729	158.490
37.7550	108.7847	159.024
38.0286	108.7944	159.570
38.3041	108.7993	160.267
38.5817	108.8026	161.034
38.8613	108.8102	161.622
39.1429	108.8181	162.226
39.4265	108.8268	162.843
39.7122	108.8308	163.637
40.0000	108.8359	164.403
40.2899	108.8449	165.043
40.5818	108.8532	165.696
40.8759	108.8611	166.364
41.1721	108.8645	167.206
41.4704	108.8690	168.017
41.7710	108.8773	168.722
42.0736	108.8862	169.437
42.3785	108.8952	170.158
42.6856	108.9000	171.003
42.9949	108.9037	171.889
43.3065	108.9112	172.630
43.6203	108.9176	173.385
43.9364	108.9235	174.155
44.2548	108.9293	174.942
44.5755	108.9355	175.744
44.8985	108.9421	176.558
45.2238	108.9455	177.500
45.5515	108.9489	178.446
45.8816	108.9557	179.288
46.2141	108.9624	-179.861
46.5490	108.9688	-179.003
46.8863	108.9749	-178.136
47.2261	108.9804	-177.262
47.5683	108.9855	-176.376
47.9130	108.9904	-175.476
48.2602	108.9954	-174.562
48.6099	109.0013	-173.632
48.9621	109.0078	-172.691
49.3169	109.0147	-171.741
49.6743	109.0213	-170.780
50.0343	109.0271	-169.808
50.3968	109.0321	-168.820
50.7620	109.0367	-167.818
51.1299	109.0413	-166.802
51.5004	109.0459	-165.779
51.8736	109.0501	-164.749
52.2495	109.0536	-163.713
52.6281	109.0564	-162.665
53.0095	109.0591	-161.603
53.3936	109.0623	-160.528
53.7805	109.0663	-159.441
54.1702	109.0709	-158.345
54.5628	109.0757	-157.240
54.9581	109.0804	-156.123
55.3564	109.0849	-154.993
55.7575	109.0898	-153.850
56.1616	109.0948	-152.696
56.5685	109.1015	-151.616
56.9785	109.1062	-150.524
57.3914	109.1079	-149.334
57.8072	109.1093	-148.126
58.2261	109.1112	-146.901
58.6481	109.1139	-145.663
59.0730	109.1173	-144.417
59.5011	109.1227	-143.235
59.9323	109.1276	-142.051
60.3666	109.1303	-140.787
60.8040	109.1325	-139.511
61.2446	109.1343	-138.220
61.6884	109.1374	-136.974
62.1355	109.1422	-135.704
62.5857	109.1468	-134.362
63.0392	109.1517	-133.012
63.4960	109.1579	-131.722
63.9562	109.1615	-130.420
64.4196	109.1627	-129.037
64.8864	109.1637	-127.637
65.3566	109.1662	-126.280
65.8302	109.1695	-124.914
66.3073	109.1718	-123.482
66.7877	109.1748	-122.094
67.2717	109.1776	-120.687
67.7592	109.1799	-119.206
68.2502	109.1847	-117.761
68.7448	109.1905	-116.309
69.2429	109.1941	-114.801
69.7447	109.1977	-113.340
70.2501	109.1999	-111.863
70.7591	109.2012	-110.314
71.2719	109.2040	-108.799
71.7884	109.2073	-107.273
72.3086	109.2101	-105.732
72.8325	109.2125	-104.171
73.3603	109.2156	-102.588
73.8919	109.2192	-100.994
74.4274	109.2213	-99.347
74.9667	109.2231	-97.733
75.5099	109.2238	-96.100
76.0571	109.2249	-94.445
76.6083	109.2272	-92.776
77.1634	109.2308	-91.101
77.7226	109.2349	-89.469
78.2858	109.2362	-87.777
78.8531	109.2364	-86.055
79.4245	109.2380	-84.306
80.0000	109.2421	-82.544
80.5797	109.2464	-80.782
81.1636	109.2481	-79.013
81.7518	109.2480	-77.253
82.3442	109.2492	-75.426
82.9409	109.2531	-73.588
83.5419	109.2576	-71.748
84.1473	109.2607	-69.903
84.7570	109.2622	-68.078
85.3712	109.2622	-66.188
85.9899	109.2627	-64.273
86.6130	109.2652	-62.377
87.2406	109.2680	-60.480
87.8728	109.2697	-58.536
88.5096	109.2715	-56.574
89.1509	109.2739	-54.626
89.7970	109.2764	-52.645
90.4477	109.2799	-50.611
91.1031	109.2848	-48.575
91.7633	109.2881	-46.579
92.4282	109.2853	-44.555
93.0980	109.2832	-42.471
93.7726	109.2851	-40.338
94.4521	109.2896	-38.200
95.1366	109.2948	-36.097
95.8260	109.2947	-33.997
96.5204	109.2911	-31.860
97.2198	109.2923	-29.682
97.9243	109.2993	-27.506
98.6339	109.3043	-25.336
99.3486	109.3042	-23.132
100.0685	109.3020	-20.883
100.7937	109.3010	-18.601
101.5241	109.3036	-16.309
102.2598	109.3075	-14.023
103.0008	109.3089	-11.723
103.7472	109.3095	-9.385
104.4990	109.3115	-7.028
105.2562	109.3127	-4.670
106.0189	109.3125	-2.291
106.7872	109.3146	0.116
107.5610	109.3192	2.535
108.3404	109.3210	4.965
109.1255	109.3177	7.424
109.9163	109.3182	9.919
110.7128	109.3203	12.412
111.5151	109.3198	14.926
112.3231	109.3227	17.482
113.1371	109.3280	20.009
113.9569	109.3248	22.559
114.7827	109.3231	25.185
115.6145	109.3264	27.812
116.4523	109.3299	30.418
117.2961	109.3337	33.063
118.1461	109.3365	35.749
119.0022	109.3345	38.443
119.8646	109.3321	41.172
120.7332	109.3338	43.919
121.6080	109.3360	46.643
122.4893	109.3375	49.415
123.3769	109.3424	52.228
124.2709	109.3432	55.045
125.1714	109.3398	57.914
126.0785	109.3425	60.794
126.9921	109.3452	63.651
127.9123	109.3478	66.546
128.8392	109.3511	69.462
129.7728	109.3500	72.428
130.7132	109.3538	75.438
131.6604	109.3560	78.421
132.6145	109.3520	81.443
133.5755	109.3520	84.492
134.5434	109.3539	87.572
135.5184	109.3579	90.651
136.5004	109.3556	93.732
137.4895	109.3559	96.905
138.4858	109.3589	100.077
139.4894	109.3586	103.261
140.5002	109.3592	106.429
141.5183	109.3546	109.654
142.5438	109.3579	112.957
143.5767	109.3657	116.251
144.6171	109.3679	119.544
145.6651	109.3657	122.847
146.7206	109.3652	126.203
147.7838	109.3683	129.597
148.8547	109.3696	133.022
149.9334	109.3685	136.462
151.0199	109.3679	139.909
152.1142	109.3695	143.385
153.2165	109.3725	146.904
154.3268	109.3721	150.443
155.4451	109.3698	154.031
156.5715	109.3748	157.605
157.7061	109.3748	161.219
158.8489	109.3785	164.873
160.0000	109.3765	168.542
161.1594	109.3762	172.257
162.3273	109.3753	175.980
163.5035	109.3774	179.755
164.6884	109.3807	-176.486
165.8818	109.3773	-172.686
167.0838	109.3765	-168.818
168.2946	109.3826	-164.941
169.5141	109.3818	-161.068
170.7425	109.3786	-157.111
171.9797	109.3834	-153.113
173.2260	109.3862	-149.143
174.4812	109.3851	-145.142
175.7456	109.3884	-141.130
177.0191	109.3896	-137.031
178.3019	109.3910	-132.915
179.5939	109.3900	-128.800
180.8953	109.3879	-124.613
182.2062	109.3855	-120.384
183.5265	109.3759	-116.109
184.8564	109.3901	-111.868
186.1960	109.3948	-107.632
187.5452	109.3934	-103.282
188.9043	109.3897	-98.931
190.2731	109.3939	-94.572
191.6519	109.3938	-90.160
193.0407	109.3949	-85.663
194.4396	109.3969	-81.200
195.8486	109.3994	-76.658
197.2678	109.3986	-72.119
198.6972	109.3966	-67.506
200.1371	109.3928	-62.894
201.5874	109.3936	-58.249
203.0482	109.3964	-53.554
204.5195	109.3993	-48.813
206.0016	109.3996	-44.045
207.4943	109.3988	-39.286
208.9979	109.4030	-34.418
210.5124	109.4017	-29.516
212.0379	109.4013	-24.654
213.5744	109.3992	-19.726
215.1220	109.4013	-14.752
216.6809	109.3990	-9.733
218.2510	109.4074	-4.692
219.8326	109.4045	0.412
221.4256	109.4011	5.545
223.0301	109.4052	10.738
224.6463	109.4051	15.946
226.2742	109.4094	21.223
227.9138	109.4099	26.409
229.5654	109.4090	31.744
231.2289	109.4061	37.109
232.9045	109.4091	42.496
234.5922	109.4067	47.974
236.2922	109.4117	53.396
238.0045	109.4093	58.913
239.7291	109.4067	64.498
241.4663	109.4065	70.115
243.2161	109.4112	75.710
244.9785	109.4105	81.421
246.7537	109.4150	87.125
248.5418	109.4135	92.893
250.3428	109.4158	98.695
252.1569	109.4142	104.505
253.9842	109.4137	110.464
255.8246	109.4196	116.407
257.6785	109.4180	122.360
259.5457	109.4151	128.374
261.4265	109.4130	134.374
263.3209	109.4124	140.576
265.2290	109.4116	146.570
267.1510	109.4675	152.906
269.0869	109.4628	159.034
271.0368	109.4140	165.372
273.0008	109.4218	171.764
274.9791	109.4281	178.135
276.9717	109.4215	-175.430
278.9788	109.4209	-168.905
281.0003	109.4188	-162.404
283.0366	109.4204	-155.759
285.0876	109.4222	-149.144
287.1535	109.4249	-142.489
289.2343	109.4185	-135.819
291.3302	109.4243	-129.046
293.4413	109.4219	-122.205
295.5677	109.4249	-115.317
297.7095	109.4288	-108.386
299.8668	109.4221	-101.403
302.0398	109.4307	-94.430
304.2285	109.4230	-87.341
306.4330	109.4272	-80.255
308.6536	109.4294	-73.023
310.8902	109.4163	-65.827
313.1431	109.4237	-58.547
315.4122	109.4283	-51.226
317.6978	109.4302	-43.825
320.0000	109.4245	-36.381
322.3189	109.4308	-28.866
324.6545	109.4259	-21.344
327.0071	109.4348	-13.722
329.3767	109.4285	-6.043
331.7635	109.4304	1.648
334.1676	109.4299	9.427
336.5891	109.4318	17.291
339.0282	109.4283	25.171
341.4849	109.4307	33.107
343.9595	109.4331	41.106
346.4519	109.4299	49.154
348.9625	109.4346	57.304
351.4912	109.4286	65.459
354.0383	109.4355	73.713
356.6038	109.4366	82.024
359.1879	109.4371	90.378
361.7907	109.4341	98.780
364.4124	109.4354	107.286
367.0530	109.4398	115.865
369.7129	109.4385	124.482
372.3920	109.4402	133.116
375.0905	109.4355	141.831
377.8085	109.4409	150.645
380.5463	109.4396	159.503
383.3039	109.4355	168.438
386.0814	109.4355	177.425
388.8792	109.4423	-173.544
391.6971	109.4393	-164.404
394.5355	109.4409	-155.215
397.3945	109.4393	-145.960
400.2742	109.4399	-136.643
403.1747	109.4439	-127.235
406.0963	109.4415	-117.770
409.0390	109.4400	-108.248
412.0031	109.4411	-98.632
414.9887	109.4439	-88.973
417.9958	109.4417	-79.265
421.0248	109.4415	-69.442
424.0757	109.4442	-59.527
427.1488	109.4456	-49.624
430.2440	109.4436	-39.558
433.3618	109.4425	-29.455
436.5021	109.4465	-19.256
439.6652	109.4432	-9.039
442.8512	109.4446	1.273
446.0602	109.4437	11.659
449.2926	109.4440	22.153
452.5483	109.4448	32.728
455.8277	109.4469	43.318
459.1308	109.4490	53.959
462.4579	109.4472	64.770
465.8090	109.4470	75.661
469.1845	109.4460	86.598
472.5844	109.4499	97.613
476.0089	109.4443	108.721
479.4583	109.4482	119.890
482.9326	109.4470	131.148
486.4321	109.4494	142.492
489.9570	109.4511	153.935
493.5075	109.4537	165.394
497.0836	109.4520	177.019
500.6857	109.4499	-171.330
504.3139	109.4482	-159.552
507.9683	109.4518	-147.724
511.6493	109.4535	-135.788
515.3569	109.4558	-123.771
519.0914	109.4499	-111.656
522.8529	109.4530	-99.486
526.6418	109.4523	-87.176
530.4580	109.4521	-74.825
534.3019	109.4611	-62.325
538.1737	109.4553	-49.810
542.0735	109.4554	-37.134
546.0016	109.4541	-24.416
549.9582	109.4583	-11.607
553.9434	109.4511	1.316
557.9575	109.4539	14.324
562.0007	109.4545	27.466
566.0732	109.4556	40.671
570.1752	109.4564	53.946
574.3069	109.4559	67.376
578.4686	109.4530	80.866
582.6604	109.4550	94.453
586.8826	109.4544	108.139
591.1354	109.4570	121.920
595.4190	109.4547	135.821
599.7336	109.4582	149.814
604.0796	109.4585	163.921
608.4570	109.4556	178.105
612.8661	109.4570	-167.582
617.3072	109.4576	-153.215
621.7804	109.4595	-138.672
626.2861	109.4575	-124.090
630.8244	109.4613	-109.340
635.3957	109.4596	-94.532
640.0000	109.4581	-79.591
644.6377	109.4588	-64.574
649.3090	109.4629	-49.387
654.0142	109.4590	-34.119
658.7534	109.4587	-18.766
663.5270	109.4619	-3.294
668.3352	109.4606	12.316
673.1783	109.4628	28.051
678.0564	109.4590	43.879
682.9699	109.4625	59.795
687.9189	109.4586	75.842
692.9039	109.4607	92.029
697.9249	109.4626	108.319
702.9824	109.4638	124.741
708.0765	109.4625	141.257
713.2075	109.4622	157.893
718.3757	109.4610	174.659
723.5814	109.4656	-168.444
728.8247	109.4631	-151.432
734.1061	109.4688	-134.351
739.4257	109.4656	-117.043
744.7839	109.4645	-99.649
750.1809	109.4688	-82.153
755.6170	109.4641	-64.524
761.0926	109.4633	-46.744
766.6077	109.4672	-28.843
772.1629	109.4642	-10.829
777.7583	109.4658	7.332
783.3943	109.4680	25.605
789.0711	109.4647	44.034
794.7890	109.4688	62.570
800.5484	109.4717	81.251
806.3495	109.4648	100.116
812.1926	109.4688	119.064
818.0781	109.4687	138.162
824.0062	109.4671	157.413
829.9773	109.4733	176.793
835.9917	109.4712	-163.700
842.0496	109.4694	-144.059
848.1515	109.4669	-124.216
854.2975	109.4681	-104.291
860.4881	109.4720	-84.217
866.7236	109.4737	-63.986
873.0042	109.4721	-43.598
879.3303	109.4710	-23.070
885.7023	109.4699	-2.369
892.1205	109.4717	18.426
898.5852	109.4724	39.413
905.0967	109.4712	60.539
911.6554	109.4718	81.859
918.2616	109.4745	103.281
924.9157	109.4745	124.893
931.6180	109.4761	146.638
938.3689	109.4696	168.567
945.1687	109.4728	-169.384
952.0178	109.4713	-147.151
958.9165	109.4739	-124.759
965.8652	109.4724	-102.190
972.8643	109.4729	-79.462
979.9141	109.4721	-56.597
987.0149	109.4727	-33.551
994.1672	109.4780	-10.332
1001.3714	109.4734	13.026
1008.6277	109.4775	36.596
1015.9367	109.4701	60.326
1023.2986	109.4752	84.212
1030.7138	109.4740	108.271
1038.1828	109.4750	132.555
1045.7059	109.4737	156.962
1053.2835	109.4759	-178.427
1060.9160	109.4723	-153.664
1068.6039	109.4774	-128.687
1076.3474	109.4738	-103.551
1084.1471	109.4749	-78.266
1092.0032	109.4777	-52.767
1099.9164	109.4727	-27.085
1107.8868	109.4806	-1.220
1115.9150	109.4758	24.844
1124.0014	109.4725	51.113
1132.1464	109.4753	77.553
1140.3504	109.4733	104.173
1148.6138	109.4767	131.003
1156.9371	109.4754	158.030
1165.3208	109.4770	-174.778
1173.7652	109.4723	-147.346
1182.2708	109.4745	-119.743
1190.8380	109.4753	-91.933
1199.4673	109.4743	-63.905
1208.1591	109.4755	-35.716
1216.9139	109.4744	-7.279
1225.7322	109.4776	21.359
1234.6144	109.4748	50.188
1243.5609	109.4710	79.231
1252.5722	109.4745	108.492
1261.6489	109.4715	137.953
1270.7913	109.4715	167.639
1280.0000	109.4728	-162.476
1289.2754	109.4709	-132.365
1298.6180	109.4703	-102.029
1308.0284	109.4738	-71.461
1317.5069	109.4714	-40.708
1327.0541	109.4684	-9.695
1336.6704	109.4727	21.473
1346.3565	109.4679	52.951
1356.1128	109.4691	84.628
1365.9397	109.4710	116.557
1375.8379	109.4697	148.688
1385.8078	109.4721	-178.953
1395.8499	109.4687	-146.306
1405.9648	109.4704	-113.505
1416.1530	109.4702	-80.442
1426.4150	109.4677	-47.114
1436.7514	109.4703	-13.530
1447.1627	109.4666	20.251
1457.6495	109.4716	54.306
1468.2122	109.4695	88.586
1478.8515	109.4699	123.155
1489.5678	109.4646	157.920
1500.3618	109.4637	-167.007
1511.2341	109.4645	-131.729
1522.1851	109.4663	-96.177
1533.2155	109.4645	-60.368
1544.3258	109.4635	-24.317
1555.5166	109.4607	12.074
1566.7885	109.4601	48.613
1578.1421	109.4607	85.506
1589.5780	109.4627	122.628
1601.0967	109.4599	160.049
1612.6989	109.4570	-162.288
1624.3852	109.4618	-124.339
1636.1562	109.4576	-86.124
1648.0125	109.4543	-47.627
1659.9546	109.4603	-8.912
1671.9833	109.4544	30.178
1684.0992	109.4548	69.499
1696.3029	109.4544	109.154
1708.5950	109.4548	149.052
1720.9762	109.4533	-170.754
1733.4471	109.4527	-130.286
1746.0084	109.4482	-89.484
1758.6607	109.4538	-48.401
1771.4046	109.4493	-7.034
1784.2410	109.4504	34.624
1797.1703	109.4500	76.616
1810.1934	109.4503	118.916
1823.3108	109.4445	161.516
1836.5232	109.4423	-155.602
1849.8314	109.4458	-112.405
1863.2361	109.4435	-68.879
1876.7379	109.4412	-25.024
1890.3375	109.4445	19.110
1904.0356	109.4398	63.598
1917.8331	109.4413	108.371
1931.7305	109.4387	153.540
1945.7286	109.4375	-161.025
1959.8281	109.4382	-115.244
1974.0299	109.4352	-69.148
1988.3345	109.4340	-22.703
2002.7428	109.4331	24.084
2017.2555	109.4344	71.182
2031.8733	109.4319	118.647
2046.5971	109.4329	166.445
2061.4276	109.4319	-145.403
2076.3656	109.4288	-96.906
2091.4118	109.4281	-48.045
2106.5670	109.4286	1.159
2121.8321	109.4277	50.723
2137.2077	109.4262	100.637
2152.6948	109.4268	150.918
2168.2941	109.4224	-158.450
2184.0065	109.4262	-107.447
2199.8327	109.4246	-56.026
2215.7736	109.4229	-4.307
2231.8300	109.4215	47.854
2248.0028	109.4210	100.346
2264.2927	109.4208	153.239
2280.7007	109.4191	-153.510
2297.2276	109.4148	-99.853
2313.8743	109.4165	-45.791
2330.6416	109.4171	8.639
2347.5304	109.4156	63.461
2364.5415	109.4145	118.696
2381.6760	109.4151	174.330
2398.9346	109.4130	-129.622
2416.3182	109.4177	-73.203
2433.8279	109.4136	-16.355
2451.4644	109.4116	40.927
2469.2287	109.4125	98.584
2487.1218	109.4116	156.679
2505.1445	109.4091	-144.810
2523.2978	109.4087	-85.855
2541.5826	109.4103	-26.514
2560.0000	109.4122	33.273
2578.5508	109.4102	93.518
2597.2361	109.4123	154.160
2616.0567	109.4094	-144.704
2635.0137	109.4091	-83.174
2654.1081	109.4107	-21.154
2673.3409	109.4111	41.301
2692.7130	109.4118	104.169
2712.2255	109.4113	167.519
2731.8794	109.4132	-128.675
2751.6758	109.4116	-64.368
2771.6155	109.4124	0.352
2791.6998	109.4130	65.553
2811.9296	109.4141	131.234
2832.3060	109.4125	-162.609
2852.8301	109.4122	-95.957
2873.5028	109.4135	-28.853
2894.3254	109.4156	38.763
2915.2989	109.4154	106.836
2936.4244	109.4149	175.444
2957.7029	109.4152	-115.465
2979.1356	109.4160	-45.875
3000.7237	109.4155	24.228
3022.4682	109.4206	94.821
3044.3702	109.4198	165.950
3066.4310	109.4213	-122.436
3088.6516	109.4200	-50.273
3111.0332	109.4230	22.383
3133.5771	109.4222	95.582
3156.2843	109.4236	169.325
3179.1560	109.4270	-116.418
3202.1935	109.4236	-41.601
3225.3979	109.4244	33.756
3248.7705	109.4299	109.630
3272.3124	109.4285	-173.909
3296.0249	109.4315	-96.927
3319.9093	109.4314	-19.373
3343.9667	109.4335	58.771
3368.1985	109.4357	137.443
3392.6058	109.4354	-143.294
3417.1900	109.4346	-63.468
3441.9524	109.4339	16.942
3466.8942	109.4361	97.941
3492.0167	109.4382	179.515
3517.3213	109.4399	-98.314
3542.8093	109.4407	-15.545
3568.4820	109.4420	67.839
3594.3406	109.4434	151.801
3620.3867	109.4406	-123.632
3646.6215	109.4429	-38.421
3673.0465	109.4443	47.388
3699.6629	109.4451	133.809
3726.4721	109.4447	-139.121
3753.4757	109.4448	-51.424
3780.6749	109.4439	36.894
3808.0713	109.4444	125.883
3835.6661	109.4473	-144.515
3863.4609	109.4450	-54.259
3891.4572	109.4464	36.664
3919.6563	109.4435	128.239
3948.0597	109.4472	-139.550
3976.6690	109.4473	-46.629
4005.4856	109.4459	46.954
4034.5110	109.4450	141.222
4063.7467	109.4444	-123.848
4093.1943	109.4464	-28.237
4122.8552	109.4435	68.091
4152.7312	109.4437	165.117
4182.8236	109.4438	-97.168
4213.1340	109.4440	1.258
4243.6641	109.4449	100.395
4274.4155	109.4422	-159.732
4305.3896	109.4428	-59.154
4336.5883	109.4397	42.145
4368.0130	109.4403	144.188
4399.6654	109.4379	-113.024
4431.5472	109.4395	-9.487
4463.6600	109.4349	94.764
4496.0055	109.4386	-160.190
4528.5854	109.4369	-54.403
4561.4014	109.4365	52.151
4594.4552	109.4352	159.472
4627.7485	109.4358	-92.405
4661.2831	109.4348	16.476
4695.0607	109.4355	126.128
4729.0830	109.4338	-123.374
4763.3519	109.4354	-12.098
4797.8691	109.4361	99.975
4832.6365	109.4353	-147.139
4867.6558	109.4346	-33.456
4902.9288	109.4351	81.077
4938.4574	109.4360	-163.567
4974.2435	109.4391	-47.349
5010.2890	109.4368	69.668
5046.5956	109.4355	-172.445
5083.1653	109.4387	-53.702
5120.0000	109.4420	65.901
5157.1016	109.4438	-173.634
5194.4721	109.4445	-52.293
5232.1134	109.4486	69.933
5270.0275	109.4472	-166.982
5308.2162	109.4503	-42.980
5346.6818	109.4519	81.909
5385.4260	109.4546	-152.258
5424.4510	109.4550	-25.565
5463.7589	109.4604	102.087
5503.3515	109.4608	-129.358
5543.2311	109.4640	0.138
5583.3996	109.4662	130.563
5623.8592	109.4697	-98.046
5664.6120	109.4716	34.279
5705.6601	109.4740	167.564
5747.0057	109.4775	-58.175
5788.6509	109.4810	77.079
5830.5978	109.4782	-146.709
5872.8487	109.4839	-9.501
5915.4058	109.4870	128.716
5958.2713	109.4898	-92.114
6001.4474	109.4923	48.116
6044.9363	109.4920	-170.639
6088.7404	109.4949	-28.416
6132.8620	109.4954	114.893
6177.3032	109.4969	-100.771
6222.0665	109.4995	44.594
6267.1541	109.4978	-169.001
6312.5685	109.4969	-21.517
6358.3120	109.4997	127.058
6404.3869	109.4996	-83.309
6450.7958	109.4985	67.412
6497.5409	109.5006	-140.782
6544.6248	109.4965	12.129
6592.0498	109.4943	166.149
6639.8185	109.4921	-38.716
6687.9334	109.4903	117.524
6736.3969	109.4889	-85.085
6785.2116	109.4862	73.437
6834.3801	109.4847	-126.889
6883.9048	109.4818	33.936
6933.7884	109.4782	-164.055
6984.0335	109.4731	-0.906
7034.6427	109.4713	163.439
7085.6186	109.4696	-31.034
7136.9639	109.4661	135.697
7188.6813	109.4647	-56.367
7240.7734	109.4606	112.797
7293.2431	109.4570	-76.837
7346.0929	109.4556	94.788
7399.3257	109.4527	-92.377
7452.9443	109.4509	81.731
7506.9514	109.4481	-102.896
7561.3499	109.4471	73.741
7616.1425	109.4458	-108.360
7671.3322	109.4438	70.860
7726.9219	109.4464	-108.636
7782.9143	109.4433	73.153
7839.3125	109.4433	-103.699
7896.1194	109.4438	80.764
7953.3380	109.4421	-93.423
8010.9711	109.4384	93.713
8069.0219	109.4425	-77.799
8127.4934	109.4429	112.088
8186.3886	109.4458	-56.658
8245.7105	109.4434	135.977
8305.4623	109.4441	-29.992
8365.6471	109.4448	165.459
8426.2680	109.4442	2.320
8487.3283	109.4469	-159.386
8548.8309	109.4455	40.357
8610.7793	109.4461	-118.459
8673.1765	109.4428	84.174
8736.0260	109.4428	-71.736
8799.3308	109.4415	133.868
8863.0944	109.4423	-19.055
8927.3200	109.4381	-170.481
8992.0111	109.4359	39.624
9057.1709	109.4357	-108.773
9122.8029	109.4332	104.375
9188.9105	109.4297	-40.957
9255.4971	109.4262	175.290
9322.5662	109.4237	33.076
9390.1214	109.4216	-107.524
9458.1661	109.4145	113.444
9526.7039	109.4151	-23.997
9595.7383	109.4106	-159.825
9665.2730	109.4077	65.971
9735.3115	109.4076	-66.610
9805.8576	109.4041	162.460
9876.9149	109.4021	33.207
9948.4871	109.4018	-94.404
10020.5779	109.3993	139.668
10093.1912	109.4024	15.456
10166.3306	109.4015	-107.057
10240.0000	109.4041	132.148
10314.2033	109.4053	13.084
10388.9442	109.4091	-104.230
10464.2268	109.4116	140.231
10540.0549	109.4163	26.452
10616.4325	109.4188	-85.543
10693.3635	109.4232	164.273
10770.8521	109.4282	55.887
10848.9021	109.4344	-50.659
10927.5177	109.4396	-155.355
11006.7030	109.4409	101.773
11086.4621	109.4452	0.793
11166.7992	109.4498	-98.331
11247.7184	109.4520	164.433
11329.2240	109.4562	69.129
11411.3202	109.4553	-24.280
11494.0114	109.4585	-115.771
11577.3017	109.4613	154.722
11661.1956	109.4592	67.144
11745.6975	109.4598	-18.475
11830.8116	109.4596	-102.076
11916.5426	109.4583	176.291
12002.8947	109.4537	96.675
12089.8727	109.4548	19.099
12177.4809	109.4536	-56.427
12265.7239	109.4536	-129.910
12354.6064	109.4522	158.667
12444.1330	109.4538	89.350
12534.3083	109.4550	22.125
12625.1370	109.4543	-42.988
12716.6240	109.4548	-105.950
12808.7739	109.4578	-166.777
12901.5916	109.4577	134.596
12995.0818	109.4578	78.132
13089.2495	109.4641	23.871
13184.0996	109.4659	-28.170
13279.6370	109.4673	-77.958
13375.8668	109.4672	-125.504
13472.7938	109.4685	-170.807
13570.4232	109.4682	146.192
13668.7601	109.4703	105.491
13767.8096	109.4670	67.089
13867.5768	109.4653	31.032
13968.0670	109.4607	-2.682
14069.2853	109.4577	-34.053
14171.2372	109.4535	-63.021
14273.9278	109.4458	-89.614
14377.3626	109.4393	-113.807
14481.5469	109.4350	-135.556
14586.4861	109.4266	-154.883
14692.1858	109.4192	-171.725
14798.6515	109.4115	173.885
14905.8886	109.4090	162.041
15013.9028	109.4053	152.645
15122.6997	109.4037	145.841
15232.2851	109.3975	141.579
15342.6645	109.3981	139.899
15453.8437	109.3974	140.791
15565.8287	109.3972	144.314
15678.6251	109.3984	150.474
15792.2389	109.4018	159.303
15906.6759	109.4046	170.801
16021.9423	109.4005	-175.004
16138.0439	109.4039	-158.105
16254.9868	109.4050	-138.479
16372.7771	109.4023	-116.107
16491.4210	109.4006	-90.963
16610.9246	109.4008	-63.033
16731.2942	109.3968	-32.310
16852.5361	109.3986	1.235
16974.6565	109.3939	37.623
17097.6619	109.3911	76.869
17221.5586	109.3872	118.976
17346.3531	109.3887	164.042
17472.0519	109.3894	-148.015
17598.6616	109.3941	-97.101
17726.1888	109.3934	-43.223
17854.6400	109.3996	13.658
17984.0221	109.4066	73.568
18114.3418	109.4134	136.536
18245.6057	109.4141	-157.449
18377.8209	109.4224	-88.364
18510.9942	109.4242	-16.142
18645.1325	109.4279	59.189
18780.2428	109.4289	137.704
18916.3322	109.4298	-140.631
19053.4077	109.4242	-55.756
19191.4766	109.4181	32.303
19330.5459	109.4154	123.602
19470.6230	109.4114	-141.826
19611.7152	109.4034	-43.980
19753.8298	109.3964	57.151
19896.9742	109.3912	161.621
