* Helix DSP Ultra S, output layer - channel gain 0.0 dB, nothing changed, but the whole set re-uploaded to the processor in between.
* ELECTRICAL loop, no microphone: Scarlett 2i2 out L -> Helix line in,
* Helix line out -> Scarlett in 1; out R -> in 2 direct as the timing
* reference, timing offset 0. Everything else in the channel off; no gain,
* level or routing changed within a set, so the ratio to the set's reference
* is the filter alone.
* REW V5.40 beta 134 measurement #82 'o1_gain_0_reupload', 2026-Sep-02 11:12:30, 512k sweep, 1 average, 96 kHz,
* 20 Hz - 20 kHz, loopback timing reference. SNR 48.8 dB, delay -9.0175 ms.
* Levels are REW's electrical dB (splOffset 120.00); only ratios within a set carry meaning.
* frequency_Hz<TAB>dB<TAB>phase_deg - REW's UNSMOOTHED raw spectrum (linear bins) resampled to 1/96 octave by complex averaging within each cell,
* with the measurement's own delay removed before averaging and restored after, so the cell average carries no rotation loss.
20.0000	107.5701	129.916
20.1449	107.5701	130.387
20.2909	107.5932	130.451
20.4379	107.6272	130.342
20.5860	107.6371	130.619
20.7352	107.6561	130.718
20.8855	107.6740	130.852
21.0368	107.6933	130.930
21.1893	107.7178	130.916
21.3428	107.7300	131.153
21.4975	107.7485	131.265
21.6532	107.7616	131.498
21.8102	107.7859	131.487
21.9682	107.8055	131.590
22.1274	107.8235	131.712
22.2877	107.8485	131.700
22.4492	107.8609	131.948
22.6119	107.8793	132.074
22.7758	107.8899	132.378
22.9408	107.9155	132.351
23.1071	107.9299	132.584
23.2745	107.9515	132.667
23.4432	107.9690	132.850
23.6130	107.9874	133.023
23.7841	108.0076	133.172
23.9565	108.0235	133.415
24.1301	108.0458	133.541
24.3049	108.0593	133.835
24.4811	108.0827	133.945
24.6585	108.0942	134.276
24.8372	108.1174	134.375
25.0171	108.1272	134.733
25.1984	108.1491	134.831
25.3810	108.1578	135.205
25.5649	108.1777	135.315
25.7502	108.1860	135.698
25.9368	108.2042	135.835
26.1247	108.2127	136.218
26.3141	108.2298	136.393
26.5047	108.2395	136.768
26.6968	108.2557	136.989
26.8903	108.2670	137.347
27.0851	108.2823	137.621
27.2814	108.2955	137.952
27.4791	108.3090	138.287
27.6782	108.3241	138.585
27.8788	108.3351	138.986
28.0808	108.3519	139.247
28.2843	108.3599	139.723
28.4892	108.3837	139.827
28.6957	108.3919	140.301
28.9036	108.4068	140.628
29.1131	108.4181	141.040
29.3240	108.4296	141.457
29.5365	108.4439	141.797
29.7506	108.4516	142.308
29.9661	108.4722	142.474
30.1833	108.4799	142.956
30.4020	108.4906	143.360
30.6223	108.5009	143.755
30.8442	108.5073	144.280
31.0677	108.5230	144.511
31.2929	108.5303	145.028
31.5196	108.5392	145.504
31.7480	108.5566	145.789
31.9781	108.5625	146.392
32.2098	108.5750	146.842
32.4432	108.5858	147.337
32.6783	108.5933	147.920
32.9151	108.6103	148.252
33.1536	108.6184	148.797
33.3939	108.6256	149.377
33.6359	108.6392	149.745
33.8796	108.6456	150.328
34.1251	108.6518	150.928
34.3724	108.6642	151.337
34.6215	108.6709	151.935
34.8723	108.6767	152.572
35.1250	108.6895	153.009
35.3796	108.6972	153.603
35.6359	108.7022	154.288
35.8942	108.7149	154.753
36.1543	108.7276	155.230
36.4163	108.7331	155.922
36.6802	108.7401	156.578
36.9460	108.7523	157.087
37.2137	108.7596	157.742
37.4834	108.7641	158.486
37.7550	108.7753	159.028
38.0286	108.7860	159.583
38.3041	108.7921	160.283
38.5817	108.7963	161.052
38.8613	108.8065	161.637
39.1429	108.8163	162.232
39.4265	108.8257	162.836
39.7122	108.8296	163.626
40.0000	108.8346	164.386
40.2899	108.8429	165.022
40.5818	108.8510	165.674
40.8759	108.8591	166.342
41.1721	108.8626	167.184
41.4704	108.8673	167.992
41.7710	108.8756	168.695
42.0736	108.8841	169.411
42.3785	108.8928	170.138
42.6856	108.8979	170.987
42.9949	108.9020	171.877
43.3065	108.9111	172.624
43.6203	108.9197	173.374
43.9364	108.9268	174.132
44.2548	108.9324	174.904
44.5755	108.9369	175.699
44.8985	108.9418	176.518
45.2238	108.9448	177.466
45.5515	108.9480	178.419
45.8816	108.9558	179.275
46.2141	108.9640	-179.865
46.5490	108.9715	-179.003
46.8863	108.9775	-178.132
47.2261	108.9825	-177.246
47.5683	108.9873	-176.345
47.9130	108.9927	-175.433
48.2602	108.9987	-174.517
48.6099	109.0045	-173.597
48.9621	109.0093	-172.669
49.3169	109.0135	-171.727
49.6743	109.0178	-170.766
50.0343	109.0230	-169.789
50.3968	109.0293	-168.802
50.7620	109.0358	-167.810
51.1299	109.0413	-166.812
51.5004	109.0452	-165.802
51.8736	109.0478	-164.775
52.2495	109.0502	-163.729
52.6281	109.0533	-162.667
53.0095	109.0573	-161.596
53.3936	109.0617	-160.519
53.7805	109.0662	-159.436
54.1702	109.0705	-158.342
54.5628	109.0750	-157.235
54.9581	109.0800	-156.116
55.3564	109.0856	-154.988
55.7575	109.0910	-153.852
56.1616	109.0957	-152.706
56.5685	109.1007	-151.625
56.9785	109.1051	-150.519
57.3914	109.1087	-149.322
57.8072	109.1127	-148.118
58.2261	109.1165	-146.910
58.6481	109.1191	-145.695
59.0730	109.1204	-144.465
59.5011	109.1216	-143.278
59.9323	109.1250	-142.064
60.3666	109.1291	-140.778
60.8040	109.1338	-139.489
61.2446	109.1379	-138.196
61.6884	109.1420	-136.959
62.1355	109.1455	-135.699
62.5857	109.1485	-134.360
63.0392	109.1520	-133.011
63.4960	109.1569	-131.720
63.9562	109.1601	-130.415
64.4196	109.1616	-129.028
64.8864	109.1634	-127.624
65.3566	109.1683	-126.261
65.8302	109.1749	-124.896
66.3073	109.1792	-123.474
66.7877	109.1836	-122.110
67.2717	109.1856	-120.727
67.7592	109.1864	-119.255
68.2502	109.1891	-117.810
68.7448	109.1938	-116.350
69.2429	109.1973	-114.835
69.7447	109.2006	-113.368
70.2501	109.2017	-111.884
70.7591	109.2021	-110.329
71.2719	109.2037	-108.807
71.7884	109.2063	-107.274
72.3086	109.2086	-105.729
72.8325	109.2107	-104.164
73.3603	109.2137	-102.579
73.8919	109.2172	-100.987
74.4274	109.2189	-99.343
74.9667	109.2198	-97.736
75.5099	109.2197	-96.109
76.0571	109.2206	-94.457
76.6083	109.2234	-92.786
77.1634	109.2284	-91.104
77.7226	109.2353	-89.458
78.2858	109.2389	-87.761
78.8531	109.2399	-86.049
79.4245	109.2395	-84.317
80.0000	109.2390	-82.559
80.5797	109.2401	-80.782
81.1636	109.2440	-78.995
81.7518	109.2504	-77.244
82.3442	109.2538	-75.443
82.9409	109.2555	-73.617
83.5419	109.2571	-71.768
84.1473	109.2589	-69.906
84.7570	109.2599	-68.072
85.3712	109.2601	-66.185
85.9899	109.2612	-64.280
86.6130	109.2634	-62.401
87.2406	109.2650	-60.496
87.8728	109.2677	-58.528
88.5096	109.2734	-56.550
89.1509	109.2802	-54.611
89.7970	109.2813	-52.652
90.4477	109.2806	-50.618
91.1031	109.2822	-48.553
91.7633	109.2866	-46.512
92.4282	109.2888	-44.481
93.0980	109.2880	-42.435
93.7726	109.2871	-40.336
94.4521	109.2865	-38.219
95.1366	109.2867	-36.110
95.8260	109.2888	-33.984
96.5204	109.2916	-31.851
97.2198	109.2929	-29.694
97.9243	109.2961	-27.492
98.6339	109.3036	-25.284
99.3486	109.3073	-23.096
100.0685	109.3030	-20.875
100.7937	109.3005	-18.599
101.5241	109.3034	-16.322
102.2598	109.3050	-14.041
103.0008	109.3074	-11.715
103.7472	109.3131	-9.376
104.4990	109.3149	-7.040
105.2562	109.3121	-4.667
106.0189	109.3124	-2.264
106.7872	109.3155	0.135
107.5610	109.3188	2.545
108.3404	109.3231	4.972
109.1255	109.3250	7.388
109.9163	109.3234	9.857
110.7128	109.3234	12.374
111.5151	109.3224	14.904
112.3231	109.3220	17.462
113.1371	109.3263	20.012
113.9569	109.3308	22.560
114.7827	109.3327	25.154
115.6145	109.3325	27.776
116.4523	109.3296	30.418
117.2961	109.3279	33.080
118.1461	109.3283	35.759
119.0022	109.3309	38.428
119.8646	109.3351	41.125
120.7332	109.3381	43.874
121.6080	109.3374	46.630
122.4893	109.3340	49.420
123.3769	109.3359	52.220
124.2709	109.3391	55.022
125.1714	109.3424	57.887
126.0785	109.3483	60.771
126.9921	109.3463	63.635
127.9123	109.3407	66.542
128.8392	109.3439	69.473
129.7728	109.3496	72.416
130.7132	109.3534	75.403
131.6604	109.3544	78.421
132.6145	109.3530	81.456
133.5755	109.3516	84.484
134.5434	109.3518	87.561
135.5184	109.3556	90.659
136.5004	109.3557	93.750
137.4895	109.3556	96.903
138.4858	109.3588	100.064
139.4894	109.3576	103.243
140.5002	109.3577	106.493
141.5183	109.3622	109.727
142.5438	109.3602	112.943
143.5767	109.3594	116.236
144.6171	109.3677	119.545
145.6651	109.3668	122.873
146.7206	109.3663	126.226
147.7838	109.3655	129.594
148.8547	109.3692	133.014
149.9334	109.3697	136.462
151.0199	109.3713	139.951
152.1142	109.3693	143.410
153.2165	109.3658	146.934
154.3268	109.3690	150.442
155.4451	109.3698	153.987
156.5715	109.3730	157.556
157.7061	109.3733	161.220
158.8489	109.3775	164.874
160.0000	109.3772	168.549
161.1594	109.3789	172.228
162.3273	109.3731	175.968
163.5035	109.3798	179.738
164.6884	109.3797	-176.519
165.8818	109.3795	-172.665
167.0838	109.3811	-168.805
168.2946	109.3784	-164.954
169.5141	109.3782	-161.039
170.7425	109.3869	-157.114
171.9797	109.3826	-153.177
173.2260	109.3842	-149.163
174.4812	109.3852	-145.165
175.7456	109.3875	-141.108
177.0191	109.3886	-137.043
178.3019	109.3896	-132.919
179.5939	109.3870	-128.809
180.8953	109.3842	-124.594
182.2062	109.3890	-120.402
183.5265	109.3936	-116.102
184.8564	109.3938	-111.915
186.1960	109.3881	-107.595
187.5452	109.3920	-103.336
188.9043	109.3915	-98.969
190.2731	109.3905	-94.550
191.6519	109.3983	-90.113
193.0407	109.3941	-85.688
194.4396	109.3930	-81.194
195.8486	109.3964	-76.688
197.2678	109.4039	-72.130
198.6972	109.4053	-67.534
200.1371	109.3957	-62.878
201.5874	109.3950	-58.209
203.0482	109.3985	-53.569
204.5195	109.3999	-48.783
206.0016	109.4035	-44.032
207.4943	109.4035	-39.268
208.9979	109.4007	-34.436
210.5124	109.4001	-29.572
212.0379	109.4001	-24.645
213.5744	109.4063	-19.710
215.1220	109.4062	-14.715
216.6809	109.4057	-9.736
218.2510	109.4015	-4.635
219.8326	109.4080	0.462
221.4256	109.4057	5.519
223.0301	109.4034	10.704
224.6463	109.3984	15.904
226.2742	109.3990	21.194
227.9138	109.4065	26.439
229.5654	109.4147	31.715
231.2289	109.4051	37.083
232.9045	109.4070	42.524
234.5922	109.4127	47.953
236.2922	109.4078	53.443
238.0045	109.4146	58.930
239.7291	109.4120	64.477
241.4663	109.4087	70.108
243.2161	109.4168	75.705
244.9785	109.4173	81.427
246.7537	109.4137	87.155
248.5418	109.4106	92.877
250.3428	109.4144	98.700
252.1569	109.4076	104.560
253.9842	109.4195	110.449
255.8246	109.4160	116.349
257.6785	109.4141	122.367
259.5457	109.4197	128.355
261.4265	109.4108	134.358
263.3209	109.4177	140.540
265.2290	109.4116	146.845
267.1510	109.3615	153.046
269.0869	109.4031	159.380
271.0368	109.4394	165.417
273.0008	109.4106	171.758
274.9791	109.4193	178.174
276.9717	109.4261	-175.325
278.9788	109.4265	-168.923
281.0003	109.4238	-162.356
283.0366	109.4137	-155.789
285.0876	109.4245	-149.144
287.1535	109.4240	-142.507
289.2343	109.4281	-135.803
291.3302	109.4225	-129.038
293.4413	109.4312	-122.200
295.5677	109.4222	-115.325
297.7095	109.4326	-108.456
299.8668	109.4247	-101.453
302.0398	109.4231	-94.414
304.2285	109.4331	-87.333
306.4330	109.4257	-80.225
308.6536	109.4309	-73.022
310.8902	109.4316	-65.740
313.1431	109.4328	-58.525
315.4122	109.4296	-51.183
317.6978	109.4359	-43.842
320.0000	109.4271	-36.400
322.3189	109.4295	-28.897
324.6545	109.4295	-21.307
327.0071	109.4291	-13.754
329.3767	109.4315	-6.071
331.7635	109.4272	1.647
334.1676	109.4311	9.452
336.5891	109.4285	17.282
339.0282	109.4321	25.183
341.4849	109.4316	33.120
343.9595	109.4336	41.086
346.4519	109.4381	49.182
348.9625	109.4336	57.293
351.4912	109.4314	65.485
354.0383	109.4318	73.680
356.6038	109.4369	82.003
359.1879	109.4336	90.352
361.7907	109.4279	98.781
364.4124	109.4358	107.284
367.0530	109.4341	115.801
369.7129	109.4352	124.439
372.3920	109.4366	133.115
375.0905	109.4364	141.896
377.8085	109.4379	150.657
380.5463	109.4378	159.487
383.3039	109.4361	168.414
386.0814	109.4395	177.432
388.8792	109.4428	-173.497
391.6971	109.4438	-164.403
394.5355	109.4380	-155.219
397.3945	109.4389	-145.950
400.2742	109.4455	-136.635
403.1747	109.4453	-127.233
406.0963	109.4410	-117.793
409.0390	109.4382	-108.217
412.0031	109.4397	-98.654
414.9887	109.4382	-89.032
417.9958	109.4442	-79.253
421.0248	109.4382	-69.399
424.0757	109.4397	-59.552
427.1488	109.4391	-49.613
430.2440	109.4478	-39.539
433.3618	109.4454	-29.461
436.5021	109.4367	-19.294
439.6652	109.4395	-9.048
442.8512	109.4418	1.264
446.0602	109.4421	11.657
449.2926	109.4428	22.144
452.5483	109.4428	32.688
455.8277	109.4466	43.277
459.1308	109.4472	53.953
462.4579	109.4469	64.806
465.8090	109.4502	75.669
469.1845	109.4473	86.621
472.5844	109.4442	97.605
476.0089	109.4473	108.704
479.4583	109.4421	119.883
482.9326	109.4550	131.156
486.4321	109.4432	142.526
489.9570	109.4434	153.904
493.5075	109.4486	165.384
497.0836	109.4546	177.030
500.6857	109.4506	-171.312
504.3139	109.4467	-159.546
507.9683	109.4525	-147.702
511.6493	109.4467	-135.757
515.3569	109.4469	-123.769
519.0914	109.4525	-111.677
522.8529	109.4493	-99.453
526.6418	109.4499	-87.192
530.4580	109.4550	-74.781
534.3019	109.4597	-62.327
538.1737	109.4516	-49.775
542.0735	109.4501	-37.179
546.0016	109.4518	-24.429
549.9582	109.4539	-11.562
553.9434	109.4554	1.317
557.9575	109.4573	14.360
562.0007	109.4515	27.485
566.0732	109.4539	40.646
570.1752	109.4543	53.964
574.3069	109.4608	67.347
578.4686	109.4542	80.857
582.6604	109.4562	94.472
586.8826	109.4550	108.159
591.1354	109.4596	121.925
595.4190	109.4575	135.839
599.7336	109.4581	149.801
604.0796	109.4593	163.904
608.4570	109.4600	178.116
612.8661	109.4577	-167.582
617.3072	109.4580	-153.211
621.7804	109.4575	-138.668
626.2861	109.4550	-124.063
630.8244	109.4647	-109.335
635.3957	109.4570	-94.516
640.0000	109.4619	-79.584
644.6377	109.4570	-64.529
649.3090	109.4638	-49.393
654.0142	109.4605	-34.136
658.7534	109.4612	-18.756
663.5270	109.4600	-3.275
668.3352	109.4567	12.313
673.1783	109.4605	28.031
678.0564	109.4632	43.856
682.9699	109.4617	59.797
687.9189	109.4613	75.857
692.9039	109.4615	92.011
697.9249	109.4622	108.295
702.9824	109.4611	124.710
708.0765	109.4631	141.232
713.2075	109.4651	157.902
718.3757	109.4653	174.679
723.5814	109.4639	-168.441
728.8247	109.4634	-151.443
734.1061	109.4665	-134.294
739.4257	109.4648	-117.062
744.7839	109.4629	-99.675
750.1809	109.4661	-82.163
755.6170	109.4666	-64.507
761.0926	109.4642	-46.726
766.6077	109.4704	-28.845
772.1629	109.4676	-10.806
777.7583	109.4652	7.332
783.3943	109.4672	25.630
789.0711	109.4673	44.074
794.7890	109.4680	62.612
800.5484	109.4655	81.295
806.3495	109.4691	100.099
812.1926	109.4685	119.080
818.0781	109.4679	138.172
824.0062	109.4688	157.413
829.9773	109.4672	176.771
835.9917	109.4705	-163.726
842.0496	109.4685	-144.033
848.1515	109.4677	-124.262
854.2975	109.4709	-104.291
860.4881	109.4676	-84.202
866.7236	109.4721	-63.958
873.0042	109.4704	-43.580
879.3303	109.4734	-23.054
885.7023	109.4719	-2.362
892.1205	109.4722	18.467
898.5852	109.4721	39.422
905.0967	109.4728	60.552
911.6554	109.4684	81.830
918.2616	109.4729	103.281
924.9157	109.4689	124.912
931.6180	109.4705	146.614
938.3689	109.4716	168.531
945.1687	109.4744	-169.382
952.0178	109.4702	-147.165
958.9165	109.4724	-124.755
965.8652	109.4713	-102.192
972.8643	109.4748	-79.467
979.9141	109.4753	-56.577
987.0149	109.4736	-33.555
994.1672	109.4753	-10.340
1001.3714	109.4778	13.039
1008.6277	109.4751	36.607
1015.9367	109.4739	60.269
1023.2986	109.4771	84.199
1030.7138	109.4749	108.287
1038.1828	109.4784	132.523
1045.7059	109.4752	156.971
1053.2835	109.4751	-178.468
1060.9160	109.4807	-153.642
1068.6039	109.4741	-128.733
1076.3474	109.4756	-103.631
1084.1471	109.4706	-78.260
1092.0032	109.4745	-52.775
1099.9164	109.4772	-27.085
1107.8868	109.4746	-1.186
1115.9150	109.4767	24.812
1124.0014	109.4751	51.090
1132.1464	109.4732	77.567
1140.3504	109.4760	104.192
1148.6138	109.4766	130.984
1156.9371	109.4743	158.034
1165.3208	109.4738	-174.768
1173.7652	109.4716	-147.335
1182.2708	109.4760	-119.720
1190.8380	109.4737	-91.937
1199.4673	109.4732	-63.930
1208.1591	109.4759	-35.689
1216.9139	109.4745	-7.262
1225.7322	109.4735	21.343
1234.6144	109.4719	50.206
1243.5609	109.4751	79.228
1252.5722	109.4748	108.492
1261.6489	109.4762	137.973
1270.7913	109.4720	167.650
1280.0000	109.4744	-162.456
1289.2754	109.4764	-132.337
1298.6180	109.4725	-102.030
1308.0284	109.4711	-71.482
1317.5069	109.4728	-40.687
1327.0541	109.4701	-9.686
1336.6704	109.4710	21.533
1346.3565	109.4719	52.947
1356.1128	109.4678	84.626
1365.9397	109.4671	116.536
1375.8379	109.4734	148.657
1385.8078	109.4714	-178.938
1395.8499	109.4717	-146.355
1405.9648	109.4721	-113.510
1416.1530	109.4658	-80.433
1426.4150	109.4700	-47.124
1436.7514	109.4675	-13.558
1447.1627	109.4679	20.231
1457.6495	109.4642	54.307
1468.2122	109.4693	88.615
1478.8515	109.4653	123.151
1489.5678	109.4662	157.927
1500.3618	109.4649	-167.024
1511.2341	109.4633	-131.747
1522.1851	109.4620	-96.187
1533.2155	109.4627	-60.382
1544.3258	109.4647	-24.303
1555.5166	109.4648	12.033
1566.7885	109.4631	48.633
1578.1421	109.4613	85.517
1589.5780	109.4605	122.640
1601.0967	109.4597	160.020
1612.6989	109.4596	-162.299
1624.3852	109.4579	-124.349
1636.1562	109.4578	-86.123
1648.0125	109.4538	-47.673
1659.9546	109.4574	-8.899
1671.9833	109.4543	30.177
1684.0992	109.4563	69.511
1696.3029	109.4569	109.138
1708.5950	109.4539	149.052
1720.9762	109.4553	-170.793
1733.4471	109.4524	-130.252
1746.0084	109.4538	-89.483
1758.6607	109.4486	-48.415
1771.4046	109.4488	-7.029
1784.2410	109.4462	34.662
1797.1703	109.4490	76.648
1810.1934	109.4498	118.908
1823.3108	109.4473	161.498
1836.5232	109.4441	-155.630
1849.8314	109.4484	-112.382
1863.2361	109.4452	-68.884
1876.7379	109.4470	-25.034
1890.3375	109.4432	19.121
1904.0356	109.4378	63.614
1917.8331	109.4389	108.385
1931.7305	109.4387	153.493
1945.7286	109.4389	-161.018
1959.8281	109.4330	-115.298
1974.0299	109.4377	-69.139
1988.3345	109.4370	-22.720
2002.7428	109.4339	24.077
2017.2555	109.4367	71.169
2031.8733	109.4303	118.643
2046.5971	109.4309	166.438
2061.4276	109.4329	-145.411
2076.3656	109.4320	-96.902
2091.4118	109.4313	-48.044
2106.5670	109.4293	1.147
2121.8321	109.4285	50.727
2137.2077	109.4241	100.636
2152.6948	109.4246	150.928
2168.2941	109.4245	-158.446
2184.0065	109.4239	-107.408
2199.8327	109.4216	-56.058
2215.7736	109.4224	-4.285
2231.8300	109.4213	47.837
2248.0028	109.4197	100.336
2264.2927	109.4205	153.244
2280.7007	109.4171	-153.504
2297.2276	109.4159	-99.821
2313.8743	109.4173	-45.799
2330.6416	109.4171	8.645
2347.5304	109.4145	63.477
2364.5415	109.4153	118.693
2381.6760	109.4164	174.344
2398.9346	109.4140	-129.649
2416.3182	109.4158	-73.190
2433.8279	109.4134	-16.337
2451.4644	109.4140	40.891
2469.2287	109.4117	98.599
2487.1218	109.4129	156.676
2505.1445	109.4118	-144.800
2523.2978	109.4125	-85.860
2541.5826	109.4115	-26.500
2560.0000	109.4121	33.282
2578.5508	109.4157	93.516
2597.2361	109.4140	154.190
2616.0567	109.4096	-144.727
2635.0137	109.4088	-83.170
2654.1081	109.4111	-21.158
2673.3409	109.4082	41.257
2692.7130	109.4110	104.171
2712.2255	109.4117	167.529
2731.8794	109.4079	-128.672
2751.6758	109.4105	-64.389
2771.6155	109.4162	0.344
2791.6998	109.4160	65.530
2811.9296	109.4111	131.229
2832.3060	109.4108	-162.627
2852.8301	109.4128	-95.974
2873.5028	109.4152	-28.850
2894.3254	109.4136	38.753
2915.2989	109.4155	106.836
2936.4244	109.4143	175.443
2957.7029	109.4126	-115.456
2979.1356	109.4190	-45.891
3000.7237	109.4184	24.216
3022.4682	109.4176	94.812
3044.3702	109.4178	165.923
3066.4310	109.4164	-122.425
3088.6516	109.4225	-50.259
3111.0332	109.4208	22.387
3133.5771	109.4227	95.586
3156.2843	109.4261	169.320
3179.1560	109.4240	-116.405
3202.1935	109.4260	-41.599
3225.3979	109.4269	33.746
3248.7705	109.4304	109.629
3272.3124	109.4296	-173.915
3296.0249	109.4309	-96.915
3319.9093	109.4303	-19.364
3343.9667	109.4310	58.750
3368.1985	109.4322	137.446
3392.6058	109.4362	-143.315
3417.1900	109.4333	-63.456
3441.9524	109.4379	16.939
3466.8942	109.4409	97.944
3492.0167	109.4378	179.513
3517.3213	109.4396	-98.332
3542.8093	109.4406	-15.546
3568.4820	109.4435	67.839
3594.3406	109.4406	151.801
3620.3867	109.4424	-123.619
3646.6215	109.4422	-38.420
3673.0465	109.4420	47.384
3699.6629	109.4454	133.839
3726.4721	109.4448	-139.101
3753.4757	109.4450	-51.424
3780.6749	109.4456	36.900
3808.0713	109.4460	125.866
3835.6661	109.4471	-144.500
3863.4609	109.4475	-54.252
3891.4572	109.4441	36.658
3919.6563	109.4471	128.213
3948.0597	109.4464	-139.541
3976.6690	109.4438	-46.637
4005.4856	109.4467	46.942
4034.5110	109.4478	141.204
4063.7467	109.4435	-123.862
4093.1943	109.4470	-28.231
4122.8552	109.4466	68.093
4152.7312	109.4451	165.097
4182.8236	109.4447	-97.147
4213.1340	109.4450	1.276
4243.6641	109.4427	100.417
4274.4155	109.4424	-159.728
4305.3896	109.4406	-59.166
4336.5883	109.4402	42.146
4368.0130	109.4401	144.180
4399.6654	109.4400	-113.026
4431.5472	109.4406	-9.494
4463.6600	109.4391	94.774
4496.0055	109.4401	-160.204
4528.5854	109.4367	-54.407
4561.4014	109.4358	52.126
4594.4552	109.4367	159.483
4627.7485	109.4375	-92.415
4661.2831	109.4356	16.471
4695.0607	109.4342	126.148
4729.0830	109.4340	-123.385
4763.3519	109.4360	-12.105
4797.8691	109.4353	99.962
4832.6365	109.4346	-147.154
4867.6558	109.4361	-33.449
4902.9288	109.4365	81.081
4938.4574	109.4346	-163.561
4974.2435	109.4365	-47.370
5010.2890	109.4387	69.688
5046.5956	109.4377	-172.444
5083.1653	109.4403	-53.710
5120.0000	109.4422	65.898
5157.1016	109.4450	-173.645
5194.4721	109.4446	-52.298
5232.1134	109.4462	69.915
5270.0275	109.4516	-166.955
5308.2162	109.4521	-42.978
5346.6818	109.4507	81.913
5385.4260	109.4529	-152.272
5424.4510	109.4555	-25.559
5463.7589	109.4601	102.074
5503.3515	109.4609	-129.355
5543.2311	109.4641	0.137
5583.3996	109.4662	130.572
5623.8592	109.4687	-98.053
5664.6120	109.4724	34.299
5705.6601	109.4725	167.569
5747.0057	109.4783	-58.169
5788.6509	109.4787	77.068
5830.5978	109.4801	-146.695
5872.8487	109.4849	-9.494
5915.4058	109.4864	128.713
5958.2713	109.4917	-92.096
6001.4474	109.4905	48.113
6044.9363	109.4933	-170.663
6088.7404	109.4931	-28.402
6132.8620	109.4987	114.887
6177.3032	109.4951	-100.776
6222.0665	109.4985	44.598
6267.1541	109.4987	-168.973
6312.5685	109.4979	-21.504
6358.3120	109.4982	127.078
6404.3869	109.4989	-83.317
6450.7958	109.4990	67.413
6497.5409	109.4969	-140.771
6544.6248	109.4978	12.139
6592.0498	109.4942	166.139
6639.8185	109.4930	-38.719
6687.9334	109.4916	117.530
6736.3969	109.4868	-85.091
6785.2116	109.4854	73.435
6834.3801	109.4856	-126.884
6883.9048	109.4823	33.934
6933.7884	109.4799	-164.055
6984.0335	109.4751	-0.908
7034.6427	109.4756	163.438
7085.6186	109.4718	-31.043
7136.9639	109.4674	135.696
7188.6813	109.4620	-56.368
7240.7734	109.4616	112.790
7293.2431	109.4587	-76.833
7346.0929	109.4565	94.778
7399.3257	109.4551	-92.371
7452.9443	109.4519	81.719
7506.9514	109.4487	-102.904
7561.3499	109.4456	73.727
7616.1425	109.4458	-108.360
7671.3322	109.4429	70.854
7726.9219	109.4426	-108.653
7782.9143	109.4432	73.181
7839.3125	109.4417	-103.701
7896.1194	109.4410	80.760
7953.3380	109.4412	-93.440
8010.9711	109.4429	93.711
8069.0219	109.4422	-77.785
8127.4934	109.4442	112.092
8186.3886	109.4423	-56.676
8245.7105	109.4455	135.974
8305.4623	109.4444	-30.000
8365.6471	109.4456	165.453
8426.2680	109.4456	2.318
8487.3283	109.4453	-159.367
8548.8309	109.4448	40.366
8610.7793	109.4476	-118.480
8673.1765	109.4444	84.179
8736.0260	109.4465	-71.724
8799.3308	109.4407	133.862
8863.0944	109.4404	-19.055
8927.3200	109.4390	-170.467
8992.0111	109.4382	39.617
9057.1709	109.4374	-108.784
9122.8029	109.4337	104.364
9188.9105	109.4294	-40.951
9255.4971	109.4251	175.295
9322.5662	109.4234	33.107
9390.1214	109.4202	-107.540
9458.1661	109.4176	113.444
9526.7039	109.4146	-24.004
9595.7383	109.4105	-159.818
9665.2730	109.4119	65.968
9735.3115	109.4040	-66.604
9805.8576	109.4042	162.451
9876.9149	109.4023	33.182
9948.4871	109.4013	-94.391
10020.5779	109.3989	139.694
10093.1912	109.3995	15.459
10166.3306	109.4044	-107.062
10240.0000	109.4046	132.139
10314.2033	109.4048	13.108
10388.9442	109.4078	-104.210
10464.2268	109.4130	140.226
10540.0549	109.4182	26.449
10616.4325	109.4196	-85.542
10693.3635	109.4252	164.266
10770.8521	109.4276	55.891
10848.9021	109.4327	-50.661
10927.5177	109.4362	-155.368
11006.7030	109.4414	101.782
11086.4621	109.4462	0.780
11166.7992	109.4493	-98.324
11247.7184	109.4531	164.457
11329.2240	109.4540	69.123
11411.3202	109.4556	-24.286
11494.0114	109.4551	-115.760
11577.3017	109.4595	154.693
11661.1956	109.4581	67.144
11745.6975	109.4567	-18.464
11830.8116	109.4586	-102.069
11916.5426	109.4590	176.302
12002.8947	109.4547	96.685
12089.8727	109.4543	19.100
12177.4809	109.4535	-56.432
12265.7239	109.4518	-129.920
12354.6064	109.4542	158.664
12444.1330	109.4522	89.336
12534.3083	109.4524	22.115
12625.1370	109.4541	-42.976
12716.6240	109.4568	-105.949
12808.7739	109.4563	-166.751
12901.5916	109.4568	134.579
12995.0818	109.4605	78.126
13089.2495	109.4625	23.870
13184.0996	109.4642	-28.154
13279.6370	109.4667	-77.984
13375.8668	109.4692	-125.528
13472.7938	109.4721	-170.809
13570.4232	109.4700	146.187
13668.7601	109.4707	105.482
13767.8096	109.4692	67.082
13867.5768	109.4658	31.038
13968.0670	109.4640	-2.675
14069.2853	109.4578	-34.044
14171.2372	109.4531	-63.025
14273.9278	109.4477	-89.616
14377.3626	109.4397	-113.809
14481.5469	109.4312	-135.556
14586.4861	109.4270	-154.881
14692.1858	109.4201	-171.712
14798.6515	109.4134	173.882
14905.8886	109.4087	162.020
15013.9028	109.4061	152.659
15122.6997	109.4012	145.826
15232.2851	109.3998	141.570
15342.6645	109.3977	139.869
15453.8437	109.3980	140.793
15565.8287	109.3956	144.307
15678.6251	109.3987	150.474
15792.2389	109.3996	159.296
15906.6759	109.4018	170.816
16021.9423	109.4040	-175.027
16138.0439	109.4025	-158.094
16254.9868	109.4028	-138.491
16372.7771	109.4044	-116.121
16491.4210	109.4031	-90.971
16610.9246	109.4008	-63.033
16731.2942	109.3998	-32.311
16852.5361	109.3958	1.227
16974.6565	109.3907	37.608
17097.6619	109.3902	76.877
17221.5586	109.3907	118.999
17346.3531	109.3875	164.032
17472.0519	109.3873	-148.004
17598.6616	109.3898	-97.099
17726.1888	109.3979	-43.206
17854.6400	109.3987	13.663
17984.0221	109.4093	73.573
18114.3418	109.4119	136.521
18245.6057	109.4177	-157.476
18377.8209	109.4209	-88.353
18510.9942	109.4253	-16.140
18645.1325	109.4266	59.189
18780.2428	109.4296	137.702
18916.3322	109.4287	-140.643
19053.4077	109.4269	-55.746
19191.4766	109.4238	32.311
19330.5459	109.4176	123.602
19470.6230	109.4099	-141.832
19611.7152	109.4045	-44.003
19753.8298	109.3986	57.156
19896.9742	109.3942	161.616
