* Helix DSP Ultra S, output layer - channel gain -6.0 dB.
* ELECTRICAL loop, no microphone: Scarlett 2i2 out L -> Helix line in,
* Helix line out -> Scarlett in 1; out R -> in 2 direct as the timing
* reference, timing offset 0. Everything else in the channel off; no gain,
* level or routing changed within a set, so the ratio to the set's reference
* is the filter alone.
* REW V5.40 beta 134 measurement #83 'o2_gain_-6db', 2026-Sep-02 11:12:52, 512k sweep, 1 average, 96 kHz,
* 20 Hz - 20 kHz, loopback timing reference. SNR 42.7 dB, delay -9.0175 ms.
* Levels are REW's electrical dB (splOffset 120.00); only ratios within a set carry meaning.
* frequency_Hz<TAB>dB<TAB>phase_deg - REW's UNSMOOTHED raw spectrum (linear bins) resampled to 1/96 octave by complex averaging within each cell,
* with the measurement's own delay removed before averaging and restored after, so the cell average carries no rotation loss.
20.0000	101.5598	129.887
20.1449	101.5598	130.358
20.2909	101.5826	130.420
20.4379	101.6160	130.308
20.5860	101.6261	130.583
20.7352	101.6455	130.680
20.8855	101.6637	130.811
21.0368	101.6839	130.884
21.1893	101.7095	130.864
21.3428	101.7221	131.097
21.4975	101.7414	131.202
21.6532	101.7551	131.431
21.8102	101.7797	131.413
21.9682	101.7997	131.510
22.1274	101.8175	131.630
22.2877	101.8423	131.615
22.4492	101.8544	131.864
22.6119	101.8725	131.992
22.7758	101.8829	132.296
22.9408	101.9080	132.275
23.1071	101.9221	132.511
23.2745	101.9435	132.599
23.4432	101.9608	132.786
23.6130	101.9791	132.962
23.7841	101.9993	133.114
23.9565	102.0151	133.357
24.1301	102.0373	133.484
24.3049	102.0508	133.778
24.4811	102.0742	133.887
24.6585	102.0858	134.217
24.8372	102.1090	134.314
25.0171	102.1190	134.670
25.1984	102.1412	134.765
25.3810	102.1500	135.138
25.5649	102.1704	135.245
25.7502	102.1788	135.627
25.9368	102.1972	135.760
26.1247	102.2058	136.143
26.3141	102.2227	136.316
26.5047	102.2321	136.692
26.6968	102.2479	136.916
26.8903	102.2588	137.277
27.0851	102.2735	137.557
27.2814	102.2864	137.895
27.4791	102.2995	138.236
27.6782	102.3144	138.541
27.8788	102.3253	138.948
28.0808	102.3421	139.214
28.2843	102.3502	139.692
28.4892	102.3737	139.797
28.6957	102.3817	140.269
28.9036	102.3960	140.592
29.1131	102.4066	141.001
29.3240	102.4173	141.415
29.5365	102.4305	141.752
29.7506	102.4375	142.263
29.9661	102.4566	142.430
30.1833	102.4640	142.913
30.4020	102.4743	143.321
30.6223	102.4847	143.719
30.8442	102.4911	144.246
31.0677	102.5076	144.481
31.2929	102.5153	144.999
31.5196	102.5248	145.477
31.7480	102.5434	145.761
31.9781	102.5497	146.362
32.2098	102.5630	146.808
32.4432	102.5743	147.298
32.6783	102.5822	147.877
32.9151	102.5995	148.195
33.1536	102.6073	148.734
33.3939	102.6142	149.307
33.6359	102.6270	149.664
33.8796	102.6332	150.243
34.1251	102.6391	150.841
34.3724	102.6516	151.244
34.6215	102.6586	151.839
34.8723	102.6647	152.472
35.1250	102.6776	152.901
35.3796	102.6849	153.494
35.6359	102.6897	154.177
35.8942	102.7013	154.648
36.1543	102.7136	155.142
36.4163	102.7197	155.842
36.6802	102.7275	156.509
36.9460	102.7425	157.030
37.2137	102.7514	157.682
37.4834	102.7569	158.424
37.7550	102.7687	158.948
38.0286	102.7767	159.486
38.3041	102.7799	160.183
38.5817	102.7821	160.951
38.8613	102.7872	161.554
39.1429	102.7942	162.181
39.4265	102.8040	162.819
39.7122	102.8091	163.617
40.0000	102.8155	164.389
40.2899	102.8269	165.026
40.5818	102.8364	165.667
40.8759	102.8441	166.324
41.1721	102.8472	167.164
41.4704	102.8513	167.971
41.7710	102.8596	168.679
42.0736	102.8700	169.397
42.3785	102.8817	170.112
42.6856	102.8879	170.947
42.9949	102.8928	171.825
43.3065	102.9010	172.539
43.6203	102.9056	173.270
43.9364	102.9079	174.033
44.2548	102.9108	174.833
44.5755	102.9171	175.660
44.8985	102.9272	176.491
45.2238	102.9330	177.430
45.5515	102.9390	178.373
45.8816	102.9492	179.187
46.2141	102.9555	-179.996
46.5490	102.9584	-179.155
46.8863	102.9604	-178.279
47.2261	102.9642	-177.374
47.5683	102.9705	-176.455
47.9130	102.9781	-175.535
48.2602	102.9848	-174.616
48.6099	102.9894	-173.687
48.9621	102.9927	-172.740
49.3169	102.9963	-171.774
49.6743	103.0010	-170.798
50.0343	103.0063	-169.822
50.3968	103.0110	-168.845
50.7620	103.0145	-167.860
51.1299	103.0177	-166.858
51.5004	103.0219	-165.840
51.8736	103.0275	-164.813
52.2495	103.0336	-163.780
52.6281	103.0389	-162.741
53.0095	103.0427	-161.687
53.3936	103.0458	-160.610
53.7805	103.0495	-159.510
54.1702	103.0545	-158.397
54.5628	103.0603	-157.279
54.9581	103.0658	-156.157
55.3564	103.0705	-155.026
55.7575	103.0753	-153.881
56.1616	103.0812	-152.724
56.5685	103.0920	-151.652
56.9785	103.1003	-150.595
57.3914	103.1011	-149.438
57.8072	103.0990	-148.250
58.2261	103.0964	-147.025
58.6481	103.0961	-145.771
59.0730	103.0989	-144.506
59.5011	103.1057	-143.319
59.9323	103.1102	-142.145
60.3666	103.1110	-140.880
60.8040	103.1121	-139.591
61.2446	103.1151	-138.282
61.6884	103.1232	-137.032
62.1355	103.1310	-135.793
62.5857	103.1336	-134.477
63.0392	103.1342	-133.140
63.4960	103.1348	-131.829
63.9562	103.1381	-130.490
64.4196	103.1421	-129.090
64.8864	103.1465	-127.685
65.3566	103.1514	-126.333
65.8302	103.1543	-124.966
66.3073	103.1553	-123.525
66.7877	103.1567	-122.119
67.2717	103.1592	-120.700
67.7592	103.1624	-119.223
68.2502	103.1692	-117.805
68.7448	103.1761	-116.397
69.2429	103.1790	-114.918
69.7447	103.1803	-113.472
70.2501	103.1813	-111.979
70.7591	103.1837	-110.406
71.2719	103.1893	-108.867
71.7884	103.1934	-107.333
72.3086	103.1934	-105.786
72.8325	103.1931	-104.211
73.3603	103.1965	-102.625
73.8919	103.2013	-101.050
74.4274	103.2028	-99.422
74.9667	103.2017	-97.817
75.5099	103.2013	-96.166
76.0571	103.2068	-94.490
76.6083	103.2153	-92.829
77.1634	103.2209	-91.187
77.7226	103.2226	-89.571
78.2858	103.2233	-87.864
78.8531	103.2257	-86.132
79.4245	103.2283	-84.388
80.0000	103.2297	-82.633
80.5797	103.2301	-80.866
81.1636	103.2299	-79.085
81.7518	103.2304	-77.326
82.3442	103.2319	-75.515
82.9409	103.2335	-73.691
83.5419	103.2339	-71.851
84.1473	103.2334	-69.982
84.7570	103.2350	-68.126
85.3712	103.2382	-66.238
85.9899	103.2413	-64.352
86.6130	103.2438	-62.481
87.2406	103.2467	-60.555
87.8728	103.2510	-58.568
88.5096	103.2565	-56.578
89.1509	103.2595	-54.639
89.7970	103.2562	-52.695
90.4477	103.2559	-50.686
91.1031	103.2615	-48.679
91.7633	103.2670	-46.729
92.4282	103.2628	-44.695
93.0980	103.2634	-42.541
93.7726	103.2706	-40.382
94.4521	103.2743	-38.272
95.1366	103.2688	-36.182
95.8260	103.2685	-34.020
96.5204	103.2824	-31.875
97.2198	103.2905	-29.778
97.9243	103.2828	-27.604
98.6339	103.2753	-25.319
99.3486	103.2768	-23.048
100.0685	103.2771	-20.848
100.7937	103.2729	-18.637
101.5241	103.2753	-16.367
102.2598	103.2848	-14.081
103.0008	103.2923	-11.777
103.7472	103.2975	-9.436
104.4990	103.3010	-7.092
105.2562	103.2987	-4.732
106.0189	103.2984	-2.313
106.7872	103.3070	0.105
107.5610	103.3118	2.480
108.3404	103.3045	4.892
109.1255	103.2961	7.374
109.9163	103.2973	9.847
110.7128	103.2987	12.308
111.5151	103.2987	14.797
112.3231	103.3024	17.342
113.1371	103.3115	19.898
113.9569	103.3152	22.478
114.7827	103.3155	25.111
115.6145	103.3170	27.742
116.4523	103.3178	30.351
117.2961	103.3210	32.992
118.1461	103.3218	35.681
119.0022	103.3195	38.421
119.8646	103.3213	41.144
120.7332	103.3153	43.836
121.6080	103.3074	46.602
122.4893	103.3212	49.408
123.3769	103.3313	52.153
124.2709	103.3280	54.969
125.1714	103.3266	57.826
126.0785	103.3287	60.688
126.9921	103.3356	63.559
127.9123	103.3381	66.460
128.8392	103.3392	69.417
129.7728	103.3389	72.350
130.7132	103.3314	75.321
131.6604	103.3321	78.369
132.6145	103.3388	81.415
133.5755	103.3407	84.443
134.5434	103.3353	87.477
135.5184	103.3256	90.570
136.5004	103.3307	93.719
137.4895	103.3437	96.837
138.4858	103.3454	99.983
139.4894	103.3461	103.214
140.5002	103.3422	106.414
141.5183	103.3301	109.660
142.5438	103.3304	112.926
143.5767	103.3380	116.143
144.6171	103.3447	119.428
145.6651	103.3479	122.794
146.7206	103.3518	126.158
147.7838	103.3490	129.508
148.8547	103.3558	132.955
149.9334	103.3654	136.355
151.0199	103.3521	139.834
152.1142	103.3489	143.398
153.2165	103.3416	146.865
154.3268	103.3416	150.460
155.4451	103.3594	153.981
156.5715	103.3540	157.581
157.7061	103.3666	161.218
158.8489	103.3642	164.776
160.0000	103.3598	168.497
161.1594	103.3623	172.186
162.3273	103.3574	175.919
163.5035	103.3598	179.652
164.6884	103.3570	-176.539
165.8818	103.3628	-172.711
167.0838	103.3585	-168.863
168.2946	103.3644	-164.922
169.5141	103.3687	-161.089
170.7425	103.3604	-157.181
171.9797	103.3665	-153.235
173.2260	103.3690	-149.269
174.4812	103.3705	-145.239
175.7456	103.3688	-141.181
177.0191	103.3766	-137.118
178.3019	103.3733	-133.020
179.5939	103.3796	-128.850
180.8953	103.3754	-124.702
182.2062	103.3676	-120.554
183.5265	103.3548	-116.238
184.8564	103.3714	-111.922
186.1960	103.3733	-107.621
187.5452	103.3747	-103.387
188.9043	103.3713	-99.003
190.2731	103.3861	-94.639
191.6519	103.3768	-90.254
193.0407	103.3695	-85.766
194.4396	103.3740	-81.266
195.8486	103.3768	-76.756
197.2678	103.3819	-72.187
198.6972	103.3855	-67.568
200.1371	103.3872	-62.887
201.5874	103.3870	-58.322
203.0482	103.3840	-53.649
204.5195	103.3912	-48.883
206.0016	103.3866	-44.112
207.4943	103.3781	-39.352
208.9979	103.3791	-34.462
210.5124	103.3826	-29.569
212.0379	103.3829	-24.753
213.5744	103.3864	-19.798
215.1220	103.3872	-14.808
216.6809	103.3833	-9.775
218.2510	103.3967	-4.700
219.8326	103.3998	0.326
221.4256	103.3934	5.494
223.0301	103.3883	10.638
224.6463	103.4030	15.800
226.2742	103.3906	20.880
227.9138	103.4003	26.337
229.5654	103.4015	31.691
231.2289	103.3931	36.986
232.9045	103.3943	42.415
234.5922	103.3946	47.866
236.2922	103.3958	53.332
238.0045	103.3993	58.822
239.7291	103.4069	64.381
241.4663	103.4069	70.006
243.2161	103.4033	75.631
244.9785	103.3967	81.331
246.7537	103.4103	87.034
248.5418	103.3992	92.894
250.3428	103.3998	98.638
252.1569	103.3931	104.419
253.9842	103.3791	110.360
255.8246	103.3903	116.332
257.6785	103.4071	122.233
259.5457	103.4024	128.280
261.4265	103.3803	134.295
263.3209	103.4101	140.398
265.2290	103.3873	146.944
267.1510	103.4554	152.289
269.0869	103.4085	158.509
271.0368	103.4235	165.307
273.0008	103.4107	171.708
274.9791	103.3898	178.137
276.9717	103.3843	-175.489
278.9788	103.4042	-168.949
281.0003	103.4008	-162.437
283.0366	103.4224	-155.897
285.0876	103.4103	-149.199
287.1535	103.4033	-142.573
289.2343	103.4051	-135.856
291.3302	103.4150	-129.117
293.4413	103.4111	-122.287
295.5677	103.4112	-115.440
297.7095	103.4046	-108.604
299.8668	103.4060	-101.555
302.0398	103.4137	-94.477
304.2285	103.4114	-87.422
306.4330	103.4145	-80.266
308.6536	103.4136	-73.123
310.8902	103.4077	-65.980
313.1431	103.4236	-58.643
315.4122	103.4172	-51.378
317.6978	103.4224	-43.909
320.0000	103.4233	-36.468
322.3189	103.4200	-28.950
324.6545	103.4051	-21.379
327.0071	103.4087	-13.836
329.3767	103.4217	-6.134
331.7635	103.4188	1.594
334.1676	103.4226	9.388
336.5891	103.4219	17.202
339.0282	103.4131	25.039
341.4849	103.4224	33.010
343.9595	103.4188	41.016
346.4519	103.4240	49.109
348.9625	103.4115	57.208
351.4912	103.4364	65.396
354.0383	103.4158	73.663
356.6038	103.4254	81.947
359.1879	103.4206	90.291
361.7907	103.4276	98.703
364.4124	103.4237	107.136
367.0530	103.4089	115.701
369.7129	103.4217	124.334
372.3920	103.4295	133.066
375.0905	103.4297	141.746
377.8085	103.4273	150.525
380.5463	103.4305	159.443
383.3039	103.4218	168.279
386.0814	103.4224	177.317
388.8792	103.4257	-173.642
391.6971	103.4254	-164.521
394.5355	103.4282	-155.327
397.3945	103.4304	-146.067
400.2742	103.4304	-136.727
403.1747	103.4281	-127.327
406.0963	103.4261	-117.888
409.0390	103.4262	-108.366
412.0031	103.4299	-98.733
414.9887	103.4333	-89.103
417.9958	103.4306	-79.366
421.0248	103.4353	-69.531
424.0757	103.4303	-59.627
427.1488	103.4344	-49.699
430.2440	103.4393	-39.692
433.3618	103.4348	-29.572
436.5021	103.4357	-19.379
439.6652	103.4338	-9.181
442.8512	103.4275	1.198
446.0602	103.4311	11.558
449.2926	103.4403	22.066
452.5483	103.4350	32.558
455.8277	103.4365	43.197
459.1308	103.4497	53.968
462.4579	103.4447	64.707
465.8090	103.4430	75.550
469.1845	103.4311	86.488
472.5844	103.4322	97.513
476.0089	103.4380	108.535
479.4583	103.4385	119.852
482.9326	103.4462	131.076
486.4321	103.4417	142.435
489.9570	103.4506	153.784
493.5075	103.4413	165.310
497.0836	103.4500	176.896
500.6857	103.4435	-171.477
504.3139	103.4388	-159.717
507.9683	103.4449	-147.878
511.6493	103.4462	-135.912
515.3569	103.4497	-123.934
519.0914	103.4516	-111.786
522.8529	103.4525	-99.635
526.6418	103.4500	-87.347
530.4580	103.4459	-74.898
534.3019	103.4462	-62.486
538.1737	103.4369	-49.943
542.0735	103.4388	-37.268
546.0016	103.4380	-24.483
549.9582	103.4532	-11.718
553.9434	103.4440	1.226
557.9575	103.4585	14.208
562.0007	103.4456	27.336
566.0732	103.4454	40.572
570.1752	103.4534	53.795
574.3069	103.4491	67.283
578.4686	103.4529	80.796
582.6604	103.4530	94.375
586.8826	103.4498	108.045
591.1354	103.4599	121.802
595.4190	103.4612	135.685
599.7336	103.4570	149.676
604.0796	103.4527	163.773
608.4570	103.4530	177.979
612.8661	103.4490	-167.725
617.3072	103.4559	-153.341
621.7804	103.4600	-138.754
626.2861	103.4562	-124.193
630.8244	103.4687	-109.454
635.3957	103.4575	-94.644
640.0000	103.4588	-79.699
644.6377	103.4588	-64.698
649.3090	103.4568	-49.470
654.0142	103.4663	-34.237
658.7534	103.4609	-18.896
663.5270	103.4655	-3.410
668.3352	103.4620	12.153
673.1783	103.4587	27.905
678.0564	103.4689	43.732
682.9699	103.4731	59.666
687.9189	103.4591	75.763
692.9039	103.4568	91.919
697.9249	103.4696	108.226
702.9824	103.4746	124.602
708.0765	103.4627	141.083
713.2075	103.4693	157.757
718.3757	103.4662	174.536
723.5814	103.4744	-168.563
728.8247	103.4722	-151.531
734.1061	103.4780	-134.451
739.4257	103.4732	-117.139
744.7839	103.4725	-99.786
750.1809	103.4664	-82.283
755.6170	103.4789	-64.648
761.0926	103.4702	-46.897
766.6077	103.4718	-28.970
772.1629	103.4698	-10.963
777.7583	103.4705	7.174
783.3943	103.4775	25.484
789.0711	103.4677	43.882
794.7890	103.4709	62.477
800.5484	103.4761	81.212
806.3495	103.4780	100.077
812.1926	103.4736	119.001
818.0781	103.4786	138.054
824.0062	103.4683	157.266
829.9773	103.4832	176.675
835.9917	103.4728	-163.806
842.0496	103.4769	-144.113
848.1515	103.4777	-124.356
854.2975	103.4754	-104.390
860.4881	103.4847	-84.328
866.7236	103.4780	-64.079
873.0042	103.4770	-43.702
879.3303	103.4809	-23.122
885.7023	103.4858	-2.510
892.1205	103.4838	18.342
898.5852	103.4774	39.346
905.0967	103.4814	60.422
911.6554	103.4841	81.722
918.2616	103.4840	103.193
924.9157	103.4831	124.804
931.6180	103.4879	146.589
938.3689	103.4820	168.484
945.1687	103.4911	-169.488
952.0178	103.4893	-147.227
958.9165	103.4880	-124.826
965.8652	103.4855	-102.295
972.8643	103.4923	-79.575
979.9141	103.4893	-56.672
987.0149	103.4816	-33.678
994.1672	103.4856	-10.447
1001.3714	103.4926	12.963
1008.6277	103.4879	36.543
1015.9367	103.4847	60.276
1023.2986	103.4826	84.163
1030.7138	103.4750	108.231
1038.1828	103.4872	132.469
1045.7059	103.4834	156.831
1053.2835	103.4868	-178.524
1060.9160	103.4886	-153.730
1068.6039	103.5036	-128.771
1076.3474	103.4875	-103.622
1084.1471	103.4927	-78.328
1092.0032	103.4920	-52.801
1099.9164	103.4860	-27.146
1107.8868	103.4954	-1.256
1115.9150	103.4972	24.841
1124.0014	103.4952	51.049
1132.1464	103.4904	77.464
1140.3504	103.4892	104.141
1148.6138	103.4910	130.950
1156.9371	103.4859	157.976
1165.3208	103.4904	-174.794
1173.7652	103.4869	-147.392
1182.2708	103.4930	-119.734
1190.8380	103.4832	-91.976
1199.4673	103.4916	-63.951
1208.1591	103.4881	-35.715
1216.9139	103.4890	-7.289
1225.7322	103.4860	21.354
1234.6144	103.4933	50.194
1243.5609	103.4905	79.229
1252.5722	103.4873	108.515
1261.6489	103.4960	137.950
1270.7913	103.4978	167.635
1280.0000	103.4914	-162.481
1289.2754	103.4891	-132.396
1298.6180	103.4906	-101.990
1308.0284	103.4847	-71.487
1317.5069	103.4882	-40.714
1327.0541	103.4921	-9.674
1336.6704	103.4840	21.546
1346.3565	103.4927	53.001
1356.1128	103.4913	84.635
1365.9397	103.4941	116.563
1375.8379	103.4875	148.695
1385.8078	103.4850	-178.961
1395.8499	103.4894	-146.354
1405.9648	103.4928	-113.447
1416.1530	103.4814	-80.414
1426.4150	103.4861	-47.061
1436.7514	103.4929	-13.498
1447.1627	103.4819	20.305
1457.6495	103.4761	54.354
1468.2122	103.4842	88.594
1478.8515	103.4833	123.154
1489.5678	103.4827	157.976
1500.3618	103.4747	-166.933
1511.2341	103.4765	-131.729
1522.1851	103.4726	-96.132
1533.2155	103.4792	-60.312
1544.3258	103.4752	-24.232
1555.5166	103.4658	12.130
1566.7885	103.4720	48.723
1578.1421	103.4758	85.557
1589.5780	103.4716	122.695
1601.0967	103.4614	160.042
1612.6989	103.4662	-162.269
1624.3852	103.4627	-124.295
1636.1562	103.4714	-86.024
1648.0125	103.4679	-47.608
1659.9546	103.4682	-8.767
1671.9833	103.4674	30.282
1684.0992	103.4667	69.635
1696.3029	103.4673	109.214
1708.5950	103.4652	149.124
1720.9762	103.4650	-170.632
1733.4471	103.4564	-130.141
1746.0084	103.4624	-89.375
1758.6607	103.4608	-48.296
1771.4046	103.4561	-6.938
1784.2410	103.4526	34.742
1797.1703	103.4571	76.738
1810.1934	103.4525	119.019
1823.3108	103.4548	161.557
1836.5232	103.4524	-155.518
1849.8314	103.4472	-112.293
1863.2361	103.4436	-68.728
1876.7379	103.4428	-24.904
1890.3375	103.4500	19.229
1904.0356	103.4487	63.689
1917.8331	103.4388	108.518
1931.7305	103.4387	153.617
1945.7286	103.4328	-160.969
1959.8281	103.4358	-115.149
1974.0299	103.4348	-69.052
1988.3345	103.4352	-22.654
2002.7428	103.4288	24.173
2017.2555	103.4208	71.333
2031.8733	103.4315	118.771
2046.5971	103.4225	166.540
2061.4276	103.4289	-145.341
2076.3656	103.4289	-96.788
2091.4118	103.4184	-47.963
2106.5670	103.4148	1.291
2121.8321	103.4207	50.771
2137.2077	103.4211	100.734
2152.6948	103.4142	150.985
2168.2941	103.4084	-158.348
2184.0065	103.4075	-107.309
2199.8327	103.4113	-55.932
2215.7736	103.4064	-4.254
2231.8300	103.4068	47.904
2248.0028	103.4046	100.389
2264.2927	103.4043	153.289
2280.7007	103.4063	-153.437
2297.2276	103.4071	-99.798
2313.8743	103.4015	-45.760
2330.6416	103.4037	8.670
2347.5304	103.4026	63.531
2364.5415	103.4027	118.762
2381.6760	103.4038	174.355
2398.9346	103.3924	-129.604
2416.3182	103.4048	-73.153
2433.8279	103.3975	-16.344
2451.4644	103.3975	40.955
2469.2287	103.3991	98.608
2487.1218	103.3930	156.665
2505.1445	103.3951	-144.802
2523.2978	103.3882	-85.872
2541.5826	103.3971	-26.518
2560.0000	103.3974	33.277
2578.5508	103.3906	93.487
2597.2361	103.3961	154.172
2616.0567	103.3955	-144.770
2635.0137	103.3894	-83.189
2654.1081	103.3955	-21.185
2673.3409	103.3923	41.207
2692.7130	103.3930	104.079
2712.2255	103.3951	167.443
2731.8794	103.3988	-128.737
2751.6758	103.3936	-64.448
2771.6155	103.3932	0.303
2791.6998	103.3982	65.451
2811.9296	103.3984	131.155
2832.3060	103.4014	-162.728
2852.8301	103.4067	-96.043
2873.5028	103.3998	-28.931
2894.3254	103.4005	38.654
2915.2989	103.4087	106.748
2936.4244	103.4064	175.362
2957.7029	103.4106	-115.559
2979.1356	103.4134	-45.978
3000.7237	103.4134	24.108
3022.4682	103.4155	94.713
3044.3702	103.4197	165.816
3066.4310	103.4177	-122.563
3088.6516	103.4188	-50.378
3111.0332	103.4175	22.293
3133.5771	103.4201	95.506
3156.2843	103.4281	169.188
3179.1560	103.4296	-116.540
3202.1935	103.4275	-41.744
3225.3979	103.4291	33.610
3248.7705	103.4373	109.529
3272.3124	103.4332	-174.025
3296.0249	103.4370	-97.013
3319.9093	103.4401	-19.444
3343.9667	103.4379	58.642
3368.1985	103.4457	137.367
3392.6058	103.4456	-143.394
3417.1900	103.4459	-63.564
3441.9524	103.4432	16.840
3466.8942	103.4470	97.856
3492.0167	103.4526	179.453
3517.3213	103.4572	-98.394
3542.8093	103.4582	-15.626
3568.4820	103.4535	67.768
3594.3406	103.4597	151.792
3620.3867	103.4558	-123.651
3646.6215	103.4614	-38.449
3673.0465	103.4609	47.372
3699.6629	103.4590	133.797
3726.4721	103.4642	-139.131
3753.4757	103.4598	-51.436
3780.6749	103.4553	36.922
3808.0713	103.4645	125.901
3835.6661	103.4608	-144.504
3863.4609	103.4648	-54.193
3891.4572	103.4639	36.706
3919.6563	103.4620	128.275
3948.0597	103.4612	-139.470
3976.6690	103.4622	-46.554
4005.4856	103.4621	46.985
4034.5110	103.4623	141.287
4063.7467	103.4551	-123.751
4093.1943	103.4575	-28.120
4122.8552	103.4567	68.200
4152.7312	103.4512	165.218
4182.8236	103.4515	-97.075
4213.1340	103.4516	1.386
4243.6641	103.4477	100.512
4274.4155	103.4502	-159.634
4305.3896	103.4462	-59.054
4336.5883	103.4399	42.235
4368.0130	103.4411	144.314
4399.6654	103.4359	-112.935
4431.5472	103.4371	-9.364
4463.6600	103.4353	94.868
4496.0055	103.4343	-160.080
4528.5854	103.4279	-54.306
4561.4014	103.4261	52.265
4594.4552	103.4292	159.569
4627.7485	103.4218	-92.321
4661.2831	103.4237	16.585
4695.0607	103.4169	126.218
4729.0830	103.4166	-123.294
4763.3519	103.4178	-12.053
4797.8691	103.4197	100.035
4832.6365	103.4144	-147.076
4867.6558	103.4165	-33.406
4902.9288	103.4153	81.127
4938.4574	103.4155	-163.520
4974.2435	103.4138	-47.337
5010.2890	103.4182	69.709
5046.5956	103.4213	-172.460
5083.1653	103.4164	-53.712
5120.0000	103.4199	65.849
5157.1016	103.4239	-173.697
5194.4721	103.4240	-52.352
5232.1134	103.4227	69.886
5270.0275	103.4311	-167.045
5308.2162	103.4322	-43.018
5346.6818	103.4365	81.831
5385.4260	103.4421	-152.364
5424.4510	103.4413	-25.654
5463.7589	103.4485	101.968
5503.3515	103.4500	-129.489
5543.2311	103.4510	0.020
5583.3996	103.4688	130.438
5623.8592	103.4708	-98.183
5664.6120	103.4702	34.176
5705.6601	103.4721	167.449
5747.0057	103.4771	-58.280
5788.6509	103.4798	76.950
5830.5978	103.4879	-146.850
5872.8487	103.4939	-9.603
5915.4058	103.4950	128.605
5958.2713	103.5025	-92.213
6001.4474	103.5035	48.051
6044.9363	103.5053	-170.722
6088.7404	103.5067	-28.463
6132.8620	103.5122	114.823
6177.3032	103.5166	-100.853
6222.0665	103.5179	44.572
6267.1541	103.5174	-169.013
6312.5685	103.5192	-21.534
6358.3120	103.5179	127.056
6404.3869	103.5196	-83.300
6450.7958	103.5111	67.451
6497.5409	103.5105	-140.768
6544.6248	103.5127	12.214
6592.0498	103.5074	166.217
6639.8185	103.5034	-38.633
6687.9334	103.4987	117.616
6736.3969	103.4959	-85.018
6785.2116	103.4956	73.524
6834.3801	103.4912	-126.766
6883.9048	103.4837	34.052
6933.7884	103.4790	-163.961
6984.0335	103.4734	-0.797
7034.6427	103.4673	163.527
7085.6186	103.4677	-30.929
7136.9639	103.4602	135.783
7188.6813	103.4546	-56.286
7240.7734	103.4483	112.857
7293.2431	103.4435	-76.809
7346.0929	103.4427	94.846
7399.3257	103.4372	-92.297
7452.9443	103.4303	81.753
7506.9514	103.4298	-102.907
7561.3499	103.4265	73.749
7616.1425	103.4283	-108.363
7671.3322	103.4282	70.807
7726.9219	103.4269	-108.701
7782.9143	103.4237	73.113
7839.3125	103.4291	-103.766
7896.1194	103.4238	80.689
7953.3380	103.4260	-93.553
8010.9711	103.4377	93.648
8069.0219	103.4331	-77.864
8127.4934	103.4368	111.991
8186.3886	103.4368	-56.779
8245.7105	103.4436	135.852
8305.4623	103.4443	-30.065
8365.6471	103.4471	165.358
8426.2680	103.4516	2.235
8487.3283	103.4540	-159.460
8548.8309	103.4595	40.269
8610.7793	103.4582	-118.528
8673.1765	103.4613	84.125
8736.0260	103.4606	-71.732
8799.3308	103.4573	133.866
8863.0944	103.4602	-19.028
8927.3200	103.4563	-170.463
8992.0111	103.4538	39.662
9057.1709	103.4502	-108.714
9122.8029	103.4467	104.423
9188.9105	103.4417	-40.867
9255.4971	103.4350	175.375
9322.5662	103.4304	33.207
9390.1214	103.4264	-107.417
9458.1661	103.4198	113.541
9526.7039	103.4133	-23.898
9595.7383	103.4095	-159.735
9665.2730	103.4003	66.058
9735.3115	103.3993	-66.518
9805.8576	103.3990	162.547
9876.9149	103.3906	33.245
9948.4871	103.3888	-94.359
10020.5779	103.3863	139.687
10093.1912	103.3859	15.434
10166.3306	103.3895	-107.073
10240.0000	103.3910	132.121
10314.2033	103.3949	13.006
10388.9442	103.4028	-104.288
10464.2268	103.4019	140.150
10540.0549	103.4094	26.363
10616.4325	103.4158	-85.606
10693.3635	103.4292	164.167
10770.8521	103.4336	55.806
10848.9021	103.4389	-50.733
10927.5177	103.4458	-155.460
11006.7030	103.4577	101.697
11086.4621	103.4558	0.745
11166.7992	103.4644	-98.370
11247.7184	103.4693	164.381
11329.2240	103.4703	69.119
11411.3202	103.4732	-24.249
11494.0114	103.4716	-115.718
11577.3017	103.4716	154.791
11661.1956	103.4731	67.230
11745.6975	103.4659	-18.396
11830.8116	103.4669	-101.959
11916.5426	103.4595	176.383
12002.8947	103.4524	96.812
12089.8727	103.4508	19.173
12177.4809	103.4484	-56.361
12265.7239	103.4425	-129.857
12354.6064	103.4394	158.699
12444.1330	103.4429	89.353
12534.3083	103.4383	22.156
12625.1370	103.4394	-43.002
12716.6240	103.4419	-106.017
12808.7739	103.4447	-166.851
12901.5916	103.4470	134.535
12995.0818	103.4551	78.065
13089.2495	103.4624	23.821
13184.0996	103.4699	-28.280
13279.6370	103.4692	-78.058
13375.8668	103.4763	-125.595
13472.7938	103.4783	-170.870
13570.4232	103.4769	146.143
13668.7601	103.4817	105.447
13767.8096	103.4796	67.094
13867.5768	103.4801	31.045
13968.0670	103.4739	-2.647
14069.2853	103.4648	-34.021
14171.2372	103.4608	-62.984
14273.9278	103.4548	-89.554
14377.3626	103.4444	-113.700
14481.5469	103.4304	-135.451
14586.4861	103.4248	-154.778
14692.1858	103.4102	-171.658
14798.6515	103.4068	173.931
14905.8886	103.3979	162.064
15013.9028	103.3907	152.688
15122.6997	103.3886	145.820
15232.2851	103.3885	141.525
15342.6645	103.3906	139.844
15453.8437	103.3918	140.708
15565.8287	103.3976	144.241
15678.6251	103.4015	150.412
15792.2389	103.4051	159.225
15906.6759	103.4034	170.715
16021.9423	103.4123	-175.088
16138.0439	103.4087	-158.117
16254.9868	103.4102	-138.468
16372.7771	103.4162	-116.100
16491.4210	103.4057	-90.942
16610.9246	103.4059	-62.989
16731.2942	103.3981	-32.269
16852.5361	103.3924	1.300
16974.6565	103.3809	37.699
17097.6619	103.3846	76.909
17221.5586	103.3698	119.054
17346.3531	103.3730	164.058
17472.0519	103.3719	-147.941
17598.6616	103.3732	-97.098
17726.1888	103.3807	-43.271
17854.6400	103.3897	13.608
17984.0221	103.3966	73.537
18114.3418	103.4055	136.457
18245.6057	103.4159	-157.517
18377.8209	103.4238	-88.397
18510.9942	103.4327	-16.169
18645.1325	103.4375	59.168
18780.2428	103.4327	137.711
18916.3322	103.4370	-140.620
19053.4077	103.4324	-55.732
19191.4766	103.4234	32.377
19330.5459	103.4130	123.668
19470.6230	103.4083	-141.755
19611.7152	103.3983	-43.945
19753.8298	103.3865	57.195
19896.9742	103.3849	161.664
