* Helix DSP Ultra S, output layer - no filter - the set's reference.
* ELECTRICAL loop, no microphone: Scarlett 2i2 out L -> Helix line in,
* Helix line out -> Scarlett in 1; out R -> in 2 direct as the timing
* reference, timing offset 0. Everything else in the channel off; no gain,
* level or routing changed within a set, so the ratio to the set's reference
* is the filter alone.
* REW V5.40 beta 134 measurement #72 'm0_bypass NO APF1@8k', 2026-Sep-02 11:02:30, 512k sweep, 1 average, 96 kHz,
* 20 Hz - 20 kHz, loopback timing reference. SNR 48.9 dB, delay -9.0175 ms.
* Levels are REW's electrical dB (splOffset 120.00); only ratios within a set carry meaning.
* frequency_Hz<TAB>dB<TAB>phase_deg - REW's UNSMOOTHED raw spectrum (linear bins) resampled to 1/96 octave by complex averaging within each cell,
* with the measurement's own delay removed before averaging and restored after, so the cell average carries no rotation loss.
20.0000	107.5620	129.987
20.1449	107.5620	130.458
20.2909	107.5852	130.518
20.4379	107.6193	130.404
20.5860	107.6291	130.680
20.7352	107.6479	130.778
20.8855	107.6656	130.910
21.0368	107.6847	130.989
21.1893	107.7090	130.976
21.3428	107.7211	131.216
21.4975	107.7396	131.330
21.6532	107.7527	131.566
21.8102	107.7770	131.558
21.9682	107.7967	131.664
22.1274	107.8148	131.789
22.2877	107.8399	131.780
22.4492	107.8522	132.030
22.6119	107.8707	132.158
22.7758	107.8814	132.463
22.9408	107.9074	132.439
23.1071	107.9219	132.673
23.2745	107.9442	132.755
23.4432	107.9622	132.936
23.6130	107.9813	133.104
23.7841	108.0023	133.248
23.9565	108.0186	133.483
24.1301	108.0415	133.598
24.3049	108.0549	133.885
24.4811	108.0782	133.982
24.6585	108.0893	134.309
24.8372	108.1115	134.398
25.0171	108.1209	134.756
25.1984	108.1416	134.852
25.3810	108.1501	135.230
25.5649	108.1696	135.347
25.7502	108.1781	135.734
25.9368	108.1968	135.880
26.1247	108.2060	136.266
26.3141	108.2242	136.446
26.5047	108.2345	136.821
26.6968	108.2519	137.042
26.8903	108.2636	137.396
27.0851	108.2793	137.666
27.2814	108.2924	137.992
27.4791	108.3058	138.321
27.6782	108.3204	138.614
27.8788	108.3311	139.012
28.0808	108.3474	139.269
28.2843	108.3551	139.742
28.4892	108.3783	139.843
28.6957	108.3864	140.316
28.9036	108.4011	140.641
29.1131	108.4122	141.055
29.3240	108.4235	141.473
29.5365	108.4377	141.819
29.7506	108.4453	142.333
29.9661	108.4662	142.515
30.1833	108.4744	143.004
30.4020	108.4858	143.418
30.6223	108.4968	143.820
30.8442	108.5037	144.349
31.0677	108.5202	144.581
31.2929	108.5271	145.096
31.5196	108.5356	145.570
31.7480	108.5506	145.848
31.9781	108.5555	146.450
32.2098	108.5658	146.898
32.4432	108.5751	147.397
32.6783	108.5816	147.982
32.9151	108.5981	148.321
33.1536	108.6070	148.869
33.3939	108.6148	149.450
33.6359	108.6313	149.812
33.8796	108.6392	150.387
34.1251	108.6468	150.981
34.3724	108.6610	151.372
34.6215	108.6681	151.963
34.8723	108.6743	152.594
35.1250	108.6871	153.026
35.3796	108.6950	153.621
35.6359	108.7001	154.306
35.8942	108.7133	154.771
36.1543	108.7262	155.244
36.4163	108.7313	155.931
36.6802	108.7379	156.582
36.9460	108.7481	157.086
37.2137	108.7538	157.741
37.4834	108.7573	158.486
37.7550	108.7668	159.040
38.0286	108.7775	159.612
38.3041	108.7846	160.319
38.5817	108.7894	161.093
38.8613	108.8017	161.682
39.1429	108.8128	162.272
39.4265	108.8221	162.871
39.7122	108.8254	163.661
40.0000	108.8298	164.421
40.2899	108.8372	165.063
40.5818	108.8454	165.720
40.8759	108.8546	166.387
41.1721	108.8587	167.225
41.4704	108.8642	168.028
41.7710	108.8732	168.715
42.0736	108.8814	169.418
42.3785	108.8895	170.139
42.6856	108.8943	170.991
42.9949	108.8981	171.882
43.3065	108.9073	172.640
43.6203	108.9162	173.404
43.9364	108.9238	174.174
44.2548	108.9295	174.957
44.5755	108.9338	175.759
44.8985	108.9383	176.581
45.2238	108.9412	177.528
45.5515	108.9442	178.480
45.8816	108.9516	179.328
46.2141	108.9596	-179.826
46.5490	108.9669	-178.981
46.8863	108.9725	-178.128
47.2261	108.9767	-177.257
47.5683	108.9805	-176.363
47.9130	108.9849	-175.448
48.2602	108.9905	-174.518
48.6099	108.9969	-173.580
48.9621	109.0035	-172.637
49.3169	109.0097	-171.688
49.6743	109.0153	-170.732
50.0343	109.0205	-169.765
50.3968	109.0254	-168.788
50.7620	109.0302	-167.801
51.1299	109.0347	-166.801
51.5004	109.0389	-165.788
51.8736	109.0426	-164.760
52.2495	109.0464	-163.714
52.6281	109.0503	-162.654
53.0095	109.0547	-161.581
53.3936	109.0592	-160.499
53.7805	109.0635	-159.410
54.1702	109.0675	-158.313
54.5628	109.0711	-157.205
54.9581	109.0749	-156.086
55.3564	109.0790	-154.958
55.7575	109.0833	-153.822
56.1616	109.0876	-152.678
56.5685	109.0930	-151.603
56.9785	109.0979	-150.505
57.3914	109.1015	-149.312
57.8072	109.1054	-148.107
58.2261	109.1093	-146.893
58.6481	109.1126	-145.668
59.0730	109.1151	-144.430
59.5011	109.1186	-143.244
59.9323	109.1228	-142.044
60.3666	109.1260	-140.768
60.8040	109.1291	-139.484
61.2446	109.1319	-138.188
61.6884	109.1365	-136.941
62.1355	109.1423	-135.679
62.5857	109.1464	-134.345
63.0392	109.1500	-133.002
63.4960	109.1536	-131.707
63.9562	109.1568	-130.392
64.4196	109.1592	-129.004
64.8864	109.1618	-127.609
65.3566	109.1643	-126.269
65.8302	109.1655	-124.910
66.3073	109.1669	-123.472
66.7877	109.1712	-122.073
67.2717	109.1765	-120.672
67.7592	109.1789	-119.205
68.2502	109.1805	-117.770
68.7448	109.1824	-116.305
69.2429	109.1852	-114.778
69.7447	109.1903	-113.298
70.2501	109.1942	-111.821
70.7591	109.1955	-110.278
71.2719	109.1968	-108.770
71.7884	109.1984	-107.240
72.3086	109.2007	-105.691
72.8325	109.2039	-104.124
73.3603	109.2081	-102.547
73.8919	109.2120	-100.968
74.4274	109.2136	-99.330
74.9667	109.2145	-97.723
75.5099	109.2157	-96.090
76.0571	109.2193	-94.439
76.6083	109.2237	-92.781
77.1634	109.2268	-91.114
77.7226	109.2295	-89.469
78.2858	109.2314	-87.763
78.8531	109.2324	-86.044
79.4245	109.2328	-84.304
80.0000	109.2344	-82.540
80.5797	109.2377	-80.765
81.1636	109.2407	-78.988
81.7518	109.2416	-77.231
82.3442	109.2423	-75.404
82.9409	109.2462	-73.566
83.5419	109.2507	-71.736
84.1473	109.2519	-69.903
84.7570	109.2515	-68.069
85.3712	109.2539	-66.165
85.9899	109.2588	-64.256
86.6130	109.2623	-62.378
87.2406	109.2629	-60.462
87.8728	109.2649	-58.491
88.5096	109.2682	-56.517
89.1509	109.2715	-54.572
89.7970	109.2730	-52.613
90.4477	109.2733	-50.599
91.1031	109.2736	-48.560
91.7633	109.2768	-46.528
92.4282	109.2820	-44.508
93.0980	109.2824	-42.481
93.7726	109.2809	-40.373
94.4521	109.2831	-38.224
95.1366	109.2897	-36.103
95.8260	109.2913	-33.994
96.5204	109.2884	-31.843
97.2198	109.2897	-29.660
97.9243	109.2951	-27.486
98.6339	109.2987	-25.312
99.3486	109.2993	-23.103
100.0685	109.2994	-20.848
100.7937	109.3012	-18.569
101.5241	109.3030	-16.292
102.2598	109.3030	-14.007
103.0008	109.3040	-11.697
103.7472	109.3072	-9.374
104.4990	109.3087	-7.035
105.2562	109.3083	-4.660
106.0189	109.3091	-2.255
106.7872	109.3115	0.155
107.5610	109.3141	2.567
108.3404	109.3158	4.990
109.1255	109.3168	7.422
109.9163	109.3188	9.889
110.7128	109.3197	12.388
111.5151	109.3186	14.907
112.3231	109.3182	17.452
113.1371	109.3201	19.994
113.9569	109.3224	22.559
114.7827	109.3240	25.169
115.6145	109.3244	27.796
116.4523	109.3233	30.420
117.2961	109.3226	33.065
118.1461	109.3242	35.747
119.0022	109.3281	38.428
119.8646	109.3314	41.137
120.7332	109.3337	43.897
121.6080	109.3371	46.664
122.4893	109.3387	49.437
123.3769	109.3372	52.229
124.2709	109.3369	55.052
125.1714	109.3395	57.886
126.0785	109.3410	60.741
126.9921	109.3419	63.638
127.9123	109.3435	66.560
128.8392	109.3445	69.487
129.7728	109.3430	72.426
130.7132	109.3427	75.414
131.6604	109.3477	78.417
132.6145	109.3491	81.425
133.5755	109.3509	84.480
134.5434	109.3542	87.547
135.5184	109.3511	90.646
136.5004	109.3509	93.778
137.4895	109.3518	96.910
138.4858	109.3510	100.072
139.4894	109.3554	103.250
140.5002	109.3583	106.427
141.5183	109.3561	109.664
142.5438	109.3563	112.945
143.5767	109.3592	116.215
144.6171	109.3595	119.508
145.6651	109.3613	122.855
146.7206	109.3651	126.227
147.7838	109.3681	129.612
148.8547	109.3682	133.010
149.9334	109.3621	136.448
151.0199	109.3620	139.942
152.1142	109.3657	143.406
153.2165	109.3642	146.929
154.3268	109.3695	150.478
155.4451	109.3681	154.027
156.5715	109.3697	157.633
157.7061	109.3735	161.234
158.8489	109.3738	164.866
160.0000	109.3742	168.545
161.1594	109.3740	172.258
162.3273	109.3760	176.002
163.5035	109.3769	179.742
164.6884	109.3750	-176.483
165.8818	109.3739	-172.676
167.0838	109.3730	-168.823
168.2946	109.3791	-164.937
169.5141	109.3788	-161.061
170.7425	109.3778	-157.100
171.9797	109.3790	-153.160
173.2260	109.3784	-149.165
174.4812	109.3824	-145.164
175.7456	109.3836	-141.117
177.0191	109.3862	-137.012
178.3019	109.3871	-132.925
179.5939	109.3858	-128.787
180.8953	109.3877	-124.605
182.2062	109.3864	-120.404
183.5265	109.3843	-116.170
184.8564	109.3877	-111.924
186.1960	109.3904	-107.628
187.5452	109.3892	-103.315
188.9043	109.3897	-98.935
190.2731	109.3886	-94.567
191.6519	109.3890	-90.103
193.0407	109.3920	-85.681
194.4396	109.3893	-81.185
195.8486	109.3892	-76.665
197.2678	109.3912	-72.101
198.6972	109.3915	-67.509
200.1371	109.3896	-62.895
201.5874	109.3925	-58.252
203.0482	109.3962	-53.555
204.5195	109.3967	-48.840
206.0016	109.3925	-44.062
207.4943	109.3979	-39.275
208.9979	109.4014	-34.430
210.5124	109.3969	-29.556
212.0379	109.3988	-24.667
213.5744	109.3992	-19.721
215.1220	109.4012	-14.736
216.6809	109.3998	-9.690
218.2510	109.4031	-4.677
219.8326	109.4016	0.411
221.4256	109.4011	5.553
223.0301	109.4029	10.702
224.6463	109.4058	15.891
226.2742	109.3996	21.132
227.9138	109.4066	26.404
229.5654	109.4001	31.751
231.2289	109.4038	37.104
232.9045	109.4075	42.498
234.5922	109.4115	47.940
236.2922	109.4058	53.390
238.0045	109.4065	58.916
239.7291	109.4109	64.465
241.4663	109.4072	70.056
243.2161	109.4140	75.708
244.9785	109.4138	81.380
246.7537	109.4088	87.115
248.5418	109.4132	92.876
250.3428	109.4138	98.683
252.1569	109.4160	104.559
253.9842	109.4142	110.443
255.8246	109.4105	116.375
257.6785	109.4149	122.354
259.5457	109.4161	128.354
261.4265	109.4102	134.461
263.3209	109.4157	140.548
265.2290	109.4121	146.703
267.1510	109.3729	152.989
269.0869	109.4105	159.232
271.0368	109.4176	165.378
273.0008	109.4225	171.821
274.9791	109.4211	178.159
276.9717	109.4206	-175.350
278.9788	109.4226	-168.932
281.0003	109.4178	-162.417
283.0366	109.4189	-155.834
285.0876	109.4251	-149.192
287.1535	109.4222	-142.509
289.2343	109.4182	-135.805
291.3302	109.4224	-129.047
293.4413	109.4234	-122.230
295.5677	109.4238	-115.351
297.7095	109.4284	-108.410
299.8668	109.4238	-101.468
302.0398	109.4250	-94.424
304.2285	109.4237	-87.352
306.4330	109.4240	-80.190
308.6536	109.4304	-73.048
310.8902	109.4317	-65.816
313.1431	109.4213	-58.535
315.4122	109.4291	-51.197
317.6978	109.4246	-43.819
320.0000	109.4263	-36.369
322.3189	109.4252	-28.884
324.6545	109.4304	-21.333
327.0071	109.4261	-13.718
329.3767	109.4282	-6.069
331.7635	109.4324	1.652
334.1676	109.4316	9.421
336.5891	109.4283	17.255
339.0282	109.4314	25.144
341.4849	109.4265	33.120
343.9595	109.4262	41.105
346.4519	109.4283	49.166
348.9625	109.4326	57.278
351.4912	109.4318	65.509
354.0383	109.4297	73.702
356.6038	109.4314	81.995
359.1879	109.4295	90.374
361.7907	109.4317	98.805
364.4124	109.4327	107.267
367.0530	109.4321	115.791
369.7129	109.4362	124.437
372.3920	109.4317	133.105
375.0905	109.4346	141.830
377.8085	109.4340	150.613
380.5463	109.4379	159.478
383.3039	109.4351	168.401
386.0814	109.4381	177.399
388.8792	109.4365	-173.538
391.6971	109.4367	-164.399
394.5355	109.4353	-155.241
397.3945	109.4372	-145.986
400.2742	109.4354	-136.631
403.1747	109.4377	-127.258
406.0963	109.4411	-117.776
409.0390	109.4370	-108.244
412.0031	109.4408	-98.654
414.9887	109.4392	-89.009
417.9958	109.4417	-79.248
421.0248	109.4397	-69.442
424.0757	109.4396	-59.559
427.1488	109.4429	-49.635
430.2440	109.4451	-39.599
433.3618	109.4436	-29.485
436.5021	109.4431	-19.327
439.6652	109.4411	-9.081
442.8512	109.4420	1.244
446.0602	109.4401	11.646
449.2926	109.4413	22.115
452.5483	109.4435	32.650
455.8277	109.4455	43.308
459.1308	109.4439	53.981
462.4579	109.4455	64.784
465.8090	109.4467	75.621
469.1845	109.4418	86.592
472.5844	109.4453	97.606
476.0089	109.4468	108.699
479.4583	109.4472	119.866
482.9326	109.4464	131.148
486.4321	109.4474	142.467
489.9570	109.4467	153.900
493.5075	109.4476	165.396
497.0836	109.4485	176.976
500.6857	109.4474	-171.343
504.3139	109.4505	-159.584
507.9683	109.4472	-147.740
511.6493	109.4462	-135.782
515.3569	109.4495	-123.771
519.0914	109.4476	-111.691
522.8529	109.4478	-99.466
526.6418	109.4494	-87.194
530.4580	109.4473	-74.839
534.3019	109.4524	-62.362
538.1737	109.4575	-49.814
542.0735	109.4494	-37.179
546.0016	109.4543	-24.413
549.9582	109.4540	-11.603
553.9434	109.4516	1.324
557.9575	109.4547	14.355
562.0007	109.4548	27.435
566.0732	109.4524	40.638
570.1752	109.4560	53.943
574.3069	109.4555	67.347
578.4686	109.4538	80.823
582.6604	109.4581	94.441
586.8826	109.4564	108.129
591.1354	109.4566	121.918
595.4190	109.4556	135.815
599.7336	109.4547	149.809
604.0796	109.4583	163.877
608.4570	109.4568	178.082
612.8661	109.4578	-167.602
617.3072	109.4559	-153.211
621.7804	109.4564	-138.706
626.2861	109.4591	-124.088
630.8244	109.4625	-109.358
635.3957	109.4617	-94.548
640.0000	109.4577	-79.604
644.6377	109.4565	-64.542
649.3090	109.4629	-49.410
654.0142	109.4613	-34.161
658.7534	109.4613	-18.787
663.5270	109.4607	-3.298
668.3352	109.4625	12.285
673.1783	109.4646	28.005
678.0564	109.4614	43.824
682.9699	109.4620	59.760
687.9189	109.4617	75.830
692.9039	109.4633	91.989
697.9249	109.4654	108.279
702.9824	109.4664	124.681
708.0765	109.4660	141.221
713.2075	109.4649	157.876
718.3757	109.4629	174.653
723.5814	109.4629	-168.476
728.8247	109.4665	-151.486
734.1061	109.4695	-134.315
739.4257	109.4661	-117.092
744.7839	109.4661	-99.678
750.1809	109.4664	-82.173
755.6170	109.4660	-64.524
761.0926	109.4663	-46.782
766.6077	109.4660	-28.878
772.1629	109.4670	-10.825
777.7583	109.4661	7.323
783.3943	109.4659	25.578
789.0711	109.4683	44.042
794.7890	109.4676	62.585
800.5484	109.4725	81.258
806.3495	109.4713	100.071
812.1926	109.4679	119.040
818.0781	109.4679	138.143
824.0062	109.4660	157.390
829.9773	109.4717	176.754
835.9917	109.4698	-163.716
842.0496	109.4662	-144.044
848.1515	109.4709	-124.264
854.2975	109.4725	-104.330
860.4881	109.4743	-84.219
866.7236	109.4703	-63.984
873.0042	109.4739	-43.598
879.3303	109.4729	-23.081
885.7023	109.4725	-2.388
892.1205	109.4745	18.451
898.5852	109.4763	39.404
905.0967	109.4720	60.543
911.6554	109.4737	81.839
918.2616	109.4765	103.307
924.9157	109.4721	124.884
931.6180	109.4738	146.619
938.3689	109.4770	168.540
945.1687	109.4757	-169.393
952.0178	109.4737	-147.152
958.9165	109.4778	-124.754
965.8652	109.4762	-102.214
972.8643	109.4743	-79.522
979.9141	109.4776	-56.599
987.0149	109.4744	-33.570
994.1672	109.4785	-10.345
1001.3714	109.4800	13.012
1008.6277	109.4781	36.591
1015.9367	109.4742	60.311
1023.2986	109.4783	84.189
1030.7138	109.4787	108.275
1038.1828	109.4795	132.502
1045.7059	109.4773	156.945
1053.2835	109.4803	-178.450
1060.9160	109.4732	-153.684
1068.6039	109.4782	-128.732
1076.3474	109.4760	-103.574
1084.1471	109.4811	-78.269
1092.0032	109.4782	-52.769
1099.9164	109.4763	-27.078
1107.8868	109.4771	-1.227
1115.9150	109.4788	24.863
1124.0014	109.4790	51.106
1132.1464	109.4764	77.536
1140.3504	109.4786	104.168
1148.6138	109.4775	130.988
1156.9371	109.4792	158.007
1165.3208	109.4764	-174.769
1173.7652	109.4790	-147.342
1182.2708	109.4750	-119.750
1190.8380	109.4786	-91.920
1199.4673	109.4751	-63.913
1208.1591	109.4764	-35.690
1216.9139	109.4751	-7.253
1225.7322	109.4761	21.353
1234.6144	109.4759	50.198
1243.5609	109.4784	79.255
1252.5722	109.4761	108.507
1261.6489	109.4772	137.954
1270.7913	109.4775	167.654
1280.0000	109.4756	-162.467
1289.2754	109.4730	-132.360
1298.6180	109.4750	-102.013
1308.0284	109.4743	-71.481
1317.5069	109.4753	-40.706
1327.0541	109.4722	-9.701
1336.6704	109.4744	21.538
1346.3565	109.4745	52.974
1356.1128	109.4742	84.637
1365.9397	109.4734	116.544
1375.8379	109.4774	148.689
1385.8078	109.4706	-178.941
1395.8499	109.4741	-146.323
1405.9648	109.4701	-113.508
1416.1530	109.4728	-80.416
1426.4150	109.4703	-47.095
1436.7514	109.4701	-13.534
1447.1627	109.4721	20.251
1457.6495	109.4692	54.308
1468.2122	109.4725	88.601
1478.8515	109.4703	123.140
1489.5678	109.4682	157.927
1500.3618	109.4702	-167.018
1511.2341	109.4674	-131.709
1522.1851	109.4691	-96.166
1533.2155	109.4659	-60.335
1544.3258	109.4663	-24.276
1555.5166	109.4660	12.074
1566.7885	109.4620	48.661
1578.1421	109.4630	85.521
1589.5780	109.4667	122.659
1601.0967	109.4645	160.046
1612.6989	109.4647	-162.276
1624.3852	109.4609	-124.334
1636.1562	109.4622	-86.117
1648.0125	109.4623	-47.644
1659.9546	109.4627	-8.843
1671.9833	109.4597	30.203
1684.0992	109.4586	69.541
1696.3029	109.4558	109.157
1708.5950	109.4555	149.085
1720.9762	109.4566	-170.739
1733.4471	109.4546	-130.227
1746.0084	109.4526	-89.460
1758.6607	109.4505	-48.371
1771.4046	109.4508	-7.007
1784.2410	109.4498	34.689
1797.1703	109.4484	76.653
1810.1934	109.4465	118.930
1823.3108	109.4494	161.510
1836.5232	109.4451	-155.583
1849.8314	109.4452	-112.370
1863.2361	109.4404	-68.849
1876.7379	109.4438	-25.010
1890.3375	109.4423	19.137
1904.0356	109.4429	63.614
1917.8331	109.4390	108.397
1931.7305	109.4396	153.535
1945.7286	109.4396	-161.029
1959.8281	109.4351	-115.243
1974.0299	109.4384	-69.122
1988.3345	109.4343	-22.674
2002.7428	109.4345	24.108
2017.2555	109.4330	71.213
2031.8733	109.4293	118.661
2046.5971	109.4321	166.478
2061.4276	109.4286	-145.366
2076.3656	109.4282	-96.872
2091.4118	109.4267	-48.021
2106.5670	109.4272	1.173
2121.8321	109.4271	50.722
2137.2077	109.4243	100.660
2152.6948	109.4226	150.948
2168.2941	109.4191	-158.414
2184.0065	109.4239	-107.404
2199.8327	109.4185	-56.001
2215.7736	109.4208	-4.273
2231.8300	109.4181	47.880
2248.0028	109.4166	100.364
2264.2927	109.4188	153.247
2280.7007	109.4148	-153.471
2297.2276	109.4146	-99.802
2313.8743	109.4113	-45.762
2330.6416	109.4133	8.663
2347.5304	109.4126	63.486
2364.5415	109.4128	118.721
2381.6760	109.4106	174.360
2398.9346	109.4110	-129.616
2416.3182	109.4114	-73.177
2433.8279	109.4112	-16.330
2451.4644	109.4100	40.911
2469.2287	109.4093	98.607
2487.1218	109.4107	156.693
2505.1445	109.4078	-144.799
2523.2978	109.4095	-85.849
2541.5826	109.4077	-26.493
2560.0000	109.4062	33.298
2578.5508	109.4068	93.533
2597.2361	109.4085	154.189
2616.0567	109.4067	-144.705
2635.0137	109.4039	-83.170
2654.1081	109.4045	-21.173
2673.3409	109.4048	41.270
2692.7130	109.4054	104.185
2712.2255	109.4053	167.518
2731.8794	109.4074	-128.689
2751.6758	109.4072	-64.402
2771.6155	109.4086	0.347
2791.6998	109.4090	65.538
2811.9296	109.4127	131.225
2832.3060	109.4107	-162.633
2852.8301	109.4075	-95.972
2873.5028	109.4096	-28.868
2894.3254	109.4096	38.749
2915.2989	109.4082	106.841
2936.4244	109.4131	175.432
2957.7029	109.4118	-115.490
2979.1356	109.4145	-45.888
3000.7237	109.4129	24.203
3022.4682	109.4154	94.805
3044.3702	109.4159	165.917
3066.4310	109.4170	-122.448
3088.6516	109.4172	-50.291
3111.0332	109.4204	22.371
3133.5771	109.4193	95.584
3156.2843	109.4215	169.308
3179.1560	109.4224	-116.432
3202.1935	109.4256	-41.619
3225.3979	109.4272	33.721
3248.7705	109.4253	109.624
3272.3124	109.4247	-173.942
3296.0249	109.4308	-96.939
3319.9093	109.4327	-19.387
3343.9667	109.4317	58.731
3368.1985	109.4340	137.433
3392.6058	109.4352	-143.325
3417.1900	109.4348	-63.493
3441.9524	109.4366	16.922
3466.8942	109.4389	97.923
3492.0167	109.4388	179.498
3517.3213	109.4402	-98.342
3542.8093	109.4402	-15.563
3568.4820	109.4430	67.796
3594.3406	109.4418	151.783
3620.3867	109.4440	-123.637
3646.6215	109.4453	-38.455
3673.0465	109.4436	47.339
3699.6629	109.4485	133.808
3726.4721	109.4463	-139.140
3753.4757	109.4455	-51.434
3780.6749	109.4468	36.897
3808.0713	109.4484	125.858
3835.6661	109.4494	-144.532
3863.4609	109.4509	-54.261
3891.4572	109.4496	36.650
3919.6563	109.4466	128.222
3948.0597	109.4447	-139.537
3976.6690	109.4479	-46.624
4005.4856	109.4465	46.933
4034.5110	109.4462	141.204
4063.7467	109.4481	-123.863
4093.1943	109.4476	-28.216
4122.8552	109.4481	68.097
4152.7312	109.4467	165.099
4182.8236	109.4450	-97.162
4213.1340	109.4475	1.269
4243.6641	109.4440	100.413
4274.4155	109.4438	-159.736
4305.3896	109.4417	-59.167
4336.5883	109.4445	42.156
4368.0130	109.4418	144.186
4399.6654	109.4420	-113.027
4431.5472	109.4420	-9.485
4463.6600	109.4407	94.780
4496.0055	109.4388	-160.184
4528.5854	109.4379	-54.383
4561.4014	109.4364	52.153
4594.4552	109.4380	159.486
4627.7485	109.4368	-92.410
4661.2831	109.4371	16.485
4695.0607	109.4350	126.141
4729.0830	109.4354	-123.383
4763.3519	109.4321	-12.098
4797.8691	109.4358	99.985
4832.6365	109.4332	-147.154
4867.6558	109.4358	-33.451
4902.9288	109.4328	81.086
4938.4574	109.4329	-163.574
4974.2435	109.4351	-47.340
5010.2890	109.4361	69.670
5046.5956	109.4382	-172.446
5083.1653	109.4365	-53.703
5120.0000	109.4393	65.884
5157.1016	109.4411	-173.634
5194.4721	109.4446	-52.293
5232.1134	109.4447	69.933
5270.0275	109.4463	-166.973
5308.2162	109.4468	-42.966
5346.6818	109.4484	81.941
5385.4260	109.4506	-152.275
5424.4510	109.4527	-25.560
5463.7589	109.4569	102.087
5503.3515	109.4592	-129.361
5543.2311	109.4635	0.142
5583.3996	109.4655	130.568
5623.8592	109.4686	-98.071
5664.6120	109.4716	34.276
5705.6601	109.4736	167.567
5747.0057	109.4796	-58.163
5788.6509	109.4789	77.079
5830.5978	109.4806	-146.712
5872.8487	109.4853	-9.516
5915.4058	109.4869	128.702
5958.2713	109.4909	-92.102
6001.4474	109.4909	48.101
6044.9363	109.4958	-170.660
6088.7404	109.4947	-28.410
6132.8620	109.4975	114.874
6177.3032	109.4965	-100.787
6222.0665	109.4971	44.585
6267.1541	109.4994	-168.995
6312.5685	109.4992	-21.515
6358.3120	109.4997	127.061
6404.3869	109.4985	-83.304
6450.7958	109.4998	67.415
6497.5409	109.5000	-140.776
6544.6248	109.4973	12.133
6592.0498	109.4966	166.135
6639.8185	109.4938	-38.718
6687.9334	109.4917	117.543
6736.3969	109.4893	-85.089
6785.2116	109.4894	73.443
6834.3801	109.4856	-126.877
6883.9048	109.4806	33.930
6933.7884	109.4778	-164.071
6984.0335	109.4780	-0.894
7034.6427	109.4717	163.458
7085.6186	109.4701	-31.033
7136.9639	109.4650	135.720
7188.6813	109.4639	-56.350
7240.7734	109.4612	112.786
7293.2431	109.4575	-76.829
7346.0929	109.4550	94.781
7399.3257	109.4509	-92.374
7452.9443	109.4494	81.726
7506.9514	109.4462	-102.887
7561.3499	109.4453	73.731
7616.1425	109.4440	-108.344
7671.3322	109.4445	70.872
7726.9219	109.4407	-108.643
7782.9143	109.4408	73.164
7839.3125	109.4413	-103.711
7896.1194	109.4404	80.752
7953.3380	109.4417	-93.440
8010.9711	109.4331	93.701
8069.0219	109.4406	-77.796
8127.4934	109.4419	112.069
8186.3886	109.4427	-56.677
8245.7105	109.4435	135.957
8305.4623	109.4426	-29.994
8365.6471	109.4424	165.454
8426.2680	109.4460	2.294
8487.3283	109.4431	-159.391
8548.8309	109.4457	40.345
8610.7793	109.4458	-118.490
8673.1765	109.4468	84.161
8736.0260	109.4428	-71.715
8799.3308	109.4400	133.854
8863.0944	109.4414	-19.051
8927.3200	109.4401	-170.462
8992.0111	109.4385	39.612
9057.1709	109.4352	-108.771
9122.8029	109.4321	104.371
9188.9105	109.4280	-40.933
9255.4971	109.4280	175.307
9322.5662	109.4217	33.100
9390.1214	109.4207	-107.505
9458.1661	109.4145	113.443
9526.7039	109.4138	-23.997
9595.7383	109.4112	-159.826
9665.2730	109.4062	65.977
9735.3115	109.4020	-66.605
9805.8576	109.4013	162.477
9876.9149	109.4003	33.211
9948.4871	109.3960	-94.391
10020.5779	109.3986	139.699
10093.1912	109.3997	15.463
10166.3306	109.4007	-107.061
10240.0000	109.4004	132.159
10314.2033	109.4035	13.078
10388.9442	109.4059	-104.239
10464.2268	109.4092	140.230
10540.0549	109.4130	26.449
10616.4325	109.4185	-85.550
10693.3635	109.4232	164.270
10770.8521	109.4291	55.891
10848.9021	109.4319	-50.669
10927.5177	109.4358	-155.375
11006.7030	109.4422	101.761
11086.4621	109.4451	0.759
11166.7992	109.4504	-98.346
11247.7184	109.4531	164.425
11329.2240	109.4548	69.114
11411.3202	109.4567	-24.282
11494.0114	109.4570	-115.762
11577.3017	109.4597	154.703
11661.1956	109.4599	67.148
11745.6975	109.4596	-18.456
11830.8116	109.4600	-102.079
11916.5426	109.4581	176.301
12002.8947	109.4558	96.700
12089.8727	109.4551	19.111
12177.4809	109.4526	-56.426
12265.7239	109.4482	-129.915
12354.6064	109.4520	158.678
12444.1330	109.4504	89.354
12534.3083	109.4508	22.111
12625.1370	109.4496	-42.980
12716.6240	109.4500	-105.947
12808.7739	109.4533	-166.772
12901.5916	109.4564	134.574
12995.0818	109.4578	78.118
13089.2495	109.4611	23.876
13184.0996	109.4633	-28.174
13279.6370	109.4661	-77.985
13375.8668	109.4686	-125.536
13472.7938	109.4678	-170.812
13570.4232	109.4696	146.188
13668.7601	109.4711	105.483
13767.8096	109.4668	67.095
13867.5768	109.4639	31.032
13968.0670	109.4621	-2.691
14069.2853	109.4570	-34.040
14171.2372	109.4504	-63.047
14273.9278	109.4443	-89.608
14377.3626	109.4364	-113.794
14481.5469	109.4299	-135.555
14586.4861	109.4243	-154.859
14692.1858	109.4167	-171.710
14798.6515	109.4113	173.919
14905.8886	109.4082	162.040
15013.9028	109.4027	152.670
15122.6997	109.3986	145.846
15232.2851	109.3965	141.574
15342.6645	109.3958	139.887
15453.8437	109.3951	140.790
15565.8287	109.3966	144.333
15678.6251	109.3963	150.496
15792.2389	109.3988	159.308
15906.6759	109.4021	170.806
16021.9423	109.3982	-175.007
16138.0439	109.4035	-158.107
16254.9868	109.4001	-138.492
16372.7771	109.4028	-116.106
16491.4210	109.4001	-90.958
16610.9246	109.3988	-63.019
16731.2942	109.3976	-32.292
16852.5361	109.3951	1.248
16974.6565	109.3903	37.635
17097.6619	109.3887	76.889
17221.5586	109.3871	119.016
17346.3531	109.3894	164.036
17472.0519	109.3877	-148.002
17598.6616	109.3919	-97.093
17726.1888	109.3945	-43.188
17854.6400	109.4001	13.666
17984.0221	109.4047	73.573
18114.3418	109.4110	136.511
18245.6057	109.4181	-157.466
18377.8209	109.4230	-88.348
18510.9942	109.4268	-16.144
18645.1325	109.4303	59.213
18780.2428	109.4303	137.695
18916.3322	109.4306	-140.617
19053.4077	109.4311	-55.770
19191.4766	109.4271	32.329
19330.5459	109.4159	123.618
19470.6230	109.4108	-141.812
19611.7152	109.4036	-43.977
19753.8298	109.3992	57.158
19896.9742	109.3912	161.634
