* Helix DSP Ultra S, output layer - PEQ, 1000 Hz, -6.0 dB, Q 1.
* ELECTRICAL loop, no microphone: Scarlett 2i2 out L -> Helix line in,
* Helix line out -> Scarlett in 1; out R -> in 2 direct as the timing
* reference, timing offset 0. Everything else in the channel off; no gain,
* level or routing changed within a set, so the ratio to the set's reference
* is the filter alone.
* REW V5.40 beta 134 measurement #75 'm3_peq_1k_-6db_q1 NO APF1@8k', 2026-Sep-02 11:03:25, 512k sweep, 1 average, 96 kHz,
* 20 Hz - 20 kHz, loopback timing reference. SNR 48.5 dB, delay -9.0178 ms.
* Levels are REW's electrical dB (splOffset 120.00); only ratios within a set carry meaning.
* frequency_Hz<TAB>dB<TAB>phase_deg - REW's UNSMOOTHED raw spectrum (linear bins) resampled to 1/96 octave by complex averaging within each cell,
* with the measurement's own delay removed before averaging and restored after, so the cell average carries no rotation loss.
20.0000	107.5539	129.185
20.1449	107.5539	129.656
20.2909	107.5781	129.710
20.4379	107.6137	129.588
20.5860	107.6241	129.859
20.7352	107.6441	129.948
20.8855	107.6629	130.072
21.0368	107.6830	130.139
21.1893	107.7085	130.112
21.3428	107.7210	130.343
21.4975	107.7399	130.445
21.6532	107.7534	130.672
21.8102	107.7777	130.651
21.9682	107.7975	130.746
22.1274	107.8151	130.862
22.2877	107.8397	130.843
22.4492	107.8516	131.090
22.6119	107.8695	131.213
22.7758	107.8799	131.516
22.9408	107.9050	131.490
23.1071	107.9192	131.723
23.2745	107.9411	131.806
23.4432	107.9589	131.989
23.6130	107.9783	132.159
23.7841	107.9995	132.305
23.9565	108.0164	132.539
24.1301	108.0402	132.653
24.3049	108.0542	132.935
24.4811	108.0786	133.024
24.6585	108.0900	133.344
24.8372	108.1130	133.419
25.0171	108.1223	133.768
25.1984	108.1429	133.846
25.3810	108.1510	134.216
25.5649	108.1695	134.316
25.7502	108.1774	134.698
25.9368	108.1950	134.831
26.1247	108.2038	135.214
26.3141	108.2213	135.387
26.5047	108.2317	135.759
26.6968	108.2491	135.976
26.8903	108.2612	136.326
27.0851	108.2776	136.590
27.2814	108.2913	136.909
27.4791	108.3054	137.231
27.6782	108.3204	137.514
27.8788	108.3315	137.904
28.0808	108.3478	138.146
28.2843	108.3557	138.613
28.4892	108.3782	138.691
28.6957	108.3857	139.156
28.9036	108.3994	139.467
29.1131	108.4094	139.869
29.3240	108.4196	140.276
29.5365	108.4320	140.609
29.7506	108.4387	141.117
29.9661	108.4570	141.283
30.1833	108.4644	141.767
30.4020	108.4748	142.176
30.6223	108.4859	142.573
30.8442	108.4928	143.099
31.0677	108.5109	143.322
31.2929	108.5191	143.829
31.5196	108.5291	144.294
31.7480	108.5471	144.551
31.9781	108.5527	145.145
32.2098	108.5647	145.577
32.4432	108.5750	146.062
32.6783	108.5821	146.638
32.9151	108.5993	146.956
33.1536	108.6081	147.493
33.3939	108.6160	148.066
33.6359	108.6314	148.412
33.8796	108.6384	148.981
34.1251	108.6451	149.569
34.3724	108.6573	149.952
34.6215	108.6636	150.542
34.8723	108.6689	151.170
35.1250	108.6809	151.598
35.3796	108.6888	152.188
35.6359	108.6938	152.870
35.8942	108.7072	153.320
36.1543	108.7201	153.776
36.4163	108.7251	154.456
36.6802	108.7317	155.098
36.9460	108.7421	155.585
37.2137	108.7482	156.231
37.4834	108.7520	156.969
37.7550	108.7624	157.503
38.0286	108.7735	158.051
38.3041	108.7802	158.744
38.5817	108.7848	159.509
38.8613	108.7955	160.082
39.1429	108.8053	160.666
39.4265	108.8141	161.264
39.7122	108.8177	162.052
40.0000	108.8223	162.810
40.2899	108.8303	163.442
40.5818	108.8380	164.083
40.8759	108.8452	164.735
41.1721	108.8481	165.569
41.4704	108.8521	166.367
41.7710	108.8589	167.050
42.0736	108.8661	167.748
42.3785	108.8742	168.458
42.6856	108.8791	169.299
42.9949	108.8830	170.181
43.3065	108.8921	170.915
43.6203	108.9009	171.657
43.9364	108.9092	172.410
44.2548	108.9170	173.175
44.5755	108.9244	173.953
44.8985	108.9315	174.740
45.2238	108.9347	175.669
45.5515	108.9381	176.602
45.8816	108.9439	177.418
46.2141	108.9489	178.248
46.5490	108.9537	179.093
46.8863	108.9585	179.954
47.2261	108.9637	-179.171
47.5683	108.9692	-178.285
47.9130	108.9747	-177.389
48.2602	108.9798	-176.481
48.6099	108.9848	-175.561
48.9621	108.9898	-174.628
49.3169	108.9951	-173.686
49.6743	109.0006	-172.737
50.0343	109.0058	-171.782
50.3968	109.0106	-170.818
50.7620	109.0147	-169.843
51.1299	109.0187	-168.854
51.5004	109.0229	-167.850
51.8736	109.0275	-166.834
52.2495	109.0323	-165.808
52.6281	109.0370	-164.772
53.0095	109.0412	-163.725
53.3936	109.0452	-162.664
53.7805	109.0495	-161.589
54.1702	109.0543	-160.504
54.5628	109.0594	-159.413
54.9581	109.0639	-158.315
55.3564	109.0673	-157.208
55.7575	109.0693	-156.085
56.1616	109.0707	-154.940
56.5685	109.0743	-153.850
56.9785	109.0805	-152.748
57.3914	109.0853	-151.571
57.8072	109.0893	-150.392
58.2261	109.0920	-149.205
58.6481	109.0936	-148.004
59.0730	109.0951	-146.786
59.5011	109.0990	-145.627
59.9323	109.1049	-144.458
60.3666	109.1092	-143.205
60.8040	109.1130	-141.944
61.2446	109.1161	-140.670
61.6884	109.1193	-139.456
62.1355	109.1216	-138.221
62.5857	109.1229	-136.899
63.0392	109.1243	-135.563
63.4960	109.1269	-134.282
63.9562	109.1301	-132.990
64.4196	109.1325	-131.622
64.8864	109.1349	-130.242
65.3566	109.1382	-128.915
65.8302	109.1418	-127.569
66.3073	109.1443	-126.144
66.7877	109.1483	-124.768
67.2717	109.1522	-123.381
67.7592	109.1545	-121.925
68.2502	109.1568	-120.525
68.7448	109.1576	-119.114
69.2429	109.1573	-117.623
69.7447	109.1575	-116.168
70.2501	109.1599	-114.690
70.7591	109.1635	-113.144
71.2719	109.1700	-111.650
71.7884	109.1753	-110.155
72.3086	109.1768	-108.643
72.8325	109.1761	-107.102
73.3603	109.1759	-105.533
73.8919	109.1770	-103.953
74.4274	109.1781	-102.318
74.9667	109.1795	-100.725
75.5099	109.1816	-99.116
76.0571	109.1855	-97.496
76.6083	109.1898	-95.871
77.1634	109.1918	-94.232
77.7226	109.1930	-92.610
78.2858	109.1956	-90.913
78.8531	109.1995	-89.216
79.4245	109.2017	-87.514
80.0000	109.2015	-85.788
80.5797	109.2017	-84.033
81.1636	109.2040	-82.261
81.7518	109.2069	-80.534
82.3442	109.2068	-78.752
82.9409	109.2060	-76.946
83.5419	109.2064	-75.121
84.1473	109.2083	-73.285
84.7570	109.2109	-71.483
85.3712	109.2119	-69.614
85.9899	109.2130	-67.717
86.6130	109.2157	-65.843
87.2406	109.2171	-63.972
87.8728	109.2162	-62.047
88.5096	109.2161	-60.097
89.1509	109.2196	-58.179
89.7970	109.2220	-56.256
90.4477	109.2217	-54.254
91.1031	109.2235	-52.211
91.7633	109.2296	-50.199
92.4282	109.2315	-48.212
93.0980	109.2287	-46.188
93.7726	109.2297	-44.093
94.4521	109.2343	-41.996
95.1366	109.2368	-39.941
95.8260	109.2332	-37.842
96.5204	109.2308	-35.695
97.2198	109.2322	-33.554
97.9243	109.2331	-31.436
98.6339	109.2314	-29.298
99.3486	109.2316	-27.104
100.0685	109.2364	-24.875
100.7937	109.2402	-22.643
101.5241	109.2385	-20.393
102.2598	109.2355	-18.113
103.0008	109.2349	-15.826
103.7472	109.2358	-13.541
104.4990	109.2375	-11.246
105.2562	109.2386	-8.929
106.0189	109.2381	-6.579
106.7872	109.2379	-4.191
107.5610	109.2387	-1.785
108.3404	109.2392	0.626
109.1255	109.2388	3.016
109.9163	109.2395	5.427
110.7128	109.2413	7.892
111.5151	109.2422	10.388
112.3231	109.2427	12.927
113.1371	109.2446	15.461
113.9569	109.2431	17.983
114.7827	109.2397	20.559
115.6145	109.2401	23.162
116.4523	109.2421	25.745
117.2961	109.2412	28.364
118.1461	109.2417	31.030
119.0022	109.2416	33.655
119.8646	109.2393	36.290
120.7332	109.2383	38.999
121.6080	109.2399	41.736
122.4893	109.2429	44.510
123.3769	109.2442	47.283
124.2709	109.2411	50.050
125.1714	109.2375	52.854
126.0785	109.2402	55.683
126.9921	109.2403	58.516
127.9123	109.2365	61.414
128.8392	109.2393	64.325
129.7728	109.2389	67.206
130.7132	109.2355	70.147
131.6604	109.2371	73.119
132.6145	109.2349	76.096
133.5755	109.2314	79.094
134.5434	109.2323	82.130
135.5184	109.2344	85.187
136.5004	109.2337	88.236
137.4895	109.2278	91.350
138.4858	109.2286	94.494
139.4894	109.2307	97.602
140.5002	109.2315	100.806
141.5183	109.2376	104.026
142.5438	109.2307	107.220
143.5767	109.2216	110.474
144.6171	109.2239	113.724
145.6651	109.2230	116.997
146.7206	109.2225	120.304
147.7838	109.2220	123.631
148.8547	109.2221	127.001
149.9334	109.2196	130.419
151.0199	109.2213	133.858
152.1142	109.2203	137.277
153.2165	109.2177	140.763
154.3268	109.2166	144.259
155.4451	109.2092	147.782
156.5715	109.2079	151.306
157.7061	109.2058	154.902
158.8489	109.2107	158.518
160.0000	109.2052	162.112
161.1594	109.1993	165.800
162.3273	109.2062	169.477
163.5035	109.2021	173.158
164.6884	109.2013	176.907
165.8818	109.1930	-179.338
167.0838	109.1914	-175.498
168.2946	109.1924	-171.697
169.5141	109.1913	-167.818
170.7425	109.1906	-163.944
171.9797	109.1868	-160.055
173.2260	109.1853	-156.130
174.4812	109.1852	-152.166
175.7456	109.1781	-148.183
177.0191	109.1774	-144.159
178.3019	109.1734	-140.105
179.5939	109.1712	-135.985
180.8953	109.1707	-131.874
182.2062	109.1671	-127.759
183.5265	109.1666	-123.536
184.8564	109.1652	-119.359
186.1960	109.1588	-115.123
187.5452	109.1600	-110.838
188.9043	109.1574	-106.504
190.2731	109.1500	-102.162
191.6519	109.1483	-97.816
193.0407	109.1446	-93.419
194.4396	109.1438	-88.955
195.8486	109.1382	-84.503
197.2678	109.1351	-79.998
198.6972	109.1374	-75.482
200.1371	109.1311	-70.920
201.5874	109.1229	-66.303
203.0482	109.1275	-61.688
204.5195	109.1233	-57.033
206.0016	109.1171	-52.274
207.4943	109.1178	-47.562
208.9979	109.1112	-42.808
210.5124	109.1054	-37.955
212.0379	109.1022	-33.136
213.5744	109.0962	-28.294
215.1220	109.0961	-23.344
216.6809	109.0903	-18.400
218.2510	109.0820	-13.419
219.8326	109.0802	-8.348
221.4256	109.0789	-3.262
223.0301	109.0748	1.770
224.6463	109.0743	6.896
226.2742	109.0751	12.044
227.9138	109.0609	17.305
229.5654	109.0475	22.560
231.2289	109.0489	27.861
232.9045	109.0456	33.190
234.5922	109.0347	38.582
236.2922	109.0283	44.009
238.0045	109.0307	49.425
239.7291	109.0283	54.902
241.4663	109.0195	60.457
243.2161	109.0092	66.035
244.9785	109.0060	71.628
246.7537	109.0019	77.304
248.5418	108.9915	82.976
250.3428	108.9911	88.694
252.1569	108.9779	94.495
253.9842	108.9822	100.342
255.8246	108.9758	106.161
257.6785	108.9681	112.103
259.5457	108.9509	118.039
261.4265	108.9453	123.973
263.3209	108.9378	130.072
265.2290	108.9592	136.102
267.1510	108.9289	142.617
269.0869	108.9444	148.793
271.0368	108.9270	154.708
273.0008	108.9149	160.975
274.9791	108.8982	167.269
276.9717	108.8917	173.666
278.9788	108.8833	-179.979
281.0003	108.8749	-173.525
283.0366	108.8802	-166.982
285.0876	108.8677	-160.440
287.1535	108.8537	-153.881
289.2343	108.8438	-147.228
291.3302	108.8363	-140.536
293.4413	108.8359	-133.828
295.5677	108.8232	-127.017
297.7095	108.8118	-120.190
299.8668	108.8044	-113.250
302.0398	108.7966	-106.359
304.2285	108.7858	-99.357
306.4330	108.7752	-92.339
308.6536	108.7692	-85.215
310.8902	108.7469	-78.038
313.1431	108.7458	-70.868
315.4122	108.7344	-63.578
317.6978	108.7284	-56.307
320.0000	108.7184	-48.945
322.3189	108.7092	-41.522
324.6545	108.6969	-34.043
327.0071	108.6829	-26.523
329.3767	108.6712	-18.952
331.7635	108.6633	-11.321
334.1676	108.6500	-3.659
336.5891	108.6383	4.123
339.0282	108.6205	11.917
341.4849	108.6146	19.760
343.9595	108.6021	27.675
346.4519	108.5839	35.632
348.9625	108.5711	43.703
351.4912	108.5655	51.781
354.0383	108.5527	59.917
356.6038	108.5363	68.110
359.1879	108.5277	76.385
361.7907	108.5074	84.768
364.4124	108.5024	93.173
367.0530	108.4880	101.654
369.7129	108.4687	110.146
372.3920	108.4494	118.692
375.0905	108.4385	127.327
377.8085	108.4243	136.004
380.5463	108.4066	144.820
383.3039	108.3908	153.657
386.0814	108.3698	162.534
388.8792	108.3550	171.509
391.6971	108.3419	-179.448
394.5355	108.3273	-170.361
397.3945	108.3005	-161.162
400.2742	108.2880	-151.941
403.1747	108.2728	-142.647
406.0963	108.2487	-133.276
409.0390	108.2338	-123.869
412.0031	108.2170	-114.324
414.9887	108.1988	-104.740
417.9958	108.1776	-95.108
421.0248	108.1589	-85.396
424.0757	108.1349	-75.610
427.1488	108.1132	-65.715
430.2440	108.0910	-55.795
433.3618	108.0713	-45.800
436.5021	108.0502	-35.752
439.6652	108.0325	-25.557
442.8512	108.0084	-15.319
446.0602	107.9843	-5.030
449.2926	107.9602	5.340
452.5483	107.9372	15.790
455.8277	107.9127	26.364
459.1308	107.8910	36.973
462.4579	107.8626	47.649
465.8090	107.8417	58.431
469.1845	107.8147	69.299
472.5844	107.7911	80.203
476.0089	107.7625	91.230
479.4583	107.7376	102.318
482.9326	107.7116	113.525
486.4321	107.6829	124.747
489.9570	107.6529	136.058
493.5075	107.6248	147.495
497.0836	107.5913	159.016
500.6857	107.5669	170.623
504.3139	107.5349	-177.684
507.9683	107.5039	-165.906
511.6493	107.4784	-154.074
515.3569	107.4418	-142.122
519.0914	107.4086	-130.060
522.8529	107.3799	-117.963
526.6418	107.3455	-105.756
530.4580	107.3111	-93.468
534.3019	107.2609	-81.053
538.1737	107.2405	-68.540
542.0735	107.2137	-56.017
546.0016	107.1707	-43.290
549.9582	107.1285	-30.521
553.9434	107.0938	-17.667
557.9575	107.0571	-4.730
562.0007	107.0237	8.356
566.0732	106.9821	21.513
570.1752	106.9443	34.765
574.3069	106.9038	48.129
578.4686	106.8581	61.580
582.6604	106.8292	75.129
586.8826	106.7816	88.791
591.1354	106.7399	102.539
595.4190	106.6911	116.424
599.7336	106.6566	130.412
604.0796	106.6110	144.484
608.4570	106.5667	158.657
612.8661	106.5202	172.950
617.3072	106.4733	-172.635
621.7804	106.4268	-158.179
626.2861	106.3801	-143.504
630.8244	106.3385	-128.776
635.3957	106.2846	-113.916
640.0000	106.2348	-98.956
644.6377	106.1834	-83.883
649.3090	106.1387	-68.707
654.0142	106.0892	-53.428
658.7534	106.0334	-38.007
663.5270	105.9827	-22.477
668.3352	105.9292	-6.805
673.1783	105.8779	8.990
678.0564	105.8262	24.842
682.9699	105.7707	40.848
687.9189	105.7161	56.999
692.9039	105.6698	73.336
697.9249	105.6104	89.698
702.9824	105.5558	106.189
708.0765	105.4970	122.854
713.2075	105.4415	139.645
718.3757	105.3777	156.525
723.5814	105.3205	173.582
728.8247	105.2707	-169.240
734.1061	105.2172	-151.956
739.4257	105.1584	-134.482
744.7839	105.1000	-116.954
750.1809	105.0457	-99.227
755.6170	104.9874	-81.401
761.0926	104.9281	-63.413
766.6077	104.8703	-45.319
772.1629	104.8090	-26.963
777.7583	104.7563	-8.608
783.3943	104.6970	9.949
789.0711	104.6440	28.670
794.7890	104.5883	47.476
800.5484	104.5299	66.500
806.3495	104.4776	85.670
812.1926	104.4140	104.889
818.0781	104.3664	124.321
824.0062	104.3135	143.919
829.9773	104.2598	163.676
835.9917	104.2136	-176.425
842.0496	104.1601	-156.385
848.1515	104.0990	-136.204
854.2975	104.0633	-115.783
860.4881	104.0159	-95.304
866.7236	103.9712	-74.619
873.0042	103.9260	-53.782
879.3303	103.8842	-32.831
885.7023	103.8455	-11.645
892.1205	103.8054	9.688
898.5852	103.7665	31.153
905.0967	103.7341	52.811
911.6554	103.6987	74.589
918.2616	103.6639	96.524
924.9157	103.6421	118.737
931.6180	103.6128	140.983
938.3689	103.5866	163.482
945.1687	103.5695	-174.001
952.0178	103.5522	-151.130
958.9165	103.5361	-128.195
965.8652	103.5252	-105.051
972.8643	103.5131	-81.777
979.9141	103.4962	-58.342
987.0149	103.4922	-34.700
994.1672	103.4934	-10.874
1001.3714	103.4899	13.064
1008.6277	103.4892	37.224
1015.9367	103.4966	61.531
1023.2986	103.5003	85.982
1030.7138	103.5123	110.650
1038.1828	103.5215	135.436
1045.7059	103.5411	160.442
1053.2835	103.5512	-174.416
1060.9160	103.5735	-149.023
1068.6039	103.6127	-123.620
1076.3474	103.6181	-97.851
1084.1471	103.6420	-72.004
1092.0032	103.6787	-45.991
1099.9164	103.7165	-19.784
1107.8868	103.7472	6.688
1115.9150	103.7835	33.195
1124.0014	103.8220	59.928
1132.1464	103.8657	86.866
1140.3504	103.9064	113.974
1148.6138	103.9411	141.254
1156.9371	103.9860	168.679
1165.3208	104.0386	-163.614
1173.7652	104.0819	-135.772
1182.2708	104.1353	-107.790
1190.8380	104.1773	-79.567
1199.4673	104.2345	-51.131
1208.1591	104.2851	-22.588
1216.9139	104.3345	6.246
1225.7322	104.3934	35.204
1234.6144	104.4410	64.383
1243.5609	104.4971	93.718
1252.5722	104.5614	123.325
1261.6489	104.6129	153.064
1270.7913	104.6676	-176.976
1280.0000	104.7225	-146.790
1289.2754	104.7834	-116.376
1298.6180	104.8418	-85.812
1308.0284	104.8956	-55.098
1317.5069	104.9505	-24.065
1327.0541	105.0140	7.168
1336.6704	105.0629	38.581
1346.3565	105.1336	70.286
1356.1128	105.1855	102.083
1365.9397	105.2421	134.191
1375.8379	105.2928	166.445
1385.8078	105.3546	-161.002
1395.8499	105.4138	-128.223
1405.9648	105.4678	-95.281
1416.1530	105.5296	-62.065
1426.4150	105.5852	-28.619
1436.7514	105.6412	5.063
1447.1627	105.6927	38.931
1457.6495	105.7450	73.102
1468.2122	105.8053	107.468
1478.8515	105.8505	142.062
1489.5678	105.9038	176.930
1500.3618	105.9596	-147.949
1511.2341	106.0058	-112.599
1522.1851	106.0609	-76.996
1533.2155	106.1107	-41.107
1544.3258	106.1610	-5.037
1555.5166	106.2088	31.376
1566.7885	106.2603	67.986
1578.1421	106.3078	104.878
1589.5780	106.3556	142.003
1601.0967	106.4036	179.429
1612.6989	106.4522	-142.926
1624.3852	106.4975	-104.974
1636.1562	106.5420	-66.759
1648.0125	106.5921	-28.246
1659.9546	106.6380	10.506
1671.9833	106.6751	49.554
1684.0992	106.7134	88.881
1696.3029	106.7652	128.435
1708.5950	106.7995	168.375
1720.9762	106.8416	-151.495
1733.4471	106.8838	-111.063
1746.0084	106.9222	-70.320
1758.6607	106.9570	-29.256
1771.4046	106.9972	12.083
1784.2410	107.0344	53.693
1797.1703	107.0735	95.634
1810.1934	107.1118	137.838
1823.3108	107.1489	-179.593
1836.5232	107.1830	-136.742
1849.8314	107.2190	-93.586
1863.2361	107.2530	-50.160
1876.7379	107.2855	-6.398
1890.3375	107.3196	37.716
1904.0356	107.3549	82.117
1917.8331	107.3876	126.848
1931.7305	107.4121	171.898
1945.7286	107.4444	-142.724
1959.8281	107.4784	-97.010
1974.0299	107.5040	-50.984
1988.3345	107.5361	-4.631
2002.7428	107.5645	42.155
2017.2555	107.5915	89.144
2031.8733	107.6185	136.474
2046.5971	107.6482	-175.762
2061.4276	107.6748	-127.676
2076.3656	107.7065	-79.293
2091.4118	107.7289	-30.500
2106.5670	107.7602	18.611
2121.8321	107.7765	68.085
2137.2077	107.8077	117.920
2152.6948	107.8285	168.090
2168.2941	107.8520	-141.336
2184.0065	107.8754	-90.413
2199.8327	107.9027	-39.103
2215.7736	107.9257	12.550
2231.8300	107.9468	64.605
2248.0028	107.9724	117.011
2264.2927	107.9935	169.800
2280.7007	108.0113	-137.014
2297.2276	108.0277	-83.461
2313.8743	108.0565	-29.527
2330.6416	108.0791	24.855
2347.5304	108.0973	79.583
2364.5415	108.1164	134.707
2381.6760	108.1354	-169.727
2398.9346	108.1598	-113.799
2416.3182	108.1766	-57.464
2433.8279	108.1909	-0.673
2451.4644	108.2109	56.469
2469.2287	108.2322	114.066
2487.1218	108.2473	172.051
2505.1445	108.2607	-129.525
2523.2978	108.2806	-70.692
2541.5826	108.2981	-11.415
2560.0000	108.3168	48.321
2578.5508	108.3343	108.429
2597.2361	108.3486	168.992
2616.0567	108.3688	-130.001
2635.0137	108.3791	-68.538
2654.1081	108.3968	-6.629
2673.3409	108.4157	55.724
2692.7130	108.4280	118.489
2712.2255	108.4450	-178.236
2731.8794	108.4584	-114.490
2751.6758	108.4766	-50.313
2771.6155	108.4877	14.333
2791.6998	108.5039	79.464
2811.9296	108.5166	145.046
2832.3060	108.5319	-148.885
2852.8301	108.5473	-82.348
2873.5028	108.5611	-15.327
2894.3254	108.5742	52.216
2915.2989	108.5856	120.215
2936.4244	108.5992	-171.277
2957.7029	108.6151	-102.288
2979.1356	108.6238	-32.780
3000.7237	108.6382	37.215
3022.4682	108.6545	107.741
3044.3702	108.6652	178.782
3066.4310	108.6777	-109.700
3088.6516	108.6910	-37.620
3111.0332	108.7020	34.973
3133.5771	108.7120	108.091
3156.2843	108.7236	-178.271
3179.1560	108.7372	-104.114
3202.1935	108.7471	-29.399
3225.3979	108.7607	45.905
3248.7705	108.7708	121.715
3272.3124	108.7835	-161.945
3296.0249	108.7919	-85.019
3319.9093	108.8033	-7.547
3343.9667	108.8172	70.492
3368.1985	108.8251	149.104
3392.6058	108.8332	-131.725
3417.1900	108.8441	-51.970
3441.9524	108.8553	28.342
3466.8942	108.8677	109.281
3492.0167	108.8750	-169.228
3517.3213	108.8875	-87.129
3542.8093	108.8971	-4.438
3568.4820	108.9058	78.838
3594.3406	108.9142	162.775
3620.3867	108.9227	-112.751
3646.6215	108.9326	-27.613
3673.0465	108.9415	58.104
3699.6629	108.9462	144.464
3726.4721	108.9563	-128.538
3753.4757	108.9649	-40.924
3780.6749	108.9739	47.339
3808.0713	108.9823	136.232
3835.6661	108.9866	-134.235
3863.4609	108.9977	-44.041
3891.4572	109.0036	46.800
3919.6563	109.0101	138.303
3948.0597	109.0206	-129.524
3976.6690	109.0235	-36.698
4005.4856	109.0299	56.824
4034.5110	109.0372	151.017
4063.7467	109.0429	-114.110
4093.1943	109.0486	-18.566
4122.8552	109.0536	77.713
4152.7312	109.0598	174.646
4182.8236	109.0643	-87.718
4213.1340	109.0733	10.656
4243.6641	109.0740	109.726
4274.4155	109.0806	-150.480
4305.3896	109.0852	-49.954
4336.5883	109.0884	51.288
4368.0130	109.0942	153.276
4399.6654	109.1015	-104.011
4431.5472	109.1034	-0.548
4463.6600	109.1069	103.682
4496.0055	109.1125	-151.364
4528.5854	109.1145	-45.638
4561.4014	109.1220	60.863
4594.4552	109.1255	168.104
4627.7485	109.1286	-83.829
4661.2831	109.1335	24.990
4695.0607	109.1359	134.621
4729.0830	109.1418	-114.971
4763.3519	109.1463	-3.750
4797.8691	109.1490	108.233
4832.6365	109.1540	-138.907
4867.6558	109.1587	-25.272
4902.9288	109.1609	89.196
4938.4574	109.1662	-155.505
4974.2435	109.1694	-39.375
5010.2890	109.1771	77.605
5046.5956	109.1810	-164.545
5083.1653	109.1838	-45.879
5120.0000	109.1862	73.651
5157.1016	109.1942	-165.919
5194.4721	109.1991	-44.645
5232.1134	109.2048	77.527
5270.0275	109.2090	-159.436
5308.2162	109.2147	-35.483
5346.6818	109.2208	89.355
5385.4260	109.2251	-144.900
5424.4510	109.2318	-18.233
5463.7589	109.2385	109.349
5503.3515	109.2436	-122.146
5543.2311	109.2474	7.290
5583.3996	109.2560	137.670
5623.8592	109.2604	-90.987
5664.6120	109.2668	41.287
5705.6601	109.2719	174.546
5747.0057	109.2768	-51.263
5788.6509	109.2833	83.916
5830.5978	109.2882	-139.904
5872.8487	109.2958	-2.775
5915.4058	109.2976	135.394
5958.2713	109.3030	-85.455
6001.4474	109.3099	54.716
6044.9363	109.3141	-164.104
6088.7404	109.3178	-21.905
6132.8620	109.3258	121.349
6177.3032	109.3244	-94.377
6222.0665	109.3325	50.957
6267.1541	109.3319	-162.672
6312.5685	109.3363	-15.233
6358.3120	109.3393	133.278
6404.3869	109.3428	-77.130
6450.7958	109.3432	73.544
6497.5409	109.3452	-134.704
6544.6248	109.3473	18.167
6592.0498	109.3473	172.154
6639.8185	109.3505	-32.785
6687.9334	109.3494	123.446
6736.3969	109.3489	-79.228
6785.2116	109.3472	79.273
6834.3801	109.3490	-121.107
6883.9048	109.3476	39.697
6933.7884	109.3491	-158.363
6984.0335	109.3474	4.750
7034.6427	109.3462	169.049
7085.6186	109.3422	-25.446
7136.9639	109.3411	141.233
7188.6813	109.3404	-50.852
7240.7734	109.3407	118.257
7293.2431	109.3378	-71.418
7346.0929	109.3390	100.146
7399.3257	109.3363	-87.037
7452.9443	109.3376	87.036
7506.9514	109.3355	-97.652
7561.3499	109.3342	78.956
7616.1425	109.3370	-103.165
7671.3322	109.3350	75.994
7726.9219	109.3342	-103.531
7782.9143	109.3357	78.239
7839.3125	109.3388	-98.680
7896.1194	109.3390	85.751
7953.3380	109.3428	-88.477
8010.9711	109.3419	98.598
8069.0219	109.3424	-72.914
8127.4934	109.3457	116.923
8186.3886	109.3453	-51.859
8245.7105	109.3489	140.732
8305.4623	109.3523	-25.255
8365.6471	109.3549	170.152
8426.2680	109.3540	6.978
8487.3283	109.3541	-154.779
8548.8309	109.3589	44.930
8610.7793	109.3589	-113.920
8673.1765	109.3605	88.676
8736.0260	109.3611	-67.240
8799.3308	109.3611	138.306
8863.0944	109.3602	-14.642
8927.3200	109.3604	-166.093
8992.0111	109.3598	43.947
9057.1709	109.3602	-104.472
9122.8029	109.3599	108.636
9188.9105	109.3577	-36.702
9255.4971	109.3557	179.505
9322.5662	109.3535	37.290
9390.1214	109.3499	-103.376
9458.1661	109.3471	117.569
9526.7039	109.3477	-19.903
9595.7383	109.3440	-155.764
9665.2730	109.3442	69.999
9735.3115	109.3433	-62.606
9805.8576	109.3397	166.432
9876.9149	109.3373	37.141
9948.4871	109.3392	-90.493
10020.5779	109.3408	143.562
10093.1912	109.3426	19.299
10166.3306	109.3440	-103.239
10240.0000	109.3441	135.956
10314.2033	109.3491	16.850
10388.9442	109.3497	-100.488
10464.2268	109.3576	143.924
10540.0549	109.3594	30.123
10616.4325	109.3625	-81.903
10693.3635	109.3705	167.866
10770.8521	109.3774	59.486
10848.9021	109.3830	-47.115
10927.5177	109.3856	-151.845
11006.7030	109.3923	105.259
11086.4621	109.3952	4.248
11166.7992	109.4028	-94.889
11247.7184	109.4044	167.860
11329.2240	109.4090	72.500
11411.3202	109.4115	-20.927
11494.0114	109.4128	-112.405
11577.3017	109.4149	158.032
11661.1956	109.4156	70.427
11745.6975	109.4177	-15.207
11830.8116	109.4158	-98.849
11916.5426	109.4149	179.490
12002.8947	109.4142	99.875
12089.8727	109.4158	22.271
12177.4809	109.4146	-53.300
12265.7239	109.4171	-126.813
12354.6064	109.4148	161.750
12444.1330	109.4144	92.416
12534.3083	109.4150	25.142
12625.1370	109.4177	-39.955
12716.6240	109.4181	-102.967
12808.7739	109.4193	-163.804
12901.5916	109.4222	137.529
12995.0818	109.4270	81.049
13089.2495	109.4273	26.768
13184.0996	109.4296	-25.301
13279.6370	109.4320	-75.132
13375.8668	109.4353	-122.699
13472.7938	109.4361	-168.019
13570.4232	109.4339	148.967
13668.7601	109.4351	108.214
13767.8096	109.4354	69.822
13867.5768	109.4340	33.721
13968.0670	109.4307	-0.012
14069.2853	109.4257	-31.392
14171.2372	109.4218	-60.392
14273.9278	109.4141	-86.998
14377.3626	109.4099	-111.206
14481.5469	109.4059	-132.990
14586.4861	109.3967	-152.324
14692.1858	109.3906	-169.211
14798.6515	109.3846	176.399
14905.8886	109.3801	164.512
15013.9028	109.3781	155.124
15122.6997	109.3747	148.290
15232.2851	109.3757	144.007
15342.6645	109.3731	142.278
15453.8437	109.3717	143.195
15565.8287	109.3738	146.685
15678.6251	109.3785	152.828
15792.2389	109.3760	161.608
15906.6759	109.3797	173.097
16021.9423	109.3804	-172.727
16138.0439	109.3824	-155.861
16254.9868	109.3816	-136.235
16372.7771	109.3835	-113.886
16491.4210	109.3821	-88.752
16610.9246	109.3808	-60.859
16731.2942	109.3768	-30.144
16852.5361	109.3773	3.364
16974.6565	109.3738	39.751
17097.6619	109.3721	78.965
17221.5586	109.3707	121.089
17346.3531	109.3702	166.094
17472.0519	109.3732	-145.951
17598.6616	109.3722	-95.050
17726.1888	109.3773	-41.191
17854.6400	109.3826	15.659
17984.0221	109.3854	75.547
18114.3418	109.3954	138.478
18245.6057	109.4015	-155.516
18377.8209	109.4058	-86.432
18510.9942	109.4114	-14.247
18645.1325	109.4115	61.089
18780.2428	109.4143	139.558
18916.3322	109.4179	-138.770
19053.4077	109.4133	-53.917
19191.4766	109.4102	34.126
19330.5459	109.4020	125.409
19470.6230	109.3970	-140.058
19611.7152	109.3917	-42.219
19753.8298	109.3828	58.901
19896.9742	109.3776	163.356
