* Helix DSP Ultra S, output layer - PEQ, 1000 Hz, +6.0 dB, Q 1.
* ELECTRICAL loop, no microphone: Scarlett 2i2 out L -> Helix line in,
* Helix line out -> Scarlett in 1; out R -> in 2 direct as the timing
* reference, timing offset 0. Everything else in the channel off; no gain,
* level or routing changed within a set, so the ratio to the set's reference
* is the filter alone.
* REW V5.40 beta 134 measurement #73 'm1_peq_1k_+6db_q1 NO APF1@8k', 2026-Sep-02 11:02:46, 512k sweep, 1 average, 96 kHz,
* 20 Hz - 20 kHz, loopback timing reference. SNR 49.4 dB, delay -9.0172 ms.
* Levels are REW's electrical dB (splOffset 120.00); only ratios within a set carry meaning.
* frequency_Hz<TAB>dB<TAB>phase_deg - REW's UNSMOOTHED raw spectrum (linear bins) resampled to 1/96 octave by complex averaging within each cell,
* with the measurement's own delay removed before averaging and restored after, so the cell average carries no rotation loss.
20.0000	107.5604	130.833
20.1449	107.5604	131.303
20.2909	107.5840	131.374
20.4379	107.6187	131.275
20.5860	107.6291	131.555
20.7352	107.6491	131.660
20.8855	107.6679	131.799
21.0368	107.6887	131.881
21.1893	107.7150	131.872
21.3428	107.7279	132.109
21.4975	107.7476	132.221
21.6532	107.7616	132.455
21.8102	107.7864	132.441
21.9682	107.8065	132.543
22.1274	107.8240	132.666
22.2877	107.8482	132.655
22.4492	107.8598	132.909
22.6119	107.8772	133.042
22.7758	107.8873	133.350
22.9408	107.9119	133.343
23.1071	107.9257	133.585
23.2745	107.9477	133.685
23.4432	107.9655	133.881
23.6130	107.9851	134.061
23.7841	108.0067	134.219
23.9565	108.0236	134.461
24.1301	108.0474	134.586
24.3049	108.0613	134.875
24.4811	108.0852	134.975
24.6585	108.0961	135.304
24.8372	108.1183	135.397
25.0171	108.1274	135.758
25.1984	108.1476	135.862
25.3810	108.1560	136.246
25.5649	108.1752	136.376
25.7502	108.1840	136.771
25.9368	108.2033	136.934
26.1247	108.2132	137.328
26.3141	108.2328	137.525
26.5047	108.2441	137.906
26.6968	108.2630	138.139
26.8903	108.2754	138.499
27.0851	108.2922	138.777
27.2814	108.3054	139.109
27.4791	108.3189	139.445
27.6782	108.3329	139.748
27.8788	108.3431	140.153
28.0808	108.3584	140.425
28.2843	108.3657	140.906
28.4892	108.3880	141.031
28.6957	108.3961	141.512
28.9036	108.4107	141.850
29.1131	108.4220	142.268
29.3240	108.4334	142.691
29.5365	108.4476	143.037
29.7506	108.4551	143.552
29.9661	108.4747	143.732
30.1833	108.4821	144.223
30.4020	108.4923	144.640
30.6223	108.5026	145.053
30.8442	108.5090	145.589
31.0677	108.5260	145.847
31.2929	108.5341	146.373
31.5196	108.5442	146.861
31.7480	108.5633	147.155
31.9781	108.5693	147.758
32.2098	108.5821	148.208
32.4432	108.5924	148.703
32.6783	108.5995	149.286
32.9151	108.6149	149.622
33.1536	108.6223	150.173
33.3939	108.6288	150.758
33.6359	108.6424	151.143
33.8796	108.6496	151.733
34.1251	108.6564	152.342
34.3724	108.6711	152.762
34.6215	108.6790	153.364
34.8723	108.6858	154.004
35.1250	108.6998	154.447
35.3796	108.7077	155.047
35.6359	108.7128	155.735
35.8942	108.7248	156.215
36.1543	108.7365	156.714
36.4163	108.7418	157.416
36.6802	108.7485	158.085
36.9460	108.7609	158.618
37.2137	108.7685	159.283
37.4834	108.7732	160.033
37.7550	108.7849	160.583
38.0286	108.7950	161.141
38.3041	108.8001	161.843
38.5817	108.8036	162.614
38.8613	108.8110	163.212
39.1429	108.8185	163.833
39.4265	108.8272	164.474
39.7122	108.8318	165.279
40.0000	108.8376	166.060
40.2899	108.8491	166.724
40.5818	108.8607	167.388
40.8759	108.8711	168.058
41.1721	108.8749	168.899
41.4704	108.8801	169.707
41.7710	108.8880	170.413
42.0736	108.8957	171.137
42.3785	108.9037	171.877
42.6856	108.9083	172.737
42.9949	108.9119	173.634
43.3065	108.9199	174.404
43.6203	108.9272	175.187
43.9364	108.9342	175.983
44.2548	108.9414	176.792
44.5755	108.9489	177.608
44.8985	108.9562	178.427
45.2238	108.9594	179.368
45.5515	108.9626	-179.687
45.8816	108.9675	-178.848
46.2141	108.9712	-177.993
46.5490	108.9748	-177.116
46.8863	108.9795	-176.219
47.2261	108.9861	-175.306
47.5683	108.9944	-174.387
47.9130	109.0033	-173.465
48.2602	109.0117	-172.541
48.6099	109.0188	-171.610
48.9621	109.0242	-170.666
49.3169	109.0284	-169.706
49.6743	109.0323	-168.726
50.0343	109.0365	-167.731
50.3968	109.0414	-166.724
50.7620	109.0469	-165.710
51.1299	109.0524	-164.689
51.5004	109.0576	-163.662
51.8736	109.0623	-162.623
52.2495	109.0668	-161.571
52.6281	109.0715	-160.506
53.0095	109.0765	-159.430
53.3936	109.0815	-158.345
53.7805	109.0860	-157.251
54.1702	109.0897	-156.144
54.5628	109.0928	-155.020
54.9581	109.0961	-153.879
55.3564	109.1000	-152.724
55.7575	109.1047	-151.558
56.1616	109.1095	-150.385
56.5685	109.1162	-149.275
56.9785	109.1222	-148.151
57.3914	109.1263	-146.945
57.8072	109.1309	-145.728
58.2261	109.1356	-144.504
58.6481	109.1398	-143.271
59.0730	109.1433	-142.026
59.5011	109.1477	-140.828
59.9323	109.1523	-139.611
60.3666	109.1557	-138.324
60.8040	109.1587	-137.030
61.2446	109.1609	-135.726
61.6884	109.1628	-134.464
62.1355	109.1654	-133.173
62.5857	109.1692	-131.812
63.0392	109.1743	-130.443
63.4960	109.1823	-129.131
63.9562	109.1877	-127.815
64.4196	109.1890	-126.424
64.8864	109.1895	-125.010
65.3566	109.1914	-123.621
65.8302	109.1955	-122.224
66.3073	109.1989	-120.778
66.7877	109.2027	-119.380
67.2717	109.2054	-117.960
67.7592	109.2077	-116.466
68.2502	109.2132	-114.995
68.7448	109.2202	-113.515
69.2429	109.2245	-111.988
69.7447	109.2286	-110.501
70.2501	109.2303	-108.999
70.7591	109.2305	-107.434
71.2719	109.2314	-105.892
71.7884	109.2338	-104.332
72.3086	109.2386	-102.761
72.8325	109.2440	-101.184
73.3603	109.2476	-99.599
73.8919	109.2491	-97.994
74.4274	109.2494	-96.328
74.9667	109.2509	-94.677
75.5099	109.2544	-93.016
76.0571	109.2590	-91.358
76.6083	109.2632	-89.693
77.1634	109.2664	-88.006
77.7226	109.2714	-86.324
78.2858	109.2759	-84.589
78.8531	109.2793	-82.844
79.4245	109.2811	-81.085
80.0000	109.2822	-79.308
80.5797	109.2844	-77.516
81.1636	109.2880	-75.720
81.7518	109.2922	-73.951
82.3442	109.2943	-72.123
82.9409	109.2965	-70.263
83.5419	109.2999	-68.380
84.1473	109.3042	-66.485
84.7570	109.3092	-64.617
85.3712	109.3108	-62.718
85.9899	109.3105	-60.800
86.6130	109.3107	-58.881
87.2406	109.3147	-56.939
87.8728	109.3188	-54.963
88.5096	109.3221	-52.972
89.1509	109.3253	-50.985
89.7970	109.3273	-48.983
90.4477	109.3275	-46.941
91.1031	109.3280	-44.878
91.7633	109.3313	-42.825
92.4282	109.3349	-40.771
93.0980	109.3366	-38.685
93.7726	109.3392	-36.542
94.4521	109.3442	-34.390
95.1366	109.3488	-32.262
95.8260	109.3486	-30.112
96.5204	109.3498	-27.924
97.2198	109.3537	-25.738
97.9243	109.3542	-23.545
98.6339	109.3540	-21.303
99.3486	109.3593	-19.034
100.0685	109.3661	-16.778
100.7937	109.3684	-14.509
101.5241	109.3696	-12.198
102.2598	109.3726	-9.868
103.0008	109.3743	-7.533
103.7472	109.3757	-5.172
104.4990	109.3802	-2.802
105.2562	109.3831	-0.436
106.0189	109.3814	1.972
106.7872	109.3822	4.445
107.5610	109.3886	6.929
108.3404	109.3937	9.398
109.1255	109.3957	11.867
109.9163	109.3981	14.350
110.7128	109.3978	16.861
111.5151	109.3963	19.420
112.3231	109.4000	22.017
113.1371	109.4086	24.588
113.9569	109.4118	27.161
114.7827	109.4123	29.796
115.6145	109.4150	32.458
116.4523	109.4192	35.120
117.2961	109.4219	37.797
118.1461	109.4222	40.516
119.0022	109.4244	43.261
119.8646	109.4289	46.005
120.7332	109.4298	48.772
121.6080	109.4322	51.574
122.4893	109.4381	54.387
123.3769	109.4390	57.214
124.2709	109.4399	60.089
125.1714	109.4441	62.967
126.0785	109.4473	65.855
126.9921	109.4519	68.769
127.9123	109.4542	71.702
128.8392	109.4556	74.697
129.7728	109.4609	77.699
130.7132	109.4607	80.697
131.6604	109.4618	83.743
132.6145	109.4670	86.780
133.5755	109.4668	89.859
134.5434	109.4727	93.005
135.5184	109.4765	96.124
136.5004	109.4760	99.264
137.4895	109.4784	102.430
138.4858	109.4818	105.633
139.4894	109.4878	108.875
140.5002	109.4921	112.141
141.5183	109.4944	115.402
142.5438	109.4931	118.673
143.5767	109.4945	121.992
144.6171	109.5008	125.368
145.6651	109.5091	128.753
146.7206	109.5105	132.137
147.7838	109.5116	135.557
148.8547	109.5119	139.002
149.9334	109.5125	142.500
151.0199	109.5168	146.016
152.1142	109.5206	149.551
153.2165	109.5241	153.097
154.3268	109.5238	156.682
155.4451	109.5300	160.286
156.5715	109.5337	163.908
157.7061	109.5387	167.592
158.8489	109.5414	171.280
160.0000	109.5393	174.998
161.1594	109.5413	178.761
162.3273	109.5485	-177.472
163.5035	109.5549	-173.690
164.6884	109.5579	-169.870
165.8818	109.5601	-165.993
167.0838	109.5631	-162.108
168.2946	109.5622	-158.181
169.5141	109.5692	-154.221
170.7425	109.5747	-150.264
171.9797	109.5786	-146.256
173.2260	109.5847	-142.202
174.4812	109.5898	-138.134
175.7456	109.5911	-134.035
177.0191	109.5893	-129.899
178.3019	109.5923	-125.736
179.5939	109.5965	-121.573
180.8953	109.6003	-117.327
182.2062	109.6085	-113.083
183.5265	109.6066	-108.825
184.8564	109.6130	-104.507
186.1960	109.6200	-100.142
187.5452	109.6265	-95.759
188.9043	109.6271	-91.353
190.2731	109.6276	-86.907
191.6519	109.6358	-82.418
193.0407	109.6417	-77.900
194.4396	109.6489	-73.352
195.8486	109.6530	-68.789
197.2678	109.6555	-64.199
198.6972	109.6562	-59.566
200.1371	109.6600	-54.848
201.5874	109.6663	-50.151
203.0482	109.6710	-45.380
204.5195	109.6764	-40.604
206.0016	109.6811	-35.787
207.4943	109.6884	-30.926
208.9979	109.6936	-26.043
210.5124	109.6933	-21.119
212.0379	109.7014	-16.151
213.5744	109.7080	-11.146
215.1220	109.7161	-6.104
216.6809	109.7175	-1.038
218.2510	109.7188	4.089
219.8326	109.7267	9.245
221.4256	109.7331	14.383
223.0301	109.7422	19.660
224.6463	109.7431	24.881
226.2742	109.7377	30.181
227.9138	109.7564	35.548
229.5654	109.7642	40.941
231.2289	109.7663	46.350
232.9045	109.7708	51.829
234.5922	109.7761	57.326
236.2922	109.7837	62.862
238.0045	109.7927	68.456
239.7291	109.7966	74.047
241.4663	109.8017	79.723
243.2161	109.8072	85.447
244.9785	109.8199	91.190
246.7537	109.8275	97.002
248.5418	109.8340	102.828
250.3428	109.8368	108.707
252.1569	109.8459	114.603
253.9842	109.8598	120.564
255.8246	109.8622	126.562
257.6785	109.8645	132.616
259.5457	109.8734	138.724
261.4265	109.8761	144.826
263.3209	109.8879	151.054
265.2290	109.8818	157.270
267.1510	109.9273	163.853
269.0869	109.9281	170.024
271.0368	109.9087	176.321
273.0008	109.9256	-177.340
274.9791	109.9314	-170.855
276.9717	109.9427	-164.381
278.9788	109.9581	-157.806
281.0003	109.9565	-151.201
283.0366	109.9687	-144.540
285.0876	109.9728	-137.878
287.1535	109.9862	-131.151
289.2343	109.9937	-124.356
291.3302	110.0085	-117.502
293.4413	110.0134	-110.586
295.5677	110.0228	-103.641
297.7095	110.0379	-96.672
299.8668	110.0439	-89.579
302.0398	110.0545	-82.490
304.2285	110.0617	-75.319
306.4330	110.0759	-68.103
308.6536	110.0836	-60.876
310.8902	110.0850	-53.579
313.1431	110.1075	-46.184
315.4122	110.1168	-38.756
317.6978	110.1264	-31.319
320.0000	110.1391	-23.774
322.3189	110.1509	-16.191
324.6545	110.1611	-8.582
327.0071	110.1739	-0.887
329.3767	110.1836	6.882
331.7635	110.1981	14.690
334.1676	110.2121	22.539
336.5891	110.2242	30.436
339.0282	110.2372	38.465
341.4849	110.2475	46.479
343.9595	110.2601	54.548
346.4519	110.2757	62.690
348.9625	110.2900	70.928
351.4912	110.2997	79.194
354.0383	110.3147	87.527
356.6038	110.3317	95.908
359.1879	110.3439	104.379
361.7907	110.3592	112.873
364.4124	110.3734	121.460
367.0530	110.3952	130.097
369.7129	110.4065	138.780
372.3920	110.4201	147.515
375.0905	110.4339	156.356
377.8085	110.4542	165.244
380.5463	110.4698	174.201
383.3039	110.4868	-176.797
386.0814	110.5060	-167.700
388.8792	110.5209	-158.525
391.6971	110.5379	-149.337
394.5355	110.5570	-140.072
397.3945	110.5735	-130.691
400.2742	110.5915	-121.299
403.1747	110.6096	-111.800
406.0963	110.6294	-102.247
409.0390	110.6432	-92.627
412.0031	110.6671	-82.924
414.9887	110.6879	-73.178
417.9958	110.7115	-63.358
421.0248	110.7288	-53.457
424.0757	110.7479	-43.481
427.1488	110.7718	-33.414
430.2440	110.7886	-23.314
433.3618	110.8145	-13.111
436.5021	110.8384	-2.851
439.6652	110.8559	7.481
442.8512	110.8790	17.884
446.0602	110.9058	28.383
449.2926	110.9275	38.939
452.5483	110.9546	49.569
455.8277	110.9766	60.302
459.1308	110.9992	71.093
462.4579	111.0274	81.944
465.8090	111.0522	92.890
469.1845	111.0788	103.907
472.5844	111.1040	115.013
476.0089	111.1307	126.201
479.4583	111.1605	137.459
482.9326	111.1888	148.811
486.4321	111.2164	160.239
489.9570	111.2455	171.738
493.5075	111.2771	-176.660
497.0836	111.3057	-164.987
500.6857	111.3352	-153.241
504.3139	111.3672	-141.396
507.9683	111.3969	-129.487
511.6493	111.4298	-117.485
515.3569	111.4608	-105.382
519.0914	111.4964	-93.213
522.8529	111.5296	-80.976
526.6418	111.5628	-68.603
530.4580	111.5923	-56.162
534.3019	111.6274	-43.625
538.1737	111.6616	-30.986
542.0735	111.6962	-18.331
546.0016	111.7351	-5.523
549.9582	111.7742	7.368
553.9434	111.8125	20.348
557.9575	111.8497	33.411
562.0007	111.8887	46.573
566.0732	111.9294	59.798
570.1752	111.9687	73.176
574.3069	112.0084	86.596
578.4686	112.0465	100.128
582.6604	112.0901	113.749
586.8826	112.1345	127.484
591.1354	112.1777	141.302
595.4190	112.2189	155.229
599.7336	112.2611	169.242
604.0796	112.3073	-176.657
608.4570	112.3517	-162.447
612.8661	112.3965	-148.137
617.3072	112.4424	-133.728
621.7804	112.4905	-119.221
626.2861	112.5394	-104.627
630.8244	112.5859	-89.911
635.3957	112.6366	-75.090
640.0000	112.6856	-60.197
644.6377	112.7343	-45.149
649.3090	112.7876	-30.060
654.0142	112.8383	-14.840
658.7534	112.8903	0.506
663.5270	112.9408	15.919
668.3352	112.9952	31.457
673.1783	113.0444	47.112
678.0564	113.1007	62.851
682.9699	113.1556	78.727
687.9189	113.2100	94.692
692.9039	113.2623	110.766
697.9249	113.3199	126.941
702.9824	113.3754	143.233
708.0765	113.4336	159.641
713.2075	113.4882	176.160
718.3757	113.5456	-167.216
723.5814	113.6056	-150.466
728.8247	113.6652	-133.619
734.1061	113.7201	-116.636
739.4257	113.7787	-99.575
744.7839	113.8359	-82.364
750.1809	113.8942	-65.036
755.6170	113.9513	-47.624
761.0926	114.0086	-30.066
766.6077	114.0654	-12.403
772.1629	114.1274	5.375
777.7583	114.1857	23.279
783.3943	114.2408	41.288
789.0711	114.2984	59.420
794.7890	114.3558	77.688
800.5484	114.4148	96.093
806.3495	114.4645	114.603
812.1926	114.5232	133.228
818.0781	114.5768	151.984
824.0062	114.6322	170.855
829.9773	114.6828	-170.131
835.9917	114.7348	-150.997
842.0496	114.7865	-131.726
848.1515	114.8359	-112.310
854.2975	114.8850	-92.805
860.4881	114.9322	-73.144
866.7236	114.9794	-53.328
873.0042	115.0239	-33.400
879.3303	115.0635	-13.343
885.7023	115.1057	6.853
892.1205	115.1444	27.218
898.5852	115.1808	47.715
905.0967	115.2183	68.312
911.6554	115.2502	89.098
918.2616	115.2808	110.025
924.9157	115.3119	131.083
931.6180	115.3380	152.289
938.3689	115.3622	173.638
945.1687	115.3819	-164.852
952.0178	115.4046	-143.176
958.9165	115.4217	-121.350
965.8652	115.4367	-99.355
972.8643	115.4465	-77.216
979.9141	115.4571	-54.931
987.0149	115.4621	-32.454
994.1672	115.4654	-9.809
1001.3714	115.4655	12.972
1008.6277	115.4636	35.923
1015.9367	115.4593	59.067
1023.2986	115.4533	82.399
1030.7138	115.4435	105.902
1038.1828	115.4297	129.576
1045.7059	115.4157	153.398
1053.2835	115.3983	177.438
1060.9160	115.3746	-158.330
1068.6039	115.3549	-133.930
1076.3474	115.3304	-109.342
1084.1471	115.3017	-84.574
1092.0032	115.2731	-59.590
1099.9164	115.2419	-34.444
1107.8868	115.2088	-9.099
1115.9150	115.1712	16.484
1124.0014	115.1336	42.254
1132.1464	115.0953	68.206
1140.3504	115.0530	94.355
1148.6138	115.0079	120.712
1156.9371	114.9627	147.292
1165.3208	114.9156	174.084
1173.7652	114.8710	-158.923
1182.2708	114.8205	-131.722
1190.8380	114.7706	-104.325
1199.4673	114.7208	-76.699
1208.1591	114.6661	-48.847
1216.9139	114.6147	-20.801
1225.7322	114.5582	7.486
1234.6144	114.5063	35.986
1243.5609	114.4506	64.708
1252.5722	114.3960	93.652
1261.6489	114.3387	122.814
1270.7913	114.2817	152.217
1280.0000	114.2251	-178.158
1289.2754	114.1664	-148.313
1298.6180	114.1083	-118.219
1308.0284	114.0507	-87.913
1317.5069	113.9927	-57.378
1327.0541	113.9371	-26.586
1336.6704	113.8756	4.410
1346.3565	113.8142	35.676
1356.1128	113.7579	67.162
1365.9397	113.6992	98.889
1375.8379	113.6444	130.859
1385.8078	113.5857	163.053
1395.8499	113.5316	-164.467
1405.9648	113.4719	-131.767
1416.1530	113.4131	-98.824
1426.4150	113.3562	-65.638
1436.7514	113.3029	-32.178
1447.1627	113.2465	1.545
1457.6495	113.1917	35.471
1468.2122	113.1362	69.688
1478.8515	113.0821	104.146
1489.5678	113.0287	138.864
1500.3618	112.9748	173.864
1511.2341	112.9207	-150.888
1522.1851	112.8683	-115.389
1533.2155	112.8171	-79.636
1544.3258	112.7672	-43.598
1555.5166	112.7145	-7.303
1566.7885	112.6662	29.277
1578.1421	112.6159	66.111
1589.5780	112.5686	103.230
1601.0967	112.5186	140.626
1612.6989	112.4702	178.300
1624.3852	112.4256	-143.771
1636.1562	112.3792	-105.548
1648.0125	112.3319	-67.037
1659.9546	112.2892	-28.270
1671.9833	112.2395	10.822
1684.0992	112.1988	50.172
1696.3029	112.1514	89.820
1708.5950	112.1076	129.752
1720.9762	112.0670	169.989
1733.4471	112.0251	-149.491
1746.0084	111.9836	-108.680
1758.6607	111.9417	-67.544
1771.4046	111.9049	-26.133
1784.2410	111.8664	15.596
1797.1703	111.8245	57.638
1810.1934	111.7876	99.954
1823.3108	111.7485	142.612
1836.5232	111.7096	-174.446
1849.8314	111.6745	-131.189
1863.2361	111.6376	-87.587
1876.7379	111.6041	-43.687
1890.3375	111.5673	0.520
1904.0356	111.5305	45.061
1917.8331	111.4978	89.939
1931.7305	111.4645	135.131
1945.7286	111.4298	-179.346
1959.8281	111.4008	-133.504
1974.0299	111.3673	-87.344
1988.3345	111.3352	-40.797
2002.7428	111.3051	6.052
2017.2555	111.2750	53.240
2031.8733	111.2428	100.796
2046.5971	111.2132	148.694
2061.4276	111.1860	-163.097
2076.3656	111.1587	-114.514
2091.4118	111.1275	-65.571
2106.5670	111.1009	-16.286
2121.8321	111.0757	33.348
2137.2077	111.0498	83.366
2152.6948	111.0192	133.743
2168.2941	110.9961	-175.527
2184.0065	110.9681	-124.441
2199.8327	110.9437	-72.972
2215.7736	110.9187	-21.128
2231.8300	110.8944	31.088
2248.0028	110.8715	83.682
2264.2927	110.8488	136.660
2280.7007	110.8225	-169.967
2297.2276	110.8022	-116.212
2313.8743	110.7814	-62.077
2330.6416	110.7563	-7.540
2347.5304	110.7372	47.388
2364.5415	110.7169	102.681
2381.6760	110.6935	158.423
2398.9346	110.6726	-145.466
2416.3182	110.6527	-88.920
2433.8279	110.6340	-31.974
2451.4644	110.6139	25.378
2469.2287	110.5950	83.131
2487.1218	110.5766	141.318
2505.1445	110.5578	-160.066
2523.2978	110.5385	-101.061
2541.5826	110.5253	-41.596
2560.0000	110.5036	18.300
2578.5508	110.4893	78.592
2597.2361	110.4694	139.382
2616.0567	110.4520	-159.423
2635.0137	110.4393	-97.789
2654.1081	110.4246	-35.695
2673.3409	110.4081	26.823
2692.7130	110.3909	89.823
2712.2255	110.3790	153.259
2731.8794	110.3617	-142.835
2751.6758	110.3471	-78.468
2771.6155	110.3337	-13.638
2791.6998	110.3207	51.661
2811.9296	110.3073	117.442
2832.3060	110.2928	-176.304
2852.8301	110.2795	-109.571
2873.5028	110.2660	-42.373
2894.3254	110.2569	25.317
2915.2989	110.2421	93.520
2936.4244	110.2282	162.186
2957.7029	110.2186	-128.628
2979.1356	110.2069	-58.970
3000.7237	110.1921	11.228
3022.4682	110.1822	81.897
3044.3702	110.1722	153.120
3066.4310	110.1628	-135.170
3088.6516	110.1523	-62.939
3111.0332	110.1411	9.816
3133.5771	110.1319	83.110
3156.2843	110.1206	156.925
3179.1560	110.1112	-128.735
3202.1935	110.1018	-53.836
3225.3979	110.0922	21.592
3248.7705	110.0841	97.582
3272.3124	110.0758	174.098
3296.0249	110.0643	-108.819
3319.9093	110.0541	-31.180
3343.9667	110.0470	47.031
3368.1985	110.0375	125.793
3392.6058	110.0313	-154.875
3417.1900	110.0264	-74.966
3441.9524	110.0145	5.530
3466.8942	110.0071	86.597
3492.0167	110.0012	168.269
3517.3213	109.9889	-109.497
3542.8093	109.9823	-26.648
3568.4820	109.9744	56.800
3594.3406	109.9662	140.838
3620.3867	109.9600	-134.487
3646.6215	109.9524	-49.227
3673.0465	109.9428	36.653
3699.6629	109.9360	123.160
3726.4721	109.9319	-149.697
3753.4757	109.9258	-61.940
3780.6749	109.9179	26.472
3808.0713	109.9086	115.505
3835.6661	109.9038	-154.811
3863.4609	109.8946	-64.481
3891.4572	109.8890	26.506
3919.6563	109.8832	118.139
3948.0597	109.8749	-149.546
3976.6690	109.8684	-56.572
4005.4856	109.8631	37.075
4034.5110	109.8546	131.415
4063.7467	109.8484	-133.580
4093.1943	109.8421	-37.882
4122.8552	109.8356	58.484
4152.7312	109.8305	155.563
4182.8236	109.8220	-106.615
4213.1340	109.8136	-8.152
4243.6641	109.8104	91.062
4274.4155	109.8061	-169.003
4305.3896	109.7970	-68.376
4336.5883	109.7939	32.999
4368.0130	109.7891	135.109
4399.6654	109.7819	-122.044
4431.5472	109.7760	-18.463
4463.6600	109.7700	85.883
4496.0055	109.7642	-169.039
4528.5854	109.7583	-63.169
4561.4014	109.7550	43.442
4594.4552	109.7489	150.814
4627.7485	109.7409	-100.999
4661.2831	109.7381	7.950
4695.0607	109.7349	117.671
4729.0830	109.7292	-131.800
4763.3519	109.7223	-20.470
4797.8691	109.7204	91.671
4832.6365	109.7187	-155.388
4867.6558	109.7149	-41.612
4902.9288	109.7108	72.954
4938.4574	109.7075	-171.612
4974.2435	109.7037	-55.367
5010.2890	109.7012	61.722
5046.5956	109.6982	179.669
5083.1653	109.6942	-61.530
5120.0000	109.6906	58.149
5157.1016	109.6880	178.654
5194.4721	109.6872	-59.952
5232.1134	109.6875	62.324
5270.0275	109.6852	-174.518
5308.2162	109.6818	-50.465
5346.6818	109.6824	74.500
5385.4260	109.6822	-159.649
5424.4510	109.6787	-32.870
5463.7589	109.6770	94.812
5503.3515	109.6786	-136.568
5543.2311	109.6770	-7.024
5583.3996	109.6754	123.470
5623.8592	109.6757	-105.101
5664.6120	109.6747	27.292
5705.6601	109.6747	160.632
5747.0057	109.6747	-65.063
5788.6509	109.6776	70.224
5830.5978	109.6731	-153.495
5872.8487	109.6733	-16.246
5915.4058	109.6738	122.011
5958.2713	109.6703	-98.746
6001.4474	109.6697	41.522
6044.9363	109.6704	-177.204
6088.7404	109.6690	-34.881
6132.8620	109.6678	108.446
6177.3032	109.6672	-107.187
6222.0665	109.6632	38.240
6267.1541	109.6622	-175.276
6312.5685	109.6613	-27.750
6358.3120	109.6598	120.862
6404.3869	109.6542	-89.469
6450.7958	109.6516	61.287
6497.5409	109.6483	-146.862
6544.6248	109.6431	6.099
6592.0498	109.6408	160.144
6639.8185	109.6378	-44.666
6687.9334	109.6333	111.613
6736.3969	109.6312	-90.952
6785.2116	109.6238	67.622
6834.3801	109.6206	-132.662
6883.9048	109.6114	28.200
6933.7884	109.6101	-169.759
6984.0335	109.6045	-6.567
7034.6427	109.5998	157.818
7085.6186	109.5943	-36.618
7136.9639	109.5882	130.163
7188.6813	109.5849	-61.856
7240.7734	109.5807	107.330
7293.2431	109.5764	-82.263
7346.0929	109.5742	89.385
7399.3257	109.5676	-97.709
7452.9443	109.5654	76.427
7506.9514	109.5601	-108.169
7561.3499	109.5567	68.527
7616.1425	109.5544	-113.536
7671.3322	109.5536	65.712
7726.9219	109.5520	-113.744
7782.9143	109.5462	68.121
7839.3125	109.5457	-108.702
7896.1194	109.5439	75.767
7953.3380	109.5422	-98.381
8010.9711	109.5426	88.783
8069.0219	109.5403	-82.670
8127.4934	109.5380	107.260
8186.3886	109.5407	-61.455
8245.7105	109.5378	131.229
8305.4623	109.5384	-34.707
8365.6471	109.5342	160.767
8426.2680	109.5342	-2.311
8487.3283	109.5340	-163.998
8548.8309	109.5294	35.787
8610.7793	109.5293	-123.011
8673.1765	109.5295	79.661
8736.0260	109.5273	-76.184
8799.3308	109.5268	129.429
8863.0944	109.5197	-23.457
8927.3200	109.5159	-174.847
8992.0111	109.5126	35.288
9057.1709	109.5082	-113.071
9122.8029	109.5065	100.111
9188.9105	109.5035	-45.199
9255.4971	109.4989	171.090
9322.5662	109.4942	28.932
9390.1214	109.4901	-111.672
9458.1661	109.4847	109.324
9526.7039	109.4797	-28.081
9595.7383	109.4756	-163.871
9665.2730	109.4715	61.942
9735.3115	109.4692	-70.591
9805.8576	109.4667	158.514
9876.9149	109.4635	29.264
9948.4871	109.4640	-98.305
10020.5779	109.4609	135.795
10093.1912	109.4603	11.620
10166.3306	109.4611	-110.873
10240.0000	109.4613	128.359
10314.2033	109.4617	9.339
10388.9442	109.4639	-107.944
10464.2268	109.4665	136.543
10540.0549	109.4707	22.792
10616.4325	109.4729	-89.173
10693.3635	109.4757	160.650
10770.8521	109.4800	52.331
10848.9021	109.4848	-54.196
10927.5177	109.4894	-158.891
11006.7030	109.4925	98.286
11086.4621	109.4946	-2.663
11166.7992	109.4978	-101.774
11247.7184	109.4974	161.018
11329.2240	109.5018	65.745
11411.3202	109.5008	-27.648
11494.0114	109.5027	-119.070
11577.3017	109.5020	151.421
11661.1956	109.5013	63.868
11745.6975	109.4997	-21.717
11830.8116	109.5009	-105.296
11916.5426	109.4977	173.099
12002.8947	109.4966	93.507
12089.8727	109.4934	15.969
12177.4809	109.4913	-59.558
12265.7239	109.4922	-133.025
12354.6064	109.4892	155.581
12444.1330	109.4881	86.280
12534.3083	109.4882	19.094
12625.1370	109.4891	-45.973
12716.6240	109.4900	-108.931
12808.7739	109.4905	-169.714
12901.5916	109.4945	131.653
12995.0818	109.4950	75.221
13089.2495	109.4951	20.994
13184.0996	109.4953	-31.004
13279.6370	109.4993	-80.801
13375.8668	109.5012	-128.312
13472.7938	109.4990	-173.597
13570.4232	109.5024	143.441
13668.7601	109.4994	102.741
13767.8096	109.4977	64.372
13867.5768	109.4931	28.350
13968.0670	109.4912	-5.365
14069.2853	109.4868	-36.696
14171.2372	109.4785	-65.648
14273.9278	109.4708	-92.238
14377.3626	109.4670	-116.382
14481.5469	109.4576	-138.127
14586.4861	109.4520	-157.404
14692.1858	109.4431	-174.253
14798.6515	109.4382	171.389
14905.8886	109.4327	159.544
15013.9028	109.4286	150.198
15122.6997	109.4249	143.411
15232.2851	109.4212	139.156
15342.6645	109.4205	137.505
15453.8437	109.4221	138.422
15565.8287	109.4213	141.965
15678.6251	109.4198	148.174
15792.2389	109.4240	156.994
15906.6759	109.4237	168.524
16021.9423	109.4259	-177.270
16138.0439	109.4239	-160.358
16254.9868	109.4230	-140.700
16372.7771	109.4223	-118.309
16491.4210	109.4197	-93.156
16610.9246	109.4186	-65.199
16731.2942	109.4169	-34.453
16852.5361	109.4134	-0.894
16974.6565	109.4117	35.515
17097.6619	109.4112	74.772
17221.5586	109.4064	116.932
17346.3531	109.4071	161.996
17472.0519	109.4112	-150.043
17598.6616	109.4111	-99.102
17726.1888	109.4148	-45.210
17854.6400	109.4181	11.693
17984.0221	109.4240	71.606
18114.3418	109.4291	134.585
18245.6057	109.4351	-159.373
18377.8209	109.4415	-90.262
18510.9942	109.4441	-18.028
18645.1325	109.4442	57.339
18780.2428	109.4481	135.866
18916.3322	109.4430	-142.463
19053.4077	109.4421	-57.587
19191.4766	109.4374	30.495
19330.5459	109.4288	121.829
19470.6230	109.4212	-143.587
19611.7152	109.4165	-45.741
19753.8298	109.4107	55.417
19896.9742	109.4025	159.918
