* Helix DSP Ultra S, output layer - one step up from zero (nominally 5.625 deg).
* ELECTRICAL loop, no microphone: Scarlett 2i2 out L -> Helix line in,
* Helix line out -> Scarlett in 1; out R -> in 2 direct as the timing
* reference, timing offset 0. Everything else in the channel off; no gain,
* level or routing changed within a set, so the ratio to the set's reference
* is the filter alone.
* REW V5.40 beta 134 measurement #85 'p1_step1_lp5000_byp 5.625', 2026-Sep-02 12:24:13, 512k sweep, 1 average, 96 kHz,
* 20 Hz - 20 kHz, loopback timing reference. SNR 46.8 dB, delay -8.9936 ms.
* Levels are REW's electrical dB (splOffset 120.00); only ratios within a set carry meaning.
* frequency_Hz<TAB>dB<TAB>phase_deg - REW's UNSMOOTHED raw spectrum (linear bins) resampled to 1/96 octave by complex averaging within each cell,
* with the measurement's own delay removed before averaging and restored after, so the cell average carries no rotation loss.
20.0000	106.5241	130.275
20.1449	106.5241	130.744
20.2909	106.5477	130.807
20.4379	106.5824	130.696
20.5860	106.5928	130.971
20.7352	106.6127	131.066
20.8855	106.6314	131.197
21.0368	106.6519	131.269
21.1893	106.6779	131.247
21.3428	106.6907	131.480
21.4975	106.7102	131.584
21.6532	106.7240	131.813
21.8102	106.7492	131.793
21.9682	106.7696	131.890
22.1274	106.7880	132.008
22.2877	106.8136	131.991
22.4492	106.8263	132.239
22.6119	106.8451	132.363
22.7758	106.8560	132.665
22.9408	106.8823	132.638
23.1071	106.8971	132.869
23.2745	106.9192	132.949
23.4432	106.9371	133.130
23.6130	106.9557	133.298
23.7841	106.9760	133.443
23.9565	106.9915	133.681
24.1301	107.0134	133.802
24.3049	107.0265	134.095
24.4811	107.0491	134.202
24.6585	107.0604	134.534
24.8372	107.0833	134.634
25.0171	107.0935	134.992
25.1984	107.1161	135.092
25.3810	107.1256	135.463
25.5649	107.1473	135.569
25.7502	107.1564	135.944
25.9368	107.1764	136.066
26.1247	107.1853	136.437
26.3141	107.2031	136.590
26.5047	107.2121	136.952
26.6968	107.2274	137.153
26.8903	107.2373	137.501
27.0851	107.2506	137.764
27.2814	107.2622	138.094
27.4791	107.2741	138.428
27.6782	107.2886	138.732
27.8788	107.2992	139.138
28.0808	107.3174	139.406
28.2843	107.3260	139.885
28.4892	107.3534	139.990
28.6957	107.3629	140.458
28.9036	107.3799	140.776
29.1131	107.3918	141.179
29.3240	107.4039	141.587
29.5365	107.4177	141.923
29.7506	107.4251	142.432
29.9661	107.4442	142.612
30.1833	107.4519	143.105
30.4020	107.4627	143.526
30.6223	107.4744	143.940
30.8442	107.4817	144.476
31.0677	107.5015	144.723
31.2929	107.5104	145.236
31.5196	107.5213	145.709
31.7480	107.5398	145.969
31.9781	107.5450	146.561
32.2098	107.5562	146.991
32.4432	107.5646	147.474
32.6783	107.5706	148.048
32.9151	107.5841	148.372
33.1536	107.5913	148.917
33.3939	107.5978	149.495
33.6359	107.6119	149.861
33.8796	107.6192	150.439
34.1251	107.6261	151.034
34.3724	107.6397	151.431
34.6215	107.6466	152.025
34.8723	107.6525	152.657
35.1250	107.6651	153.098
35.3796	107.6731	153.699
35.6359	107.6783	154.387
35.8942	107.6924	154.864
36.1543	107.7064	155.346
36.4163	107.7121	156.034
36.6802	107.7194	156.686
36.9460	107.7307	157.188
37.2137	107.7367	157.838
37.4834	107.7405	158.578
37.7550	107.7501	159.120
38.0286	107.7602	159.674
38.3041	107.7665	160.370
38.5817	107.7709	161.137
38.8613	107.7814	161.714
39.1429	107.7912	162.302
39.4265	107.8003	162.909
39.7122	107.8044	163.701
40.0000	107.8096	164.466
40.2899	107.8196	165.116
40.5818	107.8303	165.774
40.8759	107.8407	166.438
41.1721	107.8446	167.274
41.4704	107.8498	168.075
41.7710	107.8573	168.765
42.0736	107.8640	169.471
42.3785	107.8707	170.192
42.6856	107.8748	171.038
42.9949	107.8780	171.924
43.3065	107.8854	172.667
43.6203	107.8923	173.417
43.9364	107.8987	174.180
44.2548	107.9051	174.959
44.5755	107.9122	175.755
44.8985	107.9203	176.563
45.2238	107.9245	177.498
45.5515	107.9288	178.437
45.8816	107.9365	179.265
46.2141	107.9426	-179.896
46.5490	107.9474	-179.037
46.8863	107.9519	-178.158
47.2261	107.9575	-177.260
47.5683	107.9645	-176.354
47.9130	107.9727	-175.446
48.2602	107.9807	-174.542
48.6099	107.9875	-173.637
48.9621	107.9925	-172.724
49.3169	107.9959	-171.793
49.6743	107.9985	-170.838
50.0343	108.0015	-169.858
50.3968	108.0058	-168.857
50.7620	108.0117	-167.842
51.1299	108.0185	-166.821
51.5004	108.0255	-165.797
51.8736	108.0314	-164.770
52.2495	108.0361	-163.735
52.6281	108.0398	-162.687
53.0095	108.0434	-161.627
53.3936	108.0476	-160.556
53.7805	108.0522	-159.478
54.1702	108.0568	-158.396
54.5628	108.0605	-157.304
54.9581	108.0633	-156.198
55.3564	108.0655	-155.071
55.7575	108.0680	-153.923
56.1616	108.0714	-152.757
56.5685	108.0781	-151.650
56.9785	108.0850	-150.541
57.3914	108.0891	-149.353
57.8072	108.0930	-148.157
58.2261	108.0968	-146.955
58.6481	108.1005	-145.746
59.0730	108.1035	-144.530
59.5011	108.1062	-143.376
59.9323	108.1085	-142.188
60.3666	108.1113	-140.905
60.8040	108.1159	-139.608
61.2446	108.1216	-138.304
61.6884	108.1294	-137.067
62.1355	108.1339	-135.825
62.5857	108.1348	-134.495
63.0392	108.1352	-133.146
63.4960	108.1366	-131.835
63.9562	108.1389	-130.512
64.4196	108.1407	-129.124
64.8864	108.1425	-127.725
65.3566	108.1463	-126.371
65.8302	108.1515	-125.011
66.3073	108.1554	-123.587
66.7877	108.1611	-122.217
67.2717	108.1659	-120.832
67.7592	108.1685	-119.369
68.2502	108.1722	-117.937
68.7448	108.1762	-116.481
69.2429	108.1794	-114.963
69.7447	108.1839	-113.492
70.2501	108.1861	-112.019
70.7591	108.1856	-110.478
71.2719	108.1844	-108.957
71.7884	108.1861	-107.407
72.3086	108.1922	-105.851
72.8325	108.1987	-104.299
73.3603	108.2026	-102.737
73.8919	108.2054	-101.154
74.4274	108.2074	-99.513
74.9667	108.2097	-97.917
75.5099	108.2097	-96.313
76.0571	108.2085	-94.674
76.6083	108.2100	-93.001
77.1634	108.2156	-91.314
77.7226	108.2221	-89.668
78.2858	108.2231	-87.967
78.8531	108.2217	-86.237
79.4245	108.2208	-84.488
80.0000	108.2222	-82.733
80.5797	108.2257	-80.977
81.1636	108.2302	-79.226
81.7518	108.2339	-77.503
82.3442	108.2353	-75.695
82.9409	108.2383	-73.851
83.5419	108.2426	-71.997
84.1473	108.2450	-70.146
84.7570	108.2451	-68.314
85.3712	108.2462	-66.421
85.9899	108.2499	-64.519
86.6130	108.2533	-62.645
87.2406	108.2548	-60.726
87.8728	108.2587	-58.751
88.5096	108.2650	-56.787
89.1509	108.2690	-54.876
89.7970	108.2677	-52.922
90.4477	108.2692	-50.888
91.1031	108.2744	-48.843
91.7633	108.2785	-46.839
92.4282	108.2749	-44.814
93.0980	108.2709	-42.742
93.7726	108.2717	-40.628
94.4521	108.2752	-38.511
95.1366	108.2804	-36.412
95.8260	108.2839	-34.289
96.5204	108.2843	-32.138
97.2198	108.2836	-29.972
97.9243	108.2828	-27.814
98.6339	108.2808	-25.655
99.3486	108.2797	-23.458
100.0685	108.2821	-21.212
100.7937	108.2866	-18.934
101.5241	108.2907	-16.644
102.2598	108.2924	-14.360
103.0008	108.2909	-12.068
103.7472	108.2905	-9.739
104.4990	108.2951	-7.379
105.2562	108.3017	-5.008
106.0189	108.3051	-2.627
106.7872	108.3043	-0.221
107.5610	108.3041	2.210
108.3404	108.3077	4.640
109.1255	108.3106	7.035
109.9163	108.3109	9.496
110.7128	108.3158	12.018
111.5151	108.3185	14.528
112.3231	108.3142	17.064
113.1371	108.3113	19.634
113.9569	108.3128	22.188
114.7827	108.3110	24.773
115.6145	108.3105	27.405
116.4523	108.3170	30.038
117.2961	108.3228	32.648
118.1461	108.3216	35.309
119.0022	108.3217	38.016
119.8646	108.3256	40.727
120.7332	108.3245	43.464
121.6080	108.3240	46.238
122.4893	108.3298	49.006
123.3769	108.3307	51.763
124.2709	108.3294	54.572
125.1714	108.3269	57.410
126.0785	108.3247	60.307
126.9921	108.3339	63.198
127.9123	108.3378	66.047
128.8392	108.3363	69.000
129.7728	108.3442	71.974
130.7132	108.3413	74.924
131.6604	108.3355	77.956
132.6145	108.3390	80.981
133.5755	108.3420	83.983
134.5434	108.3438	87.040
135.5184	108.3456	90.150
136.5004	108.3470	93.231
137.4895	108.3371	96.363
138.4858	108.3415	99.567
139.4894	108.3485	102.675
140.5002	108.3486	105.924
141.5183	108.3621	109.164
142.5438	108.3581	112.366
143.5767	108.3513	115.657
144.6171	108.3494	118.963
145.6651	108.3483	122.325
146.7206	108.3514	125.683
147.7838	108.3550	129.044
148.8547	108.3560	132.424
149.9334	108.3529	135.875
151.0199	108.3578	139.337
152.1142	108.3563	142.790
153.2165	108.3606	146.339
154.3268	108.3644	149.854
155.4451	108.3600	153.439
156.5715	108.3631	156.997
157.7061	108.3613	160.617
158.8489	108.3645	164.269
160.0000	108.3600	167.923
161.1594	108.3571	171.642
162.3273	108.3624	175.377
163.5035	108.3675	179.094
164.6884	108.3674	-177.143
165.8818	108.3740	-173.321
167.0838	108.3746	-169.493
168.2946	108.3691	-165.596
169.5141	108.3635	-161.722
170.7425	108.3656	-157.799
171.9797	108.3756	-153.870
173.2260	108.3792	-149.894
174.4812	108.3723	-145.868
175.7456	108.3722	-141.818
177.0191	108.3711	-137.756
178.3019	108.3711	-133.633
179.5939	108.3748	-129.506
180.8953	108.3776	-125.347
182.2062	108.3816	-121.159
183.5265	108.3706	-116.930
184.8564	108.3709	-112.648
186.1960	108.3799	-108.408
187.5452	108.3834	-104.087
188.9043	108.3814	-99.669
190.2731	108.3833	-95.286
191.6519	108.3862	-90.896
193.0407	108.3870	-86.472
194.4396	108.3825	-81.953
195.8486	108.3850	-77.463
197.2678	108.3901	-72.901
198.6972	108.3891	-68.320
200.1371	108.3827	-63.676
201.5874	108.3789	-59.073
203.0482	108.3872	-54.385
204.5195	108.3868	-49.675
206.0016	108.3860	-44.899
207.4943	108.3937	-40.125
208.9979	108.3924	-35.267
210.5124	108.3885	-30.401
212.0379	108.3904	-25.507
213.5744	108.3931	-20.572
215.1220	108.3962	-15.602
216.6809	108.3933	-10.589
218.2510	108.4008	-5.554
219.8326	108.3982	-0.466
221.4256	108.3965	4.671
223.0301	108.3899	9.818
224.6463	108.3980	14.988
226.2742	108.3865	20.138
227.9138	108.3943	25.474
229.5654	108.3972	30.826
231.2289	108.3983	36.157
232.9045	108.4025	41.549
234.5922	108.4002	46.962
236.2922	108.3963	52.406
238.0045	108.4043	57.949
239.7291	108.4005	63.469
241.4663	108.4016	69.042
243.2161	108.4026	74.712
244.9785	108.4066	80.440
246.7537	108.4032	86.078
248.5418	108.4061	91.846
250.3428	108.4049	97.655
252.1569	108.4008	103.477
253.9842	108.3946	109.349
255.8246	108.4012	115.332
257.6785	108.4044	121.270
259.5457	108.4023	127.273
261.4265	108.4063	133.218
263.3209	108.4173	139.453
265.2290	108.3918	145.680
267.1510	108.4687	151.728
269.0869	108.4477	157.849
271.0368	108.4252	164.362
273.0008	108.4159	170.634
274.9791	108.4061	177.041
276.9717	108.4163	-176.551
278.9788	108.4123	-170.057
281.0003	108.4082	-163.544
283.0366	108.4157	-156.992
285.0876	108.4107	-150.346
287.1535	108.4114	-143.716
289.2343	108.4178	-136.969
291.3302	108.4154	-130.242
293.4413	108.4204	-123.466
295.5677	108.4160	-116.610
297.7095	108.4221	-109.647
299.8668	108.4105	-102.667
302.0398	108.4150	-95.725
304.2285	108.4176	-88.624
306.4330	108.4171	-81.532
308.6536	108.4198	-74.343
310.8902	108.4253	-67.139
313.1431	108.4162	-59.840
315.4122	108.4222	-52.500
317.6978	108.4173	-45.147
320.0000	108.4182	-37.726
322.3189	108.4209	-30.234
324.6545	108.4209	-22.693
327.0071	108.4172	-15.105
329.3767	108.4191	-7.438
331.7635	108.4242	0.265
334.1676	108.4206	8.035
336.5891	108.4235	15.848
339.0282	108.4276	23.753
341.4849	108.4235	31.662
343.9595	108.4233	39.650
346.4519	108.4223	47.688
348.9625	108.4274	55.794
351.4912	108.4192	63.960
354.0383	108.4280	72.240
356.6038	108.4224	80.510
359.1879	108.4252	88.882
361.7907	108.4257	97.246
364.4124	108.4286	105.727
367.0530	108.4210	114.263
369.7129	108.4282	122.882
372.3920	108.4270	131.518
375.0905	108.4291	140.242
377.8085	108.4282	149.038
380.5463	108.4327	157.879
383.3039	108.4266	166.825
386.0814	108.4316	175.771
388.8792	108.4314	-175.200
391.6971	108.4305	-166.074
394.5355	108.4298	-156.905
397.3945	108.4297	-147.658
400.2742	108.4295	-138.338
403.1747	108.4323	-128.974
406.0963	108.4379	-119.503
409.0390	108.4320	-109.997
412.0031	108.4360	-100.417
414.9887	108.4319	-90.767
417.9958	108.4404	-80.996
421.0248	108.4363	-71.261
424.0757	108.4335	-61.371
427.1488	108.4349	-51.405
430.2440	108.4368	-41.441
433.3618	108.4374	-31.375
436.5021	108.4381	-21.167
439.6652	108.4343	-10.953
442.8512	108.4358	-0.624
446.0602	108.4403	9.770
449.2926	108.4402	20.243
452.5483	108.4397	30.746
455.8277	108.4393	41.349
459.1308	108.4345	52.109
462.4579	108.4425	62.810
465.8090	108.4410	73.647
469.1845	108.4354	84.577
472.5844	108.4418	95.584
476.0089	108.4400	106.650
479.4583	108.4415	117.832
482.9326	108.4388	129.057
486.4321	108.4412	140.406
489.9570	108.4459	151.848
493.5075	108.4443	163.323
497.0836	108.4384	174.856
500.6857	108.4405	-173.493
504.3139	108.4401	-161.765
507.9683	108.4461	-149.902
511.6493	108.4416	-138.030
515.3569	108.4427	-125.976
519.0914	108.4457	-113.884
522.8529	108.4452	-101.682
526.6418	108.4467	-89.415
530.4580	108.4432	-77.043
534.3019	108.4443	-64.678
538.1737	108.4494	-52.145
542.0735	108.4486	-39.490
546.0016	108.4453	-26.774
549.9582	108.4479	-13.976
553.9434	108.4471	-1.038
557.9575	108.4503	11.953
562.0007	108.4473	25.019
566.0732	108.4470	38.231
570.1752	108.4498	51.512
574.3069	108.4510	64.899
578.4686	108.4541	78.326
582.6604	108.4533	91.927
586.8826	108.4529	105.616
591.1354	108.4477	119.394
595.4190	108.4515	133.260
599.7336	108.4527	147.221
604.0796	108.4541	161.305
608.4570	108.4523	175.488
612.8661	108.4513	-170.225
617.3072	108.4522	-155.843
621.7804	108.4525	-141.372
626.2861	108.4526	-126.778
630.8244	108.4568	-112.053
635.3957	108.4536	-97.244
640.0000	108.4511	-82.348
644.6377	108.4545	-67.301
649.3090	108.4545	-52.177
654.0142	108.4586	-36.946
658.7534	108.4568	-21.601
663.5270	108.4542	-6.119
668.3352	108.4563	9.465
673.1783	108.4613	25.138
678.0564	108.4546	40.918
682.9699	108.4554	56.866
687.9189	108.4597	72.879
692.9039	108.4614	89.059
697.9249	108.4614	105.314
702.9824	108.4626	121.683
708.0765	108.4555	138.204
713.2075	108.4594	154.812
718.3757	108.4620	171.557
723.5814	108.4598	-171.557
728.8247	108.4609	-154.580
734.1061	108.4634	-137.509
739.4257	108.4600	-120.254
744.7839	108.4585	-102.867
750.1809	108.4586	-85.405
755.6170	108.4621	-67.766
761.0926	108.4666	-50.042
766.6077	108.4646	-32.160
772.1629	108.4635	-14.147
777.7583	108.4643	3.999
783.3943	108.4674	22.260
789.0711	108.4697	40.610
794.7890	108.4646	59.166
800.5484	108.4621	77.830
806.3495	108.4617	96.634
812.1926	108.4663	115.562
818.0781	108.4623	134.638
824.0062	108.4674	153.847
829.9773	108.4693	173.204
835.9917	108.4712	-167.288
842.0496	108.4627	-147.688
848.1515	108.4673	-127.896
854.2975	108.4654	-107.997
860.4881	108.4634	-87.923
866.7236	108.4685	-67.710
873.0042	108.4667	-47.359
879.3303	108.4698	-26.846
885.7023	108.4706	-6.189
892.1205	108.4657	14.605
898.5852	108.4703	35.569
905.0967	108.4658	56.671
911.6554	108.4714	77.919
918.2616	108.4725	99.345
924.9157	108.4685	120.919
931.6180	108.4721	142.637
938.3689	108.4713	164.500
945.1687	108.4693	-173.483
952.0178	108.4749	-151.265
958.9165	108.4704	-128.878
965.8652	108.4718	-106.355
972.8643	108.4709	-83.681
979.9141	108.4709	-60.810
987.0149	108.4751	-37.842
994.1672	108.4724	-14.620
1001.3714	108.4747	8.733
1008.6277	108.4697	32.254
1015.9367	108.4709	55.959
1023.2986	108.4761	79.806
1030.7138	108.4742	103.806
1038.1828	108.4702	128.074
1045.7059	108.4797	152.471
1053.2835	108.4734	176.989
1060.9160	108.4794	-158.228
1068.6039	108.4639	-133.313
1076.3474	108.4765	-108.207
1084.1471	108.4692	-82.918
1092.0032	108.4758	-57.465
1099.9164	108.4774	-31.811
1107.8868	108.4707	-5.987
1115.9150	108.4702	20.016
1124.0014	108.4758	46.291
1132.1464	108.4733	72.701
1140.3504	108.4748	99.303
1148.6138	108.4731	126.093
1156.9371	108.4744	153.070
1165.3208	108.4761	-179.744
1173.7652	108.4726	-152.361
1182.2708	108.4764	-124.799
1190.8380	108.4734	-97.024
1199.4673	108.4742	-69.040
1208.1591	108.4723	-40.864
1216.9139	108.4771	-12.499
1225.7322	108.4700	16.086
1234.6144	108.4714	44.900
1243.5609	108.4735	73.899
1252.5722	108.4718	103.123
1261.6489	108.4709	132.549
1270.7913	108.4728	162.181
1280.0000	108.4725	-167.945
1289.2754	108.4765	-137.870
1298.6180	108.4723	-107.580
1308.0284	108.4725	-77.067
1317.5069	108.4688	-46.318
1327.0541	108.4644	-15.392
1336.6704	108.4728	15.787
1346.3565	108.4721	47.148
1356.1128	108.4666	78.814
1365.9397	108.4666	110.673
1375.8379	108.4679	142.778
1385.8078	108.4659	175.086
1395.8499	108.4658	-152.366
1405.9648	108.4726	-119.530
1416.1530	108.4651	-86.512
1426.4150	108.4649	-53.239
1436.7514	108.4692	-19.732
1447.1627	108.4642	14.028
1457.6495	108.4618	48.019
1468.2122	108.4686	82.262
1478.8515	108.4653	116.781
1489.5678	108.4658	151.552
1500.3618	108.4623	-173.492
1511.2341	108.4652	-138.197
1522.1851	108.4644	-102.704
1533.2155	108.4597	-66.927
1544.3258	108.4607	-30.914
1555.5166	108.4641	5.373
1566.7885	108.4575	41.887
1578.1421	108.4598	78.692
1589.5780	108.4544	115.816
1601.0967	108.4538	153.176
1612.6989	108.4531	-169.239
1624.3852	108.4520	-131.330
1636.1562	108.4564	-93.193
1648.0125	108.4491	-54.735
1659.9546	108.4520	-16.016
1671.9833	108.4494	22.977
1684.0992	108.4484	62.283
1696.3029	108.4492	101.829
1708.5950	108.4507	141.694
1720.9762	108.4465	-178.138
1733.4471	108.4432	-137.722
1746.0084	108.4458	-96.992
1758.6607	108.4469	-55.952
1771.4046	108.4451	-14.654
1784.2410	108.4462	26.972
1797.1703	108.4424	68.904
1810.1934	108.4432	111.116
1823.3108	108.4324	153.651
1836.5232	108.4373	-163.478
1849.8314	108.4392	-120.354
1863.2361	108.4385	-76.909
1876.7379	108.4334	-33.134
1890.3375	108.4391	10.934
1904.0356	108.4339	55.373
1917.8331	108.4312	100.122
1931.7305	108.4322	145.163
1945.7286	108.4295	-169.463
1959.8281	108.4272	-123.751
1974.0299	108.4270	-77.661
1988.3345	108.4270	-31.294
2002.7428	108.4238	15.408
2017.2555	108.4268	62.437
2031.8733	108.4215	109.821
2046.5971	108.4249	157.580
2061.4276	108.4163	-154.349
2076.3656	108.4193	-105.877
2091.4118	108.4172	-57.125
2106.5670	108.4181	-7.965
2121.8321	108.4143	41.506
2137.2077	108.4141	91.364
2152.6948	108.4115	141.599
2168.2941	108.4129	-167.828
2184.0065	108.4111	-116.917
2199.8327	108.4100	-65.588
2215.7736	108.4125	-13.920
2231.8300	108.4109	38.132
2248.0028	108.4127	90.573
2264.2927	108.4099	143.376
2280.7007	108.4057	-163.424
2297.2276	108.4050	-109.826
2313.8743	108.4067	-55.847
2330.6416	108.4066	-1.508
2347.5304	108.4034	53.232
2364.5415	108.4074	108.413
2381.6760	108.4052	163.935
2398.9346	108.4034	-140.079
2416.3182	108.4054	-83.725
2433.8279	108.4047	-26.962
2451.4644	108.4011	30.215
2469.2287	108.4009	87.809
2487.1218	108.4034	145.808
2505.1445	108.4053	-155.774
2523.2978	108.4025	-96.912
2541.5826	108.4043	-37.647
2560.0000	108.3978	22.094
2578.5508	108.4045	82.244
2597.2361	108.4021	142.800
2616.0567	108.4025	-156.186
2635.0137	108.4034	-94.713
2654.1081	108.4039	-32.788
2673.3409	108.4027	29.567
2692.7130	108.4058	92.372
2712.2255	108.4061	155.599
2731.8794	108.4062	-140.647
2751.6758	108.4069	-76.472
2771.6155	108.4084	-11.843
2791.6998	108.4042	53.300
2811.9296	108.4091	118.894
2832.3060	108.4072	-175.062
2852.8301	108.4093	-108.507
2873.5028	108.4133	-41.470
2894.3254	108.4095	26.020
2915.2989	108.4141	94.035
2936.4244	108.4135	162.514
2957.7029	108.4134	-128.471
2979.1356	108.4117	-58.991
3000.7237	108.4184	11.014
3022.4682	108.4181	81.527
3044.3702	108.4203	152.528
3066.4310	108.4175	-135.949
3088.6516	108.4192	-63.896
3111.0332	108.4186	8.695
3133.5771	108.4229	81.776
3156.2843	108.4218	155.403
3179.1560	108.4275	-130.445
3202.1935	108.4293	-55.755
3225.3979	108.4279	19.508
3248.7705	108.4250	95.294
3272.3124	108.4260	171.637
3296.0249	108.4314	-111.471
3319.9093	108.4290	-34.039
3343.9667	108.4294	43.972
3368.1985	108.4352	122.558
3392.6058	108.4327	-158.288
3417.1900	108.4358	-78.574
3441.9524	108.4366	1.724
3466.8942	108.4384	82.615
3492.0167	108.4375	164.059
3517.3213	108.4357	-113.867
3542.8093	108.4420	-31.230
3568.4820	108.4395	52.018
3594.3406	108.4421	135.866
3620.3867	108.4409	-139.664
3646.6215	108.4442	-54.590
3673.0465	108.4416	31.092
3699.6629	108.4417	117.402
3726.4721	108.4411	-155.651
3753.4757	108.4421	-68.097
3780.6749	108.4462	20.122
3808.0713	108.4435	108.950
3835.6661	108.4450	-161.564
3863.4609	108.4414	-71.460
3891.4572	108.4429	19.318
3919.6563	108.4402	110.777
3948.0597	108.4410	-157.136
3976.6690	108.4380	-64.355
4005.4856	108.4353	29.061
4034.5110	108.4388	123.201
4063.7467	108.4396	-142.020
4093.1943	108.4338	-46.514
4122.8552	108.4340	49.640
4152.7312	108.4344	146.519
4182.8236	108.4337	-115.917
4213.1340	108.4333	-17.634
4243.6641	108.4311	81.341
4274.4155	108.4300	-178.964
4305.3896	108.4281	-78.535
4336.5883	108.4281	22.627
4368.0130	108.4280	124.539
4399.6654	108.4288	-132.854
4431.5472	108.4261	-29.497
4463.6600	108.4247	74.607
4496.0055	108.4228	179.473
4528.5854	108.4211	-74.886
4561.4014	108.4203	31.491
4594.4552	108.4198	138.628
4627.7485	108.4195	-113.452
4661.2831	108.4221	-4.734
4695.0607	108.4204	104.803
4729.0830	108.4198	-144.932
4763.3519	108.4224	-33.832
4797.8691	108.4198	78.052
4832.6365	108.4221	-169.233
4867.6558	108.4211	-55.707
4902.9288	108.4294	58.621
4938.4574	108.4264	173.801
4974.2435	108.4278	-70.191
5010.2890	108.4294	46.646
5046.5956	108.4346	164.338
5083.1653	108.4298	-77.108
5120.0000	108.4359	42.297
5157.1016	108.4376	162.584
5194.4721	108.4423	-76.267
5232.1134	108.4411	45.749
5270.0275	108.4439	168.653
5308.2162	108.4487	-67.547
5346.6818	108.4520	57.136
5385.4260	108.4552	-177.239
5424.4510	108.4574	-50.731
5463.7589	108.4612	76.681
5503.3515	108.4649	-154.966
5543.2311	108.4676	-25.663
5583.3996	108.4707	104.549
5623.8592	108.4733	-124.265
5664.6120	108.4782	7.842
5705.6601	108.4809	140.925
5747.0057	108.4828	-85.046
5788.6509	108.4881	49.976
5830.5978	108.4886	-174.019
5872.8487	108.4949	-37.055
5915.4058	108.4924	100.915
5958.2713	108.4963	-120.094
6001.4474	108.4966	19.874
6044.9363	108.4951	160.863
6088.7404	108.4973	-57.122
6132.8620	108.4970	85.920
6177.3032	108.4937	-130.005
6222.0665	108.4968	15.138
6267.1541	108.4947	161.294
6312.5685	108.4976	-51.470
6358.3120	108.4951	96.822
6404.3869	108.4933	-113.787
6450.7958	108.4863	36.625
6497.5409	108.4891	-171.826
6544.6248	108.4866	-19.186
6592.0498	108.4858	134.540
6639.8185	108.4805	-70.623
6687.9334	108.4789	85.330
6736.3969	108.4757	-117.553
6785.2116	108.4731	40.667
6834.3801	108.4690	-159.997
6883.9048	108.4618	0.545
6933.7884	108.4604	162.222
6984.0335	108.4587	-34.933
7034.6427	108.4533	129.070
7085.6186	108.4547	-65.695
7136.9639	108.4496	100.706
7188.6813	108.4482	-91.690
7240.7734	108.4439	77.122
7293.2431	108.4440	-112.839
7346.0929	108.4412	58.447
7399.3257	108.4407	-129.056
7452.9443	108.4401	44.707
7506.9514	108.4402	-140.282
7561.3499	108.4404	36.004
7616.1425	108.4430	-146.424
7671.3322	108.4415	32.400
7726.9219	108.4434	-147.447
7782.9143	108.4432	33.990
7839.3125	108.4417	-143.245
7896.1194	108.4455	40.845
7953.3380	108.4466	-133.734
8010.9711	108.4477	53.063
8069.0219	108.4506	-118.841
8127.4934	108.4496	70.658
8186.3886	108.4509	-98.485
8245.7105	108.4487	93.769
8305.4623	108.4499	-72.602
8365.6471	108.4514	122.458
8426.2680	108.4523	-41.108
8487.3283	108.4492	156.758
8548.8309	108.4467	-3.943
8610.7793	108.4450	-163.193
8673.1765	108.4433	39.002
8736.0260	108.4378	-117.364
8799.3308	108.4361	87.796
8863.0944	108.4341	-65.604
8927.3200	108.4285	142.476
8992.0111	108.4256	-7.922
9057.1709	108.4183	-156.793
9122.8029	108.4123	55.816
9188.9105	108.4121	-90.002
9255.4971	108.4055	125.698
9322.5662	108.4025	-17.026
9390.1214	108.3986	-158.203
9458.1661	108.3962	62.214
9526.7039	108.3940	-75.785
9595.7383	108.3917	147.818
9665.2730	108.3899	13.034
9735.3115	108.3869	-120.121
9805.8576	108.3917	108.361
9876.9149	108.3907	-21.512
9948.4871	108.3959	-149.704
10020.5779	108.3956	83.769
10093.1912	108.4008	-41.076
10166.3306	108.4005	-164.171
10240.0000	108.4070	74.375
10314.2033	108.4141	-45.297
10388.9442	108.4193	-163.260
10464.2268	108.4227	80.538
10540.0549	108.4284	-33.886
10616.4325	108.4290	-146.559
10693.3635	108.4338	102.577
10770.8521	108.4394	-6.493
10848.9021	108.4377	-113.730
10927.5177	108.4423	140.840
11006.7030	108.4432	37.234
11086.4621	108.4426	-64.495
11166.7992	108.4438	-164.376
11247.7184	108.4429	97.605
11329.2240	108.4400	1.475
11411.3202	108.4393	-92.729
11494.0114	108.4373	174.948
11577.3017	108.4361	84.554
11661.1956	108.4325	-3.878
11745.6975	108.4324	-90.367
11830.8116	108.4323	-174.920
11916.5426	108.4337	102.548
12002.8947	108.4379	22.000
12089.8727	108.4365	-56.541
12177.4809	108.4375	-133.048
12265.7239	108.4383	152.507
12354.6064	108.4455	80.107
12444.1330	108.4498	9.817
12534.3083	108.4512	-58.423
12625.1370	108.4557	-124.539
12716.6240	108.4592	171.455
12808.7739	108.4675	109.605
12901.5916	108.4690	49.951
12995.0818	108.4706	-7.591
13089.2495	108.4738	-62.933
13184.0996	108.4731	-116.070
13279.6370	108.4712	-167.018
13375.8668	108.4690	144.284
13472.7938	108.4652	97.822
13570.4232	108.4597	53.579
13668.7601	108.4511	11.637
13767.8096	108.4462	-28.018
13867.5768	108.4373	-65.380
13968.0670	108.4307	-100.437
14069.2853	108.4244	-133.143
14171.2372	108.4208	-163.506
14273.9278	108.4168	168.493
14377.3626	108.4112	142.907
14481.5469	108.4059	119.696
14586.4861	108.4048	98.948
14692.1858	108.4064	80.620
14798.6515	108.4092	64.784
14905.8886	108.4067	51.413
15013.9028	108.4090	40.550
15122.6997	108.4098	32.258
15232.2851	108.4082	26.482
15342.6645	108.4090	23.256
15453.8437	108.4074	22.617
15565.8287	108.4021	24.544
15678.6251	108.3986	29.112
15792.2389	108.3976	36.286
15906.6759	108.3875	46.120
16021.9423	108.3836	58.567
16138.0439	108.3775	73.719
16254.9868	108.3716	91.584
16372.7771	108.3694	112.135
16491.4210	108.3650	135.475
16610.9246	108.3622	161.542
16731.2942	108.3685	-169.574
16852.5361	108.3681	-137.901
16974.6565	108.3753	-103.363
17097.6619	108.3796	-65.982
17221.5586	108.3891	-25.730
17346.3531	108.3946	17.481
17472.0519	108.3995	63.561
17598.6616	108.4091	112.582
17726.1888	108.4064	164.632
17854.6400	108.4091	-140.330
17984.0221	108.4104	-82.350
18114.3418	108.4098	-21.297
18245.6057	108.4065	42.765
18377.8209	108.3996	109.905
18510.9942	108.3973	-179.875
18645.1325	108.3978	-106.523
18780.2428	108.3948	-30.021
18916.3322	108.3973	49.612
19053.4077	108.3958	132.461
19191.4766	108.4000	-141.468
19330.5459	108.4035	-52.124
19470.6230	108.4085	40.480
19611.7152	108.4075	136.415
19753.8298	108.4103	-124.324
19896.9742	108.4065	-21.729
