* Helix DSP Ultra S, output layer - phase control at 180 deg - the control that shows the reference is the configured high-pass.
* ELECTRICAL loop, no microphone: Scarlett 2i2 out L -> Helix line in,
* Helix line out -> Scarlett in 1; out R -> in 2 direct as the timing
* reference, timing offset 0. Everything else in the channel off; no gain,
* level or routing changed within a set, so the ratio to the set's reference
* is the filter alone.
* REW V5.40 beta 132 measurement #98 't3_phase_180_hp3000_mid', 2026-Sep-02 13:53:02, 512k sweep, 1 average, 96 kHz,
* 10 Hz - 30 kHz, loopback timing reference. SNR 42.2 dB, delay 0.4173 ms.
* Levels are REW's electrical dB (splOffset 102.34); only ratios within a set carry meaning.
* frequency_Hz<TAB>dB<TAB>phase_deg - REW's UNSMOOTHED raw spectrum (linear bins) resampled to 1/96 octave by complex averaging within each cell,
* with the measurement's own delay removed before averaging and restored after, so the cell average carries no rotation loss.
20.0000	87.8319	62.296
20.1449	87.8551	61.859
20.2909	87.8783	61.405
20.4379	87.9125	60.764
20.5860	87.9243	60.521
20.7352	87.9470	60.080
20.8855	87.9683	59.673
21.0368	87.9919	59.201
21.1893	88.0219	58.625
21.3428	88.0359	58.323
21.4975	88.0572	57.884
21.6532	88.0723	57.571
21.8102	88.0979	57.011
21.9682	88.1186	56.564
22.1274	88.1363	56.146
22.2877	88.1608	55.590
22.4492	88.1726	55.296
22.6119	88.1901	54.878
22.7758	88.2003	54.630
22.9408	88.2250	54.058
23.1071	88.2388	53.734
23.2745	88.2603	53.253
23.4432	88.2777	52.867
23.6130	88.2964	52.456
23.7841	88.3170	52.017
23.9565	88.3330	51.660
24.1301	88.3556	51.177
24.3049	88.3689	50.862
24.4811	88.3918	50.347
24.6585	88.4028	50.065
24.8372	88.4249	49.536
25.0171	88.4344	49.279
25.1984	88.4556	48.753
25.3810	88.4646	48.510
25.5649	88.4854	48.001
25.7502	88.4950	47.759
25.9368	88.5161	47.272
26.1247	88.5267	47.019
26.3141	88.5478	46.555
26.5047	88.5596	46.277
26.6968	88.5793	45.838
26.8903	88.5919	45.525
27.0851	88.6088	45.121
27.2814	88.6217	44.768
27.4791	88.6349	44.413
27.6782	88.6482	44.018
27.8788	88.6580	43.726
28.0808	88.6727	43.286
28.2843	88.6797	43.064
28.4892	88.7014	42.456
28.6957	88.7094	42.221
28.9036	88.7237	41.829
29.1131	88.7347	41.517
29.3240	88.7458	41.206
29.5365	88.7592	40.810
29.7506	88.7664	40.587
29.9661	88.7850	40.012
30.1833	88.7922	39.759
30.4020	88.8022	39.424
30.6223	88.8128	39.078
30.8442	88.8193	38.854
31.0677	88.8373	38.331
31.2929	88.8457	38.078
31.5196	88.8561	37.778
31.7480	88.8746	37.259
31.9781	88.8800	37.069
32.2098	88.8917	36.708
32.4432	88.9009	36.392
32.6783	88.9073	36.164
32.9151	88.9215	35.668
33.1536	88.9287	35.395
33.3939	88.9351	35.152
33.6359	88.9487	34.684
33.8796	88.9557	34.432
34.1251	88.9624	34.192
34.3724	88.9764	33.746
34.6215	88.9842	33.491
34.8723	88.9909	33.269
35.1250	89.0058	32.835
35.3796	89.0148	32.555
35.6359	89.0205	32.363
35.8942	89.0344	31.930
36.1543	89.0468	31.502
36.4163	89.0516	31.296
36.6802	89.0579	31.046
36.9460	89.0684	30.643
37.2137	89.0752	30.385
37.4834	89.0794	30.211
37.7550	89.0907	29.824
38.0286	89.1018	29.439
38.3041	89.1077	29.194
38.5817	89.1117	29.015
38.8613	89.1207	28.644
39.1429	89.1295	28.287
39.4265	89.1395	27.939
39.7122	89.1444	27.761
40.0000	89.1506	27.548
40.2899	89.1619	27.194
40.5818	89.1718	26.836
40.8759	89.1796	26.485
41.1721	89.1826	26.316
41.4704	89.1866	26.106
41.7710	89.1949	25.786
42.0736	89.2056	25.470
42.3785	89.2179	25.142
42.6856	89.2242	24.927
42.9949	89.2292	24.749
43.3065	89.2372	24.396
43.6203	89.2416	24.054
43.9364	89.2444	23.739
44.2548	89.2486	23.448
44.5755	89.2561	23.168
44.8985	89.2663	22.879
45.2238	89.2716	22.702
45.5515	89.2770	22.522
45.8816	89.2854	22.199
46.2141	89.2905	21.877
46.5490	89.2928	21.570
46.8863	89.2941	21.286
47.2261	89.2964	21.021
47.5683	89.3008	20.767
47.9130	89.3075	20.515
48.2602	89.3159	20.255
48.6099	89.3246	19.983
48.9621	89.3322	19.699
49.3169	89.3374	19.410
49.6743	89.3402	19.127
50.0343	89.3412	18.861
50.3968	89.3426	18.615
50.7620	89.3461	18.383
51.1299	89.3526	18.152
51.5004	89.3611	17.906
51.8736	89.3694	17.641
52.2495	89.3751	17.363
52.6281	89.3774	17.088
53.0095	89.3774	16.831
53.3936	89.3773	16.597
53.7805	89.3794	16.380
54.1702	89.3845	16.166
54.5628	89.3915	15.941
54.9581	89.3986	15.702
55.3564	89.4041	15.454
55.7575	89.4078	15.211
56.1616	89.4107	14.978
56.5685	89.4170	14.675
56.9785	89.4252	14.366
57.3914	89.4300	14.127
57.8072	89.4327	13.888
58.2261	89.4335	13.660
58.6481	89.4341	13.450
59.0730	89.4362	13.254
59.5011	89.4442	12.991
59.9323	89.4540	12.702
60.3666	89.4589	12.473
60.8040	89.4615	12.245
61.2446	89.4626	12.026
61.6884	89.4645	11.753
62.1355	89.4683	11.488
62.5857	89.4716	11.287
63.0392	89.4749	11.081
63.4960	89.4791	10.807
63.9562	89.4826	10.534
64.4196	89.4847	10.332
64.8864	89.4866	10.133
65.3566	89.4903	9.878
65.8302	89.4960	9.626
66.3073	89.5012	9.427
66.7877	89.5085	9.142
67.2717	89.5124	8.845
67.7592	89.5122	8.629
68.2502	89.5105	8.370
68.7448	89.5107	8.135
69.2429	89.5128	7.958
69.7447	89.5172	7.724
70.2501	89.5215	7.486
70.7591	89.5245	7.305
71.2719	89.5301	7.067
71.7884	89.5353	6.817
72.3086	89.5370	6.562
72.8325	89.5365	6.328
73.3603	89.5387	6.119
73.8919	89.5449	5.900
74.4274	89.5496	5.708
74.9667	89.5523	5.443
75.5099	89.5514	5.193
76.0571	89.5519	4.971
76.6083	89.5555	4.743
77.1634	89.5581	4.493
77.7226	89.5568	4.205
78.2858	89.5570	3.999
78.8531	89.5620	3.792
79.4245	89.5675	3.564
80.0000	89.5696	3.333
80.5797	89.5711	3.122
81.1636	89.5760	2.920
81.7518	89.5834	2.647
82.3442	89.5843	2.407
82.9409	89.5817	2.197
83.5419	89.5816	2.011
84.1473	89.5858	1.813
84.7570	89.5892	1.541
85.3712	89.5869	1.319
85.9899	89.5850	1.129
86.6130	89.5894	0.909
87.2406	89.5962	0.644
87.8728	89.5984	0.409
88.5096	89.5992	0.180
89.1509	89.5989	-0.091
89.7970	89.5957	-0.333
90.4477	89.5958	-0.508
91.1031	89.6021	-0.690
91.7633	89.6096	-0.955
92.4282	89.6082	-1.214
93.0980	89.6096	-1.419
93.7726	89.6161	-1.615
94.4521	89.6201	-1.850
95.1366	89.6184	-2.119
95.8260	89.6169	-2.350
96.5204	89.6184	-2.578
97.2198	89.6217	-2.803
97.9243	89.6290	-3.046
98.6339	89.6323	-3.329
99.3486	89.6270	-3.584
100.0685	89.6240	-3.775
100.7937	89.6278	-3.964
101.5241	89.6333	-4.177
102.2598	89.6373	-4.416
103.0008	89.6348	-4.664
103.7472	89.6293	-4.865
104.4990	89.6319	-5.049
105.2562	89.6365	-5.291
106.0189	89.6341	-5.533
106.7872	89.6360	-5.741
107.5610	89.6427	-6.001
108.3404	89.6389	-6.282
109.1255	89.6352	-6.485
109.9163	89.6485	-6.723
110.7128	89.6503	-7.002
111.5151	89.6459	-7.207
112.3231	89.6528	-7.386
113.1371	89.6596	-7.680
113.9569	89.6528	-7.930
114.7827	89.6563	-8.106
115.6145	89.6635	-8.355
116.4523	89.6586	-8.647
117.2961	89.6560	-8.871
118.1461	89.6585	-9.104
119.0022	89.6551	-9.351
119.8646	89.6584	-9.553
120.7332	89.6663	-9.788
121.6080	89.6668	-10.082
122.4893	89.6617	-10.335
123.3769	89.6591	-10.548
124.2709	89.6630	-10.760
125.1714	89.6689	-11.029
126.0785	89.6670	-11.305
126.9921	89.6678	-11.529
127.9123	89.6750	-11.780
128.8392	89.6778	-12.056
129.7728	89.6794	-12.311
130.7132	89.6803	-12.563
131.6604	89.6799	-12.796
132.6145	89.6808	-13.025
133.5755	89.6810	-13.259
134.5434	89.6870	-13.487
135.5184	89.6894	-13.777
136.5004	89.6833	-14.062
137.4895	89.6823	-14.284
138.4858	89.6869	-14.525
139.4894	89.6881	-14.811
140.5002	89.6899	-15.049
141.5183	89.6958	-15.311
142.5438	89.6906	-15.573
143.5767	89.6911	-15.790
144.6171	89.6931	-16.085
145.6651	89.6880	-16.322
146.7206	89.6981	-16.584
147.7838	89.6965	-16.925
148.8547	89.6895	-17.158
149.9334	89.6914	-17.363
151.0199	89.6977	-17.602
152.1142	89.7031	-17.886
153.2165	89.6987	-18.162
154.3268	89.6980	-18.396
155.4451	89.7017	-18.692
156.5715	89.6990	-19.013
157.7061	89.6963	-19.268
158.8489	89.6991	-19.541
160.0000	89.6963	-19.797
161.1594	89.7023	-20.020
162.3273	89.7087	-20.316
163.5035	89.7055	-20.619
164.6884	89.7013	-20.887
165.8818	89.7028	-21.125
167.0838	89.7070	-21.402
168.2946	89.7064	-21.711
169.5141	89.7048	-21.964
170.7425	89.7133	-22.237
171.9797	89.7133	-22.545
173.2260	89.7170	-22.855
174.4812	89.7108	-23.151
175.7456	89.7124	-23.421
177.0191	89.7134	-23.698
178.3019	89.7177	-24.013
179.5939	89.7145	-24.296
180.8953	89.7211	-24.593
182.2062	89.7169	-24.911
183.5265	89.7173	-25.169
184.8564	89.7199	-25.470
186.1960	89.7190	-25.759
187.5452	89.7241	-26.055
188.9043	89.7205	-26.367
190.2731	89.7231	-26.635
191.6519	89.7267	-26.962
193.0407	89.7223	-27.268
194.4396	89.7238	-27.540
195.8486	89.7237	-27.865
197.2678	89.7225	-28.200
198.6972	89.7231	-28.508
200.1371	89.7292	-28.840
201.5874	89.7376	-29.127
203.0482	89.7357	-29.484
204.5195	89.7364	-29.726
206.0016	89.7305	-30.087
207.4943	89.7282	-30.379
208.9979	89.7257	-30.715
210.5124	89.7335	-31.065
212.0379	89.7275	-31.388
213.5744	89.7365	-31.716
215.1220	89.7298	-32.045
216.6809	89.7328	-32.359
218.2510	89.7302	-32.718
219.8326	89.7351	-33.003
221.4256	89.7442	-33.358
223.0301	89.7385	-33.679
224.6463	89.7357	-34.062
226.2742	89.7262	-34.340
227.9138	89.7317	-34.701
229.5654	89.7380	-35.068
231.2289	89.7372	-35.404
232.9045	89.7484	-35.725
234.5922	89.7426	-36.111
236.2922	89.7394	-36.453
238.0045	89.7406	-36.812
239.7291	89.7411	-37.172
241.4663	89.7461	-37.516
243.2161	89.7494	-37.897
244.9785	89.7450	-38.189
246.7537	89.7508	-38.581
248.5418	89.7516	-38.987
250.3428	89.7427	-39.383
252.1569	89.7533	-39.688
253.9842	89.7504	-40.111
255.8246	89.7441	-40.482
257.6785	89.7462	-40.853
259.5457	89.7499	-41.232
261.4265	89.7527	-41.468
263.3209	89.7485	-41.896
265.2290	89.7546	-42.265
267.1510	89.7037	-43.213
269.0869	89.7122	-43.134
271.0368	89.7249	-43.655
273.0008	89.7512	-43.993
274.9791	89.7544	-44.277
276.9717	89.7500	-44.631
278.9788	89.7490	-45.119
281.0003	89.7506	-45.508
283.0366	89.7615	-45.905
285.0876	89.7563	-46.274
287.1535	89.7509	-46.698
289.2343	89.7484	-47.107
291.3302	89.7534	-47.565
293.4413	89.7549	-47.973
295.5677	89.7620	-48.404
297.7095	89.7631	-48.803
299.8668	89.7558	-49.237
302.0398	89.7600	-49.680
304.2285	89.7589	-50.099
306.4330	89.7620	-50.523
308.6536	89.7581	-51.002
310.8902	89.7542	-51.408
313.1431	89.7619	-51.896
315.4122	89.7646	-52.341
317.6978	89.7634	-52.771
320.0000	89.7657	-53.210
322.3189	89.7620	-53.679
324.6545	89.7659	-54.138
327.0071	89.7658	-54.589
329.3767	89.7639	-55.015
331.7635	89.7674	-55.479
334.1676	89.7734	-55.941
336.5891	89.7689	-56.403
339.0282	89.7701	-56.907
341.4849	89.7637	-57.377
343.9595	89.7644	-57.836
346.4519	89.7705	-58.352
348.9625	89.7708	-58.853
351.4912	89.7712	-59.331
354.0383	89.7686	-59.805
356.6038	89.7721	-60.287
359.1879	89.7711	-60.808
361.7907	89.7678	-61.294
364.4124	89.7676	-61.816
367.0530	89.7749	-62.378
369.7129	89.7721	-62.854
372.3920	89.7703	-63.327
375.0905	89.7695	-63.843
377.8085	89.7732	-64.382
380.5463	89.7724	-64.907
383.3039	89.7734	-65.423
386.0814	89.7720	-65.963
388.8792	89.7783	-66.509
391.6971	89.7732	-67.040
394.5355	89.7753	-67.598
397.3945	89.7749	-68.174
400.2742	89.7793	-68.682
403.1747	89.7779	-69.212
406.0963	89.7797	-69.768
409.0390	89.7800	-70.348
412.0031	89.7785	-70.891
414.9887	89.7767	-71.505
417.9958	89.7807	-72.063
421.0248	89.7792	-72.682
424.0757	89.7803	-73.188
427.1488	89.7827	-73.792
430.2440	89.7805	-74.425
433.3618	89.7847	-74.967
436.5021	89.7812	-75.554
439.6652	89.7833	-76.186
442.8512	89.7807	-76.773
446.0602	89.7840	-77.334
449.2926	89.7888	-77.994
452.5483	89.7848	-78.603
455.8277	89.7823	-79.209
459.1308	89.7763	-79.858
462.4579	89.7865	-80.482
465.8090	89.7861	-81.141
469.1845	89.7921	-81.759
472.5844	89.7858	-82.393
476.0089	89.7854	-83.002
479.4583	89.7905	-83.647
482.9326	89.7900	-84.351
486.4321	89.7906	-85.015
489.9570	89.7901	-85.662
493.5075	89.7860	-86.308
497.0836	89.7866	-87.033
500.6857	89.7918	-87.688
504.3139	89.7880	-88.324
507.9683	89.7878	-89.090
511.6493	89.7925	-89.749
515.3569	89.7922	-90.437
519.0914	89.7872	-91.129
522.8529	89.7985	-91.791
526.6418	89.7921	-92.561
530.4580	89.7932	-93.314
534.3019	89.7990	-93.969
538.1737	89.8047	-94.668
542.0735	89.7977	-95.437
546.0016	89.8001	-96.183
549.9582	89.7989	-96.998
553.9434	89.7950	-97.716
557.9575	89.8040	-98.456
562.0007	89.7998	-99.200
566.0732	89.7927	-99.978
570.1752	89.7998	-100.752
574.3069	89.8046	-101.503
578.4686	89.8038	-102.267
582.6604	89.8012	-103.049
586.8826	89.7996	-103.833
591.1354	89.7972	-104.627
595.4190	89.8052	-105.444
599.7336	89.7998	-106.220
604.0796	89.8013	-107.052
608.4570	89.8053	-107.893
612.8661	89.8039	-108.728
617.3072	89.8065	-109.560
621.7804	89.8054	-110.396
626.2861	89.8041	-111.237
630.8244	89.8080	-112.108
635.3957	89.8067	-112.929
640.0000	89.8046	-113.778
644.6377	89.8059	-114.673
649.3090	89.8064	-115.538
654.0142	89.8109	-116.422
658.7534	89.8111	-117.314
663.5270	89.8118	-118.186
668.3352	89.8024	-119.083
673.1783	89.8098	-119.976
678.0564	89.8056	-120.889
682.9699	89.8099	-121.832
687.9189	89.8068	-122.739
692.9039	89.8079	-123.698
697.9249	89.8120	-124.619
702.9824	89.8084	-125.561
708.0765	89.8090	-126.522
713.2075	89.8151	-127.485
718.3757	89.8170	-128.437
723.5814	89.8131	-129.395
728.8247	89.8139	-130.416
734.1061	89.8142	-131.353
739.4257	89.8151	-132.400
744.7839	89.8115	-133.386
750.1809	89.8148	-134.363
755.6170	89.8192	-135.424
761.0926	89.8172	-136.486
766.6077	89.8193	-137.502
772.1629	89.8149	-138.549
777.7583	89.8150	-139.555
783.3943	89.8130	-140.657
789.0711	89.8132	-141.670
794.7890	89.8121	-142.814
800.5484	89.8124	-143.816
806.3495	89.8149	-144.904
812.1926	89.8178	-146.055
818.0781	89.8175	-147.129
824.0062	89.8151	-148.248
829.9773	89.8195	-149.362
835.9917	89.8153	-150.504
842.0496	89.8170	-151.623
848.1515	89.8186	-152.808
854.2975	89.8189	-153.966
860.4881	89.8174	-155.116
866.7236	89.8227	-156.277
873.0042	89.8216	-157.473
879.3303	89.8190	-158.638
885.7023	89.8218	-159.860
892.1205	89.8246	-161.055
898.5852	89.8222	-162.284
905.0967	89.8180	-163.533
911.6554	89.8242	-164.739
918.2616	89.8242	-166.023
924.9157	89.8235	-167.259
931.6180	89.8207	-168.533
938.3689	89.8210	-169.784
945.1687	89.8223	-171.121
952.0178	89.8221	-172.388
958.9165	89.8210	-173.639
965.8652	89.8227	-174.989
972.8643	89.8206	-176.335
979.9141	89.8215	-177.650
987.0149	89.8181	-179.027
994.1672	89.8228	179.626
1001.3714	89.8242	178.246
1008.6277	89.8198	176.860
1015.9367	89.8173	175.473
1023.2986	89.8199	174.107
1030.7138	89.8179	172.698
1038.1828	89.8219	171.269
1045.7059	89.8193	169.851
1053.2835	89.8227	168.386
1060.9160	89.8215	166.935
1068.6039	89.8275	165.457
1076.3474	89.8227	163.993
1084.1471	89.8173	162.478
1092.0032	89.8198	160.972
1099.9164	89.8195	159.496
1107.8868	89.8242	157.927
1115.9150	89.8155	156.410
1124.0014	89.8159	154.836
1132.1464	89.8165	153.294
1140.3504	89.8160	151.675
1148.6138	89.8148	150.101
1156.9371	89.8108	148.499
1165.3208	89.8124	146.860
1173.7652	89.8153	145.271
1182.2708	89.8130	143.594
1190.8380	89.8120	141.907
1199.4673	89.8105	140.257
1208.1591	89.8175	138.591
1216.9139	89.8146	136.905
1225.7322	89.8104	135.256
1234.6144	89.8055	133.464
1243.5609	89.8049	131.713
1252.5722	89.8127	129.942
1261.6489	89.8076	128.206
1270.7913	89.8118	126.403
1280.0000	89.8069	124.635
1289.2754	89.8035	122.811
1298.6180	89.8035	120.971
1308.0284	89.8000	119.113
1317.5069	89.8051	117.265
1327.0541	89.8017	115.385
1336.6704	89.8036	113.475
1346.3565	89.8047	111.577
1356.1128	89.8063	109.638
1365.9397	89.7922	107.725
1375.8379	89.7992	105.721
1385.8078	89.7998	103.773
1395.8499	89.7976	101.806
1405.9648	89.7944	99.782
1416.1530	89.7921	97.739
1426.4150	89.7942	95.677
1436.7514	89.7951	93.655
1447.1627	89.7928	91.575
1457.6495	89.7834	89.476
1468.2122	89.7912	87.337
1478.8515	89.7875	85.235
1489.5678	89.7846	83.077
1500.3618	89.7847	80.909
1511.2341	89.7860	78.700
1522.1851	89.7789	76.482
1533.2155	89.7794	74.235
1544.3258	89.7810	71.982
1555.5166	89.7782	69.688
1566.7885	89.7743	67.455
1578.1421	89.7772	65.122
1589.5780	89.7791	62.794
1601.0967	89.7771	60.440
1612.6989	89.7715	58.095
1624.3852	89.7684	55.666
1636.1562	89.7670	53.288
1648.0125	89.7695	50.812
1659.9546	89.7690	48.378
1671.9833	89.7633	45.885
1684.0992	89.7642	43.347
1696.3029	89.7608	40.855
1708.5950	89.7620	38.302
1720.9762	89.7631	35.709
1733.4471	89.7646	33.123
1746.0084	89.7600	30.470
1758.6607	89.7593	27.867
1771.4046	89.7553	25.207
1784.2410	89.7576	22.484
1797.1703	89.7567	19.798
1810.1934	89.7546	17.048
1823.3108	89.7588	14.261
1836.5232	89.7587	11.476
1849.8314	89.7546	8.635
1863.2361	89.7474	5.819
1876.7379	89.7558	2.932
1890.3375	89.7544	0.032
1904.0356	89.7519	-2.855
1917.8331	89.7521	-5.857
1931.7305	89.7553	-8.814
1945.7286	89.7514	-11.849
1959.8281	89.7562	-14.862
1974.0299	89.7539	-17.904
1988.3345	89.7550	-20.947
2002.7428	89.7512	-24.116
2017.2555	89.7516	-27.236
2031.8733	89.7517	-30.392
2046.5971	89.7566	-33.597
2061.4276	89.7583	-36.835
2076.3656	89.7522	-40.084
2091.4118	89.7590	-43.392
2106.5670	89.7527	-46.712
2121.8321	89.7579	-50.032
2137.2077	89.7581	-53.408
2152.6948	89.7567	-56.829
2168.2941	89.7605	-60.227
2184.0065	89.7593	-63.676
2199.8327	89.7626	-67.212
2215.7736	89.7605	-70.701
2231.8300	89.7644	-74.285
2248.0028	89.7613	-77.838
2264.2927	89.7662	-81.480
2280.7007	89.7697	-85.114
2297.2276	89.7705	-88.786
2313.8743	89.7700	-92.480
2330.6416	89.7676	-96.256
2347.5304	89.7720	-100.013
2364.5415	89.7757	-103.813
2381.6760	89.7779	-107.644
2398.9346	89.7757	-111.496
2416.3182	89.7817	-115.401
2433.8279	89.7757	-119.326
2451.4644	89.7754	-123.246
2469.2287	89.7783	-127.225
2487.1218	89.7796	-131.243
2505.1445	89.7759	-135.337
2523.2978	89.7813	-139.344
2541.5826	89.7847	-143.466
2560.0000	89.7806	-147.582
2578.5508	89.7811	-151.757
2597.2361	89.7842	-155.934
2616.0567	89.7887	-160.150
2635.0137	89.7848	-164.446
2654.1081	89.7830	-168.693
2673.3409	89.7871	-173.033
2692.7130	89.7842	-177.355
2712.2255	89.7854	178.281
2731.8794	89.7880	173.913
2751.6758	89.7840	169.504
2771.6155	89.7811	165.042
2791.6998	89.7863	160.556
2811.9296	89.7811	156.055
2832.3060	89.7771	151.498
2852.8301	89.7783	147.014
2873.5028	89.7747	142.421
2894.3254	89.7721	137.794
2915.2989	89.7704	133.142
2936.4244	89.7699	128.490
2957.7029	89.7724	123.792
2979.1356	89.7681	119.160
3000.7237	89.7588	114.359
3022.4682	89.7667	109.633
3044.3702	89.7639	104.867
3066.4310	89.7579	100.070
3088.6516	89.7574	95.230
3111.0332	89.7602	90.427
3133.5771	89.7517	85.561
3156.2843	89.7506	80.677
3179.1560	89.7500	75.771
3202.1935	89.7454	70.844
3225.3979	89.7474	65.880
3248.7705	89.7467	60.934
3272.3124	89.7401	55.929
3296.0249	89.7425	50.957
3319.9093	89.7382	45.922
3343.9667	89.7385	40.880
3368.1985	89.7332	35.850
3392.6058	89.7353	30.777
3417.1900	89.7322	25.705
3441.9524	89.7337	20.609
3466.8942	89.7347	15.490
3492.0167	89.7321	10.332
3517.3213	89.7336	5.192
3542.8093	89.7362	0.053
3568.4820	89.7346	-5.115
3594.3406	89.7312	-10.346
3620.3867	89.7363	-15.494
3646.6215	89.7359	-20.745
3673.0465	89.7384	-25.969
3699.6629	89.7424	-31.216
3726.4721	89.7411	-36.488
3753.4757	89.7452	-41.766
3780.6749	89.7474	-47.053
3808.0713	89.7507	-52.303
3835.6661	89.7502	-57.641
3863.4609	89.7555	-62.950
3891.4572	89.7601	-68.341
3919.6563	89.7631	-73.654
3948.0597	89.7664	-79.006
3976.6690	89.7618	-84.421
4005.4856	89.7685	-89.796
4034.5110	89.7737	-95.197
4063.7467	89.7733	-100.620
4093.1943	89.7772	-106.050
4122.8552	89.7819	-111.516
4152.7312	89.7835	-116.950
4182.8236	89.7858	-122.439
4213.1340	89.7896	-127.938
4243.6641	89.7910	-133.442
4274.4155	89.7964	-138.962
4305.3896	89.7948	-144.519
4336.5883	89.7992	-150.077
4368.0130	89.8040	-155.650
4399.6654	89.8020	-161.239
4431.5472	89.8055	-166.858
4463.6600	89.8049	-172.461
4496.0055	89.8039	-178.126
4528.5854	89.8091	176.225
4561.4014	89.8087	170.535
4594.4552	89.8067	164.826
4627.7485	89.8045	159.079
4661.2831	89.8051	153.331
4695.0607	89.8091	147.565
4729.0830	89.8053	141.772
4763.3519	89.8022	135.921
4797.8691	89.8039	130.093
4832.6365	89.8063	124.247
4867.6558	89.8027	118.318
4902.9288	89.8016	112.411
4938.4574	89.7993	106.437
4974.2435	89.7967	100.482
5010.2890	89.7979	94.510
5046.5956	89.7931	88.462
5083.1653	89.7934	82.427
5120.0000	89.7925	76.347
5157.1016	89.7897	70.232
5194.4721	89.7909	64.073
5232.1134	89.7853	57.929
5270.0275	89.7811	51.725
5308.2162	89.7847	45.497
5346.6818	89.7814	39.236
5385.4260	89.7801	32.926
5424.4510	89.7804	26.619
5463.7589	89.7811	20.244
5503.3515	89.7795	13.868
5543.2311	89.7825	7.460
5583.3996	89.7812	1.015
5623.8592	89.7823	-5.475
5664.6120	89.7840	-11.976
5705.6601	89.7841	-18.527
5747.0057	89.7844	-25.124
5788.6509	89.7870	-31.713
5830.5978	89.7888	-38.381
5872.8487	89.7956	-45.049
5915.4058	89.7937	-51.771
5958.2713	89.7997	-58.496
6001.4474	89.8009	-65.301
6044.9363	89.8037	-72.138
6088.7404	89.8058	-78.959
6132.8620	89.8109	-85.850
6177.3032	89.8177	-92.771
6222.0665	89.8164	-99.725
6267.1541	89.8220	-106.707
6312.5685	89.8228	-113.766
6358.3120	89.8260	-120.825
6404.3869	89.8289	-127.899
6450.7958	89.8331	-135.069
6497.5409	89.8350	-142.248
6544.6248	89.8391	-149.455
6592.0498	89.8362	-156.730
6639.8185	89.8409	-164.015
6687.9334	89.8385	-171.401
6736.3969	89.8360	-178.767
6785.2116	89.8418	173.824
6834.3801	89.8392	166.349
6883.9048	89.8388	158.800
6933.7884	89.8351	151.257
6984.0335	89.8326	143.635
7034.6427	89.8305	135.999
7085.6186	89.8279	128.276
7136.9639	89.8235	120.538
7188.6813	89.8222	112.729
7240.7734	89.8169	104.882
7293.2431	89.8101	96.955
7346.0929	89.8079	89.012
7399.3257	89.7996	80.997
7452.9443	89.7992	72.913
7506.9514	89.7927	64.825
7561.3499	89.7871	56.656
7616.1425	89.7860	48.431
7671.3322	89.7790	40.137
7726.9219	89.7763	31.823
7782.9143	89.7714	23.428
7839.3125	89.7681	15.000
7896.1194	89.7666	6.499
7953.3380	89.7684	-2.051
8010.9711	89.7582	-10.720
8069.0219	89.7589	-19.321
8127.4934	89.7631	-28.024
8186.3886	89.7624	-36.828
8245.7105	89.7654	-45.624
8305.4623	89.7626	-54.484
8365.6471	89.7637	-63.420
8426.2680	89.7603	-72.446
8487.3283	89.7662	-81.485
8548.8309	89.7686	-90.581
8610.7793	89.7677	-99.733
8673.1765	89.7726	-108.944
8736.0260	89.7746	-118.226
8799.3308	89.7684	-127.526
8863.0944	89.7745	-136.939
8927.3200	89.7734	-146.350
8992.0111	89.7798	-155.875
9057.1709	89.7749	-165.432
9122.8029	89.7750	-175.064
9188.9105	89.7773	175.264
9255.4971	89.7745	165.485
9322.5662	89.7724	155.698
9390.1214	89.7671	145.759
9458.1661	89.7693	135.806
9526.7039	89.7677	125.774
9595.7383	89.7594	115.686
9665.2730	89.7563	105.516
9735.3115	89.7515	95.285
9805.8576	89.7482	84.958
9876.9149	89.7458	74.584
9948.4871	89.7416	64.123
10020.5779	89.7346	53.579
10093.1912	89.7332	42.941
10166.3306	89.7338	32.269
10240.0000	89.7327	21.468
10314.2033	89.7338	10.636
10388.9442	89.7332	-0.284
10464.2268	89.7362	-11.283
10540.0549	89.7378	-22.347
10616.4325	89.7403	-33.502
10693.3635	89.7418	-44.728
10770.8521	89.7498	-56.015
10848.9021	89.7566	-67.396
10927.5177	89.7634	-78.786
11006.7030	89.7656	-90.329
11086.4621	89.7726	-101.930
11166.7992	89.7777	-113.569
11247.7184	89.7835	-125.322
11329.2240	89.7901	-137.144
11411.3202	89.7923	-149.046
11494.0114	89.7994	-161.025
11577.3017	89.8013	-173.082
11661.1956	89.8024	174.778
11745.6975	89.8040	162.565
11830.8116	89.8074	150.243
11916.5426	89.8072	137.838
12002.8947	89.8038	125.334
12089.8727	89.8033	112.773
12177.4809	89.7976	100.062
12265.7239	89.7958	87.298
12354.6064	89.7957	74.413
12444.1330	89.7941	61.413
12534.3083	89.7917	48.372
12625.1370	89.7889	35.192
12716.6240	89.7860	21.945
12808.7739	89.7848	8.574
12901.5916	89.7838	-4.877
12995.0818	89.7849	-18.425
13089.2495	89.7884	-32.095
13184.0996	89.7881	-45.828
13279.6370	89.7889	-59.669
13375.8668	89.7942	-73.566
13472.7938	89.8000	-87.602
13570.4232	89.7979	-101.715
13668.7601	89.8006	-115.938
13767.8096	89.8040	-130.218
13867.5768	89.8020	-144.599
13968.0670	89.8003	-159.115
14069.2853	89.8011	-173.691
14171.2372	89.7935	171.605
14273.9278	89.7906	156.806
14377.3626	89.7837	141.860
14481.5469	89.7784	126.843
14586.4861	89.7708	111.669
14692.1858	89.7602	96.434
14798.6515	89.7531	81.019
14905.8886	89.7449	65.536
15013.9028	89.7379	49.903
15122.6997	89.7349	34.143
15232.2851	89.7281	18.283
15342.6645	89.7230	2.277
15453.8437	89.7230	-13.794
15565.8287	89.7229	-30.022
15678.6251	89.7231	-46.324
15792.2389	89.7291	-62.757
15906.6759	89.7268	-79.323
16021.9423	89.7345	-95.981
16138.0439	89.7361	-112.750
16254.9868	89.7378	-129.634
16372.7771	89.7403	-146.662
16491.4210	89.7415	-163.779
16610.9246	89.7386	178.979
16731.2942	89.7401	161.621
16852.5361	89.7364	144.085
16974.6565	89.7361	126.447
17097.6619	89.7294	108.651
17221.5586	89.7276	90.732
17346.3531	89.7255	72.658
17472.0519	89.7249	54.416
17598.6616	89.7271	36.083
17726.1888	89.7275	17.581
17854.6400	89.7270	-1.059
17984.0221	89.7322	-19.842
18114.3418	89.7348	-38.744
18245.6057	89.7456	-57.797
18377.8209	89.7495	-76.952
18510.9942	89.7554	-96.283
18645.1325	89.7595	-115.677
18780.2428	89.7657	-135.250
18916.3322	89.7720	-154.955
19053.4077	89.7684	-174.818
19191.4766	89.7665	165.196
19330.5459	89.7608	145.020
19470.6230	89.7560	124.717
19611.7152	89.7462	104.222
19753.8298	89.7340	83.590
19896.9742	89.7258	62.776
