* Helix DSP Ultra S, output layer - phase control at 180 deg, mid/high channel, HPF 500 Hz BYPASSED.
* ELECTRICAL loop, no microphone: Scarlett 2i2 out L -> Helix line in,
* Helix line out -> Scarlett in 1; out R -> in 2 direct as the timing
* reference, timing offset 0. Everything else in the channel off; no gain,
* level or routing changed within a set, so the ratio to the set's reference
* is the filter alone.
* REW V5.40 beta 134 measurement #57 'i2_phase_180_hp500_midhigh bypass', 2026-Sep-02 10:43:54, 512k sweep, 1 average, 96 kHz,
* 20 Hz - 20 kHz, loopback timing reference. SNR 46.1 dB, delay -8.9993 ms.
* Levels are REW's electrical dB (splOffset 120.00); only ratios within a set carry meaning.
* This capture carries an EXTRA first-order all-pass, an AP1 the operator left engaged at 8 kHz (measured corner 7611.6 Hz) from REW #55 to #67. It is present in this set's own reference as well, so it divides out of any ratio taken within the set; see README.
* frequency_Hz<TAB>dB<TAB>phase_deg - REW's UNSMOOTHED raw spectrum (linear bins) resampled to 1/96 octave by complex averaging within each cell,
* with the measurement's own delay removed before averaging and restored after, so the cell average carries no rotation loss.
20.0000	107.5455	125.275
20.1449	107.5455	125.744
20.2909	107.5704	125.774
20.4379	107.6070	125.616
20.5860	107.6176	125.870
20.7352	107.6382	125.927
20.8855	107.6575	126.022
21.0368	107.6771	126.050
21.1893	107.7022	125.974
21.3428	107.7136	126.180
21.4975	107.7312	126.247
21.6532	107.7437	126.448
21.8102	107.7657	126.386
21.9682	107.7837	126.450
22.1274	107.8004	126.540
22.2877	107.8238	126.487
22.4492	107.8362	126.714
22.6119	107.8548	126.810
22.7758	107.8655	127.096
22.9408	107.8932	127.017
23.1071	107.9087	127.221
23.2745	107.9325	127.245
23.4432	107.9520	127.381
23.6130	107.9715	127.495
23.7841	107.9931	127.580
23.9565	108.0087	127.771
24.1301	108.0309	127.825
24.3049	108.0436	128.079
24.4811	108.0657	128.120
24.6585	108.0767	128.423
24.8372	108.0989	128.464
25.0171	108.1090	128.798
25.1984	108.1315	128.845
25.3810	108.1411	129.195
25.5649	108.1632	129.251
25.7502	108.1724	129.604
25.9368	108.1928	129.678
26.1247	108.2016	130.026
26.3141	108.2193	130.133
26.5047	108.2282	130.471
26.6968	108.2434	130.631
26.8903	108.2533	130.951
27.0851	108.2668	131.177
27.2814	108.2791	131.471
27.4791	108.2918	131.768
27.6782	108.3073	132.021
27.8788	108.3188	132.390
28.0808	108.3376	132.586
28.2843	108.3465	133.031
28.4892	108.3728	133.020
28.6957	108.3810	133.448
28.9036	108.3959	133.695
29.1131	108.4059	134.050
29.3240	108.4161	134.410
29.5365	108.4283	134.692
29.7506	108.4349	135.173
29.9661	108.4541	135.276
30.1833	108.4627	135.734
30.4020	108.4746	136.107
30.6223	108.4876	136.462
30.8442	108.4957	136.962
31.0677	108.5160	137.112
31.2929	108.5243	137.584
31.5196	108.5346	138.007
31.7480	108.5517	138.190
31.9781	108.5568	138.760
32.2098	108.5678	139.142
32.4432	108.5770	139.581
32.6783	108.5835	140.125
32.9151	108.5987	140.364
33.1536	108.6063	140.857
33.3939	108.6131	141.390
33.6359	108.6266	141.658
33.8796	108.6331	142.187
34.1251	108.6395	142.737
34.3724	108.6525	143.046
34.6215	108.6598	143.592
34.8723	108.6661	144.183
35.1250	108.6802	144.527
35.3796	108.6887	145.065
35.6359	108.6942	145.714
35.8942	108.7076	146.090
36.1543	108.7206	146.483
36.4163	108.7261	147.136
36.6802	108.7333	147.745
36.9460	108.7458	148.168
37.2137	108.7531	148.765
37.4834	108.7577	149.472
37.7550	108.7682	149.914
38.0286	108.7769	150.368
38.3041	108.7813	151.009
38.5817	108.7844	151.739
38.8613	108.7919	152.239
39.1429	108.8006	152.758
39.4265	108.8110	153.288
39.7122	108.8159	154.040
40.0000	108.8223	154.754
40.2899	108.8332	155.300
40.5818	108.8429	155.856
40.8759	108.8514	156.429
41.1721	108.8549	157.232
41.4704	108.8596	157.989
41.7710	108.8681	158.605
42.0736	108.8771	159.232
42.3785	108.8859	159.866
42.6856	108.8904	160.661
42.9949	108.8940	161.508
43.3065	108.9013	162.164
43.6203	108.9083	162.832
43.9364	108.9154	163.511
44.2548	108.9227	164.198
44.5755	108.9299	164.893
44.8985	108.9366	165.598
45.2238	108.9395	166.488
45.5515	108.9425	167.380
45.8816	108.9482	168.128
46.2141	108.9545	168.895
46.5490	108.9616	169.676
46.8863	108.9690	170.462
47.2261	108.9755	171.253
47.5683	108.9800	172.051
47.9130	108.9826	172.864
48.2602	108.9846	173.698
48.6099	108.9880	174.552
48.9621	108.9940	175.415
49.3169	109.0024	176.274
49.6743	109.0114	177.124
50.0343	109.0189	177.972
50.3968	109.0239	178.833
50.7620	109.0271	179.721
51.1299	109.0305	-179.357
51.5004	109.0355	-178.409
51.8736	109.0423	-177.450
52.2495	109.0493	-176.490
52.6281	109.0546	-175.530
53.0095	109.0572	-174.560
53.3936	109.0583	-173.570
53.7805	109.0600	-172.559
54.1702	109.0638	-171.535
54.5628	109.0701	-170.511
54.9581	109.0774	-169.494
55.3564	109.0836	-168.482
55.7575	109.0876	-167.464
56.1616	109.0895	-166.427
56.5685	109.0906	-165.482
56.9785	109.0925	-164.501
57.3914	109.0950	-163.386
57.8072	109.0982	-162.260
58.2261	109.1021	-161.125
58.6481	109.1066	-159.984
59.0730	109.1117	-158.839
59.5011	109.1187	-157.811
59.9323	109.1240	-156.776
60.3666	109.1264	-155.602
60.8040	109.1288	-154.407
61.2446	109.1322	-153.195
61.6884	109.1391	-152.082
62.1355	109.1462	-150.973
62.5857	109.1491	-149.747
63.0392	109.1502	-148.506
63.4960	109.1506	-147.342
63.9562	109.1532	-146.144
64.4196	109.1573	-144.835
64.8864	109.1622	-143.524
65.3566	109.1676	-142.318
65.8302	109.1696	-141.098
66.3073	109.1699	-139.750
66.7877	109.1720	-138.479
67.2717	109.1763	-137.201
67.7592	109.1796	-135.823
68.2502	109.1835	-134.538
68.7448	109.1871	-133.234
69.2429	109.1900	-131.815
69.7447	109.1948	-130.484
70.2501	109.1988	-129.145
70.7591	109.2006	-127.694
71.2719	109.2025	-126.325
71.7884	109.2046	-124.938
72.3086	109.2075	-123.538
72.8325	109.2105	-122.127
73.3603	109.2122	-120.702
73.8919	109.2123	-119.252
74.4274	109.2121	-117.686
74.9667	109.2140	-116.182
75.5099	109.2188	-114.673
76.0571	109.2237	-113.184
76.6083	109.2258	-111.693
77.1634	109.2253	-110.171
77.7226	109.2278	-108.700
78.2858	109.2320	-107.134
78.8531	109.2338	-105.560
79.4245	109.2335	-103.957
80.0000	109.2352	-102.325
80.5797	109.2400	-100.693
81.1636	109.2438	-99.078
81.7518	109.2436	-97.533
82.3442	109.2436	-95.847
82.9409	109.2482	-94.134
83.5419	109.2541	-92.425
84.1473	109.2559	-90.716
84.7570	109.2548	-89.060
85.3712	109.2558	-87.305
85.9899	109.2582	-85.558
86.6130	109.2585	-83.889
87.2406	109.2588	-82.165
87.8728	109.2628	-80.337
88.5096	109.2670	-78.512
89.1509	109.2678	-76.754
89.7970	109.2694	-74.954
90.4477	109.2757	-73.076
91.1031	109.2823	-71.223
91.7633	109.2831	-69.443
92.4282	109.2801	-67.571
93.0980	109.2846	-65.645
93.7726	109.2906	-63.671
94.4521	109.2925	-61.713
95.1366	109.2902	-59.804
95.8260	109.2922	-57.851
96.5204	109.2988	-55.905
97.2198	109.3001	-53.944
97.9243	109.3006	-51.912
98.6339	109.3078	-49.880
99.3486	109.3095	-47.904
100.0685	109.3003	-45.886
100.7937	109.2974	-43.791
101.5241	109.3044	-41.714
102.2598	109.3076	-39.656
103.0008	109.3082	-37.546
103.7472	109.3122	-35.404
104.4990	109.3141	-33.249
105.2562	109.3147	-31.049
106.0189	109.3181	-28.844
106.7872	109.3169	-26.655
107.5610	109.3125	-24.421
108.3404	109.3160	-22.159
109.1255	109.3227	-20.014
109.9163	109.3202	-17.824
110.7128	109.3203	-15.477
111.5151	109.3256	-13.114
112.3231	109.3310	-10.767
113.1371	109.3307	-8.496
113.9569	109.3257	-6.177
114.7827	109.3254	-3.750
115.6145	109.3291	-1.320
116.4523	109.3325	1.039
117.2961	109.3328	3.440
118.1461	109.3342	5.959
119.0022	109.3399	8.417
119.8646	109.3400	10.852
120.7332	109.3370	13.398
121.6080	109.3400	15.901
122.4893	109.3416	18.408
123.3769	109.3417	20.981
124.2709	109.3458	23.559
125.1714	109.3460	26.120
126.0785	109.3455	28.716
126.9921	109.3471	31.352
127.9123	109.3515	34.036
128.8392	109.3570	36.713
129.7728	109.3538	39.397
130.7132	109.3499	42.146
131.6604	109.3511	44.896
132.6145	109.3499	47.662
133.5755	109.3566	50.406
134.5434	109.3639	53.194
135.5184	109.3644	56.023
136.5004	109.3608	58.835
137.4895	109.3559	61.758
138.4858	109.3608	64.686
139.4894	109.3632	67.511
140.5002	109.3654	70.440
141.5183	109.3754	73.389
142.5438	109.3664	76.322
143.5767	109.3591	79.348
144.6171	109.3671	82.362
145.6651	109.3693	85.391
146.7206	109.3716	88.387
147.7838	109.3663	91.433
148.8547	109.3710	94.618
149.9334	109.3764	97.811
151.0199	109.3752	100.956
152.1142	109.3671	104.143
153.2165	109.3741	107.360
154.3268	109.3810	110.541
155.4451	109.3829	113.725
156.5715	109.3772	116.919
157.7061	109.3751	120.236
158.8489	109.3804	123.580
160.0000	109.3856	126.935
161.1594	109.3803	130.331
162.3273	109.3797	133.773
163.5035	109.3844	137.108
164.6884	109.3880	140.481
165.8818	109.3888	143.968
167.0838	109.3887	147.497
168.2946	109.3869	150.973
169.5141	109.3919	154.517
170.7425	109.3952	158.067
171.9797	109.3897	161.660
173.2260	109.3948	165.266
174.4812	109.3915	168.910
175.7456	109.3944	172.591
177.0191	109.3966	176.243
178.3019	109.3953	179.968
179.5939	109.3943	-176.246
180.8953	109.3996	-172.466
182.2062	109.3950	-168.660
183.5265	109.4045	-164.765
184.8564	109.4057	-160.979
186.1960	109.4006	-157.144
187.5452	109.4014	-153.250
188.9043	109.4027	-149.233
190.2731	109.4094	-145.359
191.6519	109.4046	-141.372
193.0407	109.4030	-137.382
194.4396	109.4060	-133.302
195.8486	109.4034	-129.188
197.2678	109.4075	-125.094
198.6972	109.4139	-120.939
200.1371	109.4101	-116.866
201.5874	109.4112	-112.627
203.0482	109.4097	-108.436
204.5195	109.4152	-104.156
206.0016	109.4133	-99.890
207.4943	109.4098	-95.573
208.9979	109.4151	-91.161
210.5124	109.4127	-86.819
212.0379	109.4167	-82.477
213.5744	109.4170	-78.102
215.1220	109.4172	-73.599
216.6809	109.4226	-69.065
218.2510	109.4142	-64.627
219.8326	109.4200	-60.026
221.4256	109.4176	-55.418
223.0301	109.4235	-50.807
224.6463	109.4195	-46.151
226.2742	109.4208	-41.434
227.9138	109.4182	-36.762
229.5654	109.4278	-32.082
231.2289	109.4268	-27.243
232.9045	109.4260	-22.397
234.5922	109.4302	-17.554
236.2922	109.4292	-12.661
238.0045	109.4281	-7.788
239.7291	109.4241	-2.829
241.4663	109.4321	2.196
243.2161	109.4295	7.173
244.9785	109.4299	12.182
246.7537	109.4344	17.221
248.5418	109.4329	22.313
250.3428	109.4372	27.462
252.1569	109.4393	32.636
253.9842	109.4414	37.816
255.8246	109.4321	43.036
257.6785	109.4398	48.397
259.5457	109.4317	53.744
261.4265	109.4282	59.101
263.3209	109.4294	64.517
265.2290	109.4524	69.853
267.1510	109.4500	75.727
269.0869	109.4746	81.112
271.0368	109.4536	86.476
273.0008	109.4441	92.072
274.9791	109.4349	97.618
276.9717	109.4411	103.253
278.9788	109.4366	108.926
281.0003	109.4468	114.620
283.0366	109.4471	120.513
285.0876	109.4404	126.280
287.1535	109.4454	132.096
289.2343	109.4422	138.026
291.3302	109.4483	143.839
293.4413	109.4478	149.810
295.5677	109.4501	155.724
297.7095	109.4449	161.875
299.8668	109.4472	167.961
302.0398	109.4529	174.084
304.2285	109.4525	-179.808
306.4330	109.4518	-173.596
308.6536	109.4503	-167.343
310.8902	109.4637	-161.152
313.1431	109.4600	-154.887
315.4122	109.4557	-148.538
317.6978	109.4530	-142.116
320.0000	109.4603	-135.595
322.3189	109.4523	-129.116
324.6545	109.4570	-122.665
327.0071	109.4592	-116.115
329.3767	109.4591	-109.498
331.7635	109.4621	-102.896
334.1676	109.4585	-96.142
336.5891	109.4600	-89.431
339.0282	109.4555	-82.714
341.4849	109.4555	-75.835
343.9595	109.4617	-68.947
346.4519	109.4615	-62.087
348.9625	109.4631	-55.127
351.4912	109.4608	-48.127
354.0383	109.4592	-41.143
356.6038	109.4650	-34.022
359.1879	109.4691	-26.917
361.7907	109.4605	-19.718
364.4124	109.4653	-12.462
367.0530	109.4739	-5.167
369.7129	109.4680	2.111
372.3920	109.4636	9.474
375.0905	109.4647	16.994
377.8085	109.4687	24.438
380.5463	109.4602	31.949
383.3039	109.4641	39.516
386.0814	109.4677	47.065
388.8792	109.4674	54.743
391.6971	109.4659	62.508
394.5355	109.4661	70.230
397.3945	109.4677	78.027
400.2742	109.4659	85.954
403.1747	109.4672	94.005
406.0963	109.4614	101.969
409.0390	109.4629	110.034
412.0031	109.4662	118.082
414.9887	109.4686	126.153
417.9958	109.4651	134.389
421.0248	109.4642	142.710
424.0757	109.4660	150.994
427.1488	109.4665	159.400
430.2440	109.4596	167.848
433.3618	109.4648	176.407
436.5021	109.4656	-174.984
439.6652	109.4649	-166.353
442.8512	109.4655	-157.613
446.0602	109.4670	-148.877
449.2926	109.4664	-140.075
452.5483	109.4666	-131.160
455.8277	109.4653	-122.233
459.1308	109.4572	-113.219
462.4579	109.4652	-104.022
465.8090	109.4628	-94.822
469.1845	109.4629	-85.541
472.5844	109.4623	-76.227
476.0089	109.4632	-66.835
479.4583	109.4611	-57.269
482.9326	109.4613	-47.722
486.4321	109.4604	-38.145
489.9570	109.4600	-28.398
493.5075	109.4619	-18.579
497.0836	109.4565	-8.726
500.6857	109.4580	1.219
504.3139	109.4583	11.263
507.9683	109.4553	21.379
511.6493	109.4528	31.623
515.3569	109.4566	41.966
519.0914	109.4546	52.400
522.8529	109.4559	62.925
526.6418	109.4503	73.499
530.4580	109.4538	84.159
534.3019	109.4447	94.902
538.1737	109.4525	105.830
542.0735	109.4518	116.763
546.0016	109.4476	127.801
549.9582	109.4468	138.913
553.9434	109.4440	150.174
557.9575	109.4454	161.564
562.0007	109.4453	173.033
566.0732	109.4445	-175.391
570.1752	109.4438	-163.681
574.3069	109.4488	-151.905
578.4686	109.4457	-139.987
582.6604	109.4460	-128.041
586.8826	109.4445	-115.930
591.1354	109.4433	-103.762
595.4190	109.4398	-91.415
599.7336	109.4453	-78.927
604.0796	109.4422	-66.411
608.4570	109.4423	-53.752
612.8661	109.4420	-40.942
617.3072	109.4414	-28.064
621.7804	109.4449	-15.077
626.2861	109.4414	-1.989
630.8244	109.4407	11.322
635.3957	109.4407	24.671
640.0000	109.4394	38.181
644.6377	109.4371	51.831
649.3090	109.4415	65.524
654.0142	109.4387	79.357
658.7534	109.4397	93.351
663.5270	109.4414	107.450
668.3352	109.4388	121.684
673.1783	109.4424	136.088
678.0564	109.4390	150.554
682.9699	109.4415	165.167
687.9189	109.4398	179.908
692.9039	109.4393	-165.196
697.9249	109.4380	-150.158
702.9824	109.4353	-135.042
708.0765	109.4365	-119.798
713.2075	109.4364	-104.388
718.3757	109.4406	-88.865
723.5814	109.4401	-73.181
728.8247	109.4418	-57.364
734.1061	109.4397	-41.422
739.4257	109.4350	-25.319
744.7839	109.4398	-9.152
750.1809	109.4417	7.231
755.6170	109.4379	23.768
761.0926	109.4420	40.414
766.6077	109.4444	57.218
772.1629	109.4396	74.115
777.7583	109.4442	91.173
783.3943	109.4374	108.421
789.0711	109.4419	125.779
794.7890	109.4403	143.273
800.5484	109.4431	160.906
806.3495	109.4420	178.783
812.1926	109.4435	-163.306
818.0781	109.4413	-145.208
824.0062	109.4441	-126.970
829.9773	109.4429	-108.613
835.9917	109.4434	-90.066
842.0496	109.4406	-71.350
848.1515	109.4469	-52.468
854.2975	109.4462	-33.484
860.4881	109.4498	-14.353
866.7236	109.4471	4.981
873.0042	109.4487	24.473
879.3303	109.4438	44.110
885.7023	109.4507	63.916
892.1205	109.4463	83.831
898.5852	109.4515	103.979
905.0967	109.4505	124.217
911.6554	109.4475	144.663
918.2616	109.4488	165.258
924.9157	109.4531	-173.972
931.6180	109.4522	-153.054
938.3689	109.4524	-131.937
945.1687	109.4537	-110.675
952.0178	109.4536	-89.270
958.9165	109.4573	-67.661
965.8652	109.4511	-45.888
972.8643	109.4503	-23.964
979.9141	109.4546	-1.861
987.0149	109.4517	20.475
994.1672	109.4546	42.938
1001.3714	109.4543	65.589
1008.6277	109.4523	88.369
1015.9367	109.4530	111.364
1023.2986	109.4564	134.537
1030.7138	109.4551	157.893
1038.1828	109.4532	-178.592
1045.7059	109.4593	-154.885
1053.2835	109.4616	-130.969
1060.9160	109.4641	-106.881
1068.6039	109.4639	-82.635
1076.3474	109.4588	-58.139
1084.1471	109.4603	-33.521
1092.0032	109.4658	-8.681
1099.9164	109.4611	16.346
1107.8868	109.4607	41.524
1115.9150	109.4630	66.995
1124.0014	109.4664	92.584
1132.1464	109.4670	118.385
1140.3504	109.4623	144.360
1148.6138	109.4656	170.573
1156.9371	109.4654	-163.017
1165.3208	109.4638	-136.412
1173.7652	109.4656	-109.641
1182.2708	109.4660	-82.616
1190.8380	109.4692	-55.397
1199.4673	109.4705	-28.003
1208.1591	109.4666	-0.408
1216.9139	109.4654	27.430
1225.7322	109.4667	55.462
1234.6144	109.4678	83.710
1243.5609	109.4657	112.206
1252.5722	109.4635	140.870
1261.6489	109.4675	169.786
1270.7913	109.4700	-161.101
1280.0000	109.4688	-131.761
1289.2754	109.4705	-102.205
1298.6180	109.4684	-72.401
1308.0284	109.4732	-42.434
1317.5069	109.4707	-12.205
1327.0541	109.4678	18.263
1336.6704	109.4657	48.953
1346.3565	109.4725	79.820
1356.1128	109.4704	110.969
1365.9397	109.4708	142.335
1375.8379	109.4698	173.925
1385.8078	109.4707	-154.183
1395.8499	109.4676	-122.126
1405.9648	109.4709	-89.798
1416.1530	109.4649	-57.238
1426.4150	109.4665	-24.446
1436.7514	109.4671	8.639
1447.1627	109.4713	41.911
1457.6495	109.4693	75.472
1468.2122	109.4674	109.245
1478.8515	109.4658	143.319
1489.5678	109.4647	177.584
1500.3618	109.4653	-147.863
1511.2341	109.4667	-113.067
1522.1851	109.4680	-77.985
1533.2155	109.4637	-42.672
1544.3258	109.4650	-7.074
1555.5166	109.4649	28.777
1566.7885	109.4617	64.872
1578.1421	109.4616	101.260
1589.5780	109.4609	137.937
1601.0967	109.4640	174.875
1612.6989	109.4609	-147.942
1624.3852	109.4596	-110.489
1636.1562	109.4603	-72.723
1648.0125	109.4584	-34.695
1659.9546	109.4594	3.628
1671.9833	109.4590	42.187
1684.0992	109.4561	81.050
1696.3029	109.4569	120.224
1708.5950	109.4535	159.684
1720.9762	109.4550	-160.577
1733.4471	109.4511	-120.560
1746.0084	109.4503	-80.195
1758.6607	109.4516	-39.597
1771.4046	109.4497	1.351
1784.2410	109.4470	42.568
1797.1703	109.4489	84.107
1810.1934	109.4509	125.951
1823.3108	109.4442	168.061
1836.5232	109.4468	-149.483
1849.8314	109.4457	-106.702
1863.2361	109.4454	-63.648
1876.7379	109.4446	-20.253
1890.3375	109.4403	23.479
1904.0356	109.4394	67.492
1917.8331	109.4396	111.862
1931.7305	109.4374	156.533
1945.7286	109.4384	-158.442
1959.8281	109.4358	-113.101
1974.0299	109.4355	-67.418
1988.3345	109.4311	-21.438
2002.7428	109.4294	24.950
2017.2555	109.4312	71.604
2031.8733	109.4305	118.662
2046.5971	109.4317	165.989
2061.4276	109.4292	-146.266
2076.3656	109.4278	-98.223
2091.4118	109.4271	-49.779
2106.5670	109.4263	-1.029
2121.8321	109.4228	48.106
2137.2077	109.4244	97.583
2152.6948	109.4215	147.457
2168.2941	109.4219	-162.330
2184.0065	109.4203	-111.735
2199.8327	109.4205	-60.785
2215.7736	109.4162	-9.471
2231.8300	109.4164	42.251
2248.0028	109.4153	94.326
2264.2927	109.4143	146.789
2280.7007	109.4151	-160.372
2297.2276	109.4143	-107.137
2313.8743	109.4145	-53.514
2330.6416	109.4127	0.484
2347.5304	109.4128	54.898
2364.5415	109.4118	109.706
2381.6760	109.4091	164.906
2398.9346	109.4092	-139.479
2416.3182	109.4102	-83.471
2433.8279	109.4076	-27.042
2451.4644	109.4114	29.797
2469.2287	109.4112	87.042
2487.1218	109.4095	144.703
2505.1445	109.4089	-157.205
2523.2978	109.4098	-98.676
2541.5826	109.4050	-39.736
2560.0000	109.4081	19.637
2578.5508	109.4082	79.444
2597.2361	109.4120	139.697
2616.0567	109.4100	-159.634
2635.0137	109.4081	-98.507
2654.1081	109.4097	-36.943
2673.3409	109.4090	25.068
2692.7130	109.4080	87.550
2712.2255	109.4110	150.486
2731.8794	109.4114	-146.131
2751.6758	109.4114	-82.283
2771.6155	109.4122	-17.966
2791.6998	109.4140	46.819
2811.9296	109.4121	112.087
2832.3060	109.4163	177.815
2852.8301	109.4118	-115.972
2873.5028	109.4150	-49.273
2894.3254	109.4185	17.926
2915.2989	109.4171	85.591
2936.4244	109.4192	153.764
2957.7029	109.4186	-137.559
2979.1356	109.4210	-68.415
3000.7237	109.4238	1.242
3022.4682	109.4215	71.443
3044.3702	109.4241	142.120
3066.4310	109.4263	-146.643
3088.6516	109.4242	-74.939
3111.0332	109.4281	-2.687
3133.5771	109.4265	70.095
3156.2843	109.4292	143.381
3179.1560	109.4285	-142.768
3202.1935	109.4277	-68.374
3225.3979	109.4314	6.536
3248.7705	109.4328	82.004
3272.3124	109.4348	157.995
3296.0249	109.4327	-125.427
3319.9093	109.4377	-48.295
3343.9667	109.4352	29.397
3368.1985	109.4357	107.672
3392.6058	109.4391	-173.515
3417.1900	109.4393	-94.107
3441.9524	109.4380	-14.142
3466.8942	109.4402	66.429
3492.0167	109.4395	147.564
3517.3213	109.4404	-130.702
3542.8093	109.4384	-48.365
3568.4820	109.4421	34.556
3594.3406	109.4409	118.095
3620.3867	109.4395	-157.756
3646.6215	109.4391	-73.009
3673.0465	109.4435	12.368
3699.6629	109.4395	98.376
3726.4721	109.4388	-175.020
3753.4757	109.4411	-87.766
3780.6749	109.4381	0.121
3808.0713	109.4374	88.632
3835.6661	109.4360	177.816
3863.4609	109.4385	-92.364
3891.4572	109.4372	-1.917
3919.6563	109.4358	89.226
3948.0597	109.4362	-178.998
3976.6690	109.4337	-86.554
4005.4856	109.4326	6.587
4034.5110	109.4319	100.381
4063.7467	109.4337	-165.137
4093.1943	109.4269	-69.967
4122.8552	109.4304	25.907
4152.7312	109.4281	122.446
4182.8236	109.4298	-140.272
4213.1340	109.4322	-42.298
4243.6641	109.4280	56.366
4274.4155	109.4289	155.768
4305.3896	109.4247	-104.132
4336.5883	109.4247	-3.268
4368.0130	109.4257	98.302
4399.6654	109.4263	-159.358
4431.5472	109.4263	-56.312
4463.6600	109.4212	47.481
4496.0055	109.4246	152.045
4528.5854	109.4245	-102.638
4561.4014	109.4257	3.471
4594.4552	109.4235	110.311
4627.7485	109.4270	-142.055
4661.2831	109.4267	-33.641
4695.0607	109.4261	75.575
4729.0830	109.4273	-174.413
4763.3519	109.4296	-63.618
4797.8691	109.4308	47.995
4832.6365	109.4325	160.409
4867.6558	109.4357	-86.367
4902.9288	109.4347	27.683
4938.4574	109.4383	142.592
4974.2435	109.4394	-101.696
5010.2890	109.4434	14.902
5046.5956	109.4442	132.307
5083.1653	109.4484	-109.428
5120.0000	109.4516	9.710
5157.1016	109.4537	129.710
5194.4721	109.4571	-109.412
5232.1134	109.4594	12.360
5270.0275	109.4613	134.996
5308.2162	109.4651	-101.474
5346.6818	109.4710	22.953
5385.4260	109.4719	148.304
5424.4510	109.4745	-85.443
5463.7589	109.4760	41.716
5503.3515	109.4779	169.810
5543.2311	109.4797	-61.144
5583.3996	109.4810	68.820
5623.8592	109.4861	-160.274
5664.6120	109.4860	-28.396
5705.6601	109.4894	104.430
5747.0057	109.4910	-121.775
5788.6509	109.4936	12.978
5830.5978	109.4940	148.724
5872.8487	109.4931	-74.536
5915.4058	109.4929	63.191
5958.2713	109.4926	-158.085
6001.4474	109.4938	-18.351
6044.9363	109.4930	122.402
6088.7404	109.4918	-95.799
6132.8620	109.4894	47.000
6177.3032	109.4925	-169.172
6222.0665	109.4902	-24.281
6267.1541	109.4908	121.642
6312.5685	109.4877	-91.343
6358.3120	109.4855	56.700
6404.3869	109.4816	-154.149
6450.7958	109.4812	-3.925
6497.5409	109.4805	147.384
6544.6248	109.4744	-60.217
6592.0498	109.4711	93.301
6639.8185	109.4696	-112.071
6687.9334	109.4691	43.670
6736.3969	109.4667	-159.427
6785.2116	109.4648	-1.426
6834.3801	109.4600	157.728
6883.9048	109.4616	-41.932
6933.7884	109.4596	119.545
6984.0335	109.4585	-77.803
7034.6427	109.4555	86.041
7085.6186	109.4545	-108.906
7136.9639	109.4560	57.313
7188.6813	109.4535	-135.230
7240.7734	109.4555	33.423
7293.2431	109.4548	-156.697
7346.0929	109.4537	14.429
7399.3257	109.4557	-173.214
7452.9443	109.4549	0.423
7506.9514	109.4614	175.306
7561.3499	109.4584	-8.541
7616.1425	109.4584	168.904
7671.3322	109.4577	-12.383
7726.9219	109.4580	167.661
7782.9143	109.4620	-10.968
7839.3125	109.4615	171.693
7896.1194	109.4616	-4.322
7953.3380	109.4620	-178.988
8010.9711	109.4582	7.725
8069.0219	109.4613	-164.267
8127.4934	109.4597	25.143
8186.3886	109.4587	-144.067
8245.7105	109.4565	48.105
8305.4623	109.4532	-118.340
8365.6471	109.4519	76.645
8426.2680	109.4491	-86.976
8487.3283	109.4475	110.851
8548.8309	109.4405	-49.931
8610.7793	109.4421	150.800
8673.1765	109.4361	-7.060
8736.0260	109.4295	-163.445
8799.3308	109.4277	41.643
8863.0944	109.4225	-111.763
8927.3200	109.4208	96.325
8992.0111	109.4147	-54.084
9057.1709	109.4105	157.002
9122.8029	109.4073	9.664
9188.9105	109.4050	-136.152
9255.4971	109.4031	79.592
9322.5662	109.3993	-63.117
9390.1214	109.3991	155.749
9458.1661	109.3969	16.227
9526.7039	109.3978	-121.709
9595.7383	109.3999	101.976
9665.2730	109.3992	-32.726
9735.3115	109.4018	-165.756
9805.8576	109.4026	62.842
9876.9149	109.4055	-66.901
9948.4871	109.4094	165.042
10020.5779	109.4160	38.669
10093.1912	109.4146	-86.007
10166.3306	109.4217	151.019
10240.0000	109.4224	29.796
10314.2033	109.4238	-89.703
10388.9442	109.4318	152.556
10464.2268	109.4291	36.560
10540.0549	109.4360	-77.640
10616.4325	109.4328	169.932
10693.3635	109.4407	59.313
10770.8521	109.4386	-49.532
10848.9021	109.4397	-156.533
10927.5177	109.4379	98.314
11006.7030	109.4399	-5.018
11086.4621	109.4402	-106.480
11166.7992	109.4378	153.949
11247.7184	109.4374	56.255
11329.2240	109.4368	-39.544
11411.3202	109.4356	-133.447
11494.0114	109.4346	134.607
11577.3017	109.4354	44.613
11661.1956	109.4371	-43.446
11745.6975	109.4364	-129.532
11830.8116	109.4397	146.368
11916.5426	109.4385	64.280
12002.8947	109.4435	-15.792
12089.8727	109.4465	-93.826
12177.4809	109.4508	-169.820
12265.7239	109.4549	116.252
12354.6064	109.4589	44.392
12444.1330	109.4643	-25.368
12534.3083	109.4662	-92.987
12625.1370	109.4713	-158.503
12716.6240	109.4728	138.140
12808.7739	109.4756	76.898
12901.5916	109.4759	17.860
12995.0818	109.4762	-38.993
13089.2495	109.4753	-93.656
13184.0996	109.4751	-146.101
13279.6370	109.4734	163.683
13375.8668	109.4664	115.704
13472.7938	109.4637	69.987
13570.4232	109.4574	26.554
13668.7601	109.4554	-14.586
13767.8096	109.4495	-53.435
13867.5768	109.4435	-89.933
13968.0670	109.4379	-124.151
14069.2853	109.4317	-155.933
14171.2372	109.4317	174.626
14273.9278	109.4255	147.566
14377.3626	109.4242	122.954
14481.5469	109.4241	100.751
14586.4861	109.4216	81.011
14692.1858	109.4195	63.749
14798.6515	109.4222	49.008
14905.8886	109.4193	36.712
15013.9028	109.4195	26.981
15122.6997	109.4173	19.772
15232.2851	109.4210	15.136
15342.6645	109.4194	13.079
15453.8437	109.4076	13.621
15565.8287	109.4101	16.736
15678.6251	109.4064	22.563
15792.2389	109.4058	31.010
15906.6759	109.3998	42.114
16021.9423	109.3940	55.885
16138.0439	109.3861	72.318
16254.9868	109.3881	91.529
16372.7771	109.3815	113.485
16491.4210	109.3782	138.198
16610.9246	109.3769	165.704
16731.2942	109.3831	-163.989
16852.5361	109.3823	-130.876
16974.6565	109.3857	-94.893
17097.6619	109.3925	-55.997
17221.5586	109.3948	-14.259
17346.3531	109.4011	30.410
17472.0519	109.4079	78.028
17598.6616	109.4102	128.581
17726.1888	109.4168	-177.845
17854.6400	109.4205	-121.329
17984.0221	109.4201	-61.745
18114.3418	109.4159	0.828
18245.6057	109.4214	66.475
18377.8209	109.4122	135.192
18510.9942	109.4142	-152.949
18645.1325	109.4121	-78.041
18780.2428	109.4202	0.027
18916.3322	109.4092	81.362
19053.4077	109.4050	165.781
19191.4766	109.4011	-106.562
19330.5459	109.4042	-15.662
19470.6230	109.4105	78.514
19611.7152	109.4106	176.019
19753.8298	109.4083	-83.194
19896.9742	109.4090	20.971
