* Helix DSP Ultra S, output layer - two steps up from zero (nominally 11.25 deg).
* ELECTRICAL loop, no microphone: Scarlett 2i2 out L -> Helix line in,
* Helix line out -> Scarlett in 1; out R -> in 2 direct as the timing
* reference, timing offset 0. Everything else in the channel off; no gain,
* level or routing changed within a set, so the ratio to the set's reference
* is the filter alone.
* REW V5.40 beta 134 measurement #86 'p2_step2_lp5000_byp 11.25', 2026-Sep-02 12:24:31, 512k sweep, 1 average, 96 kHz,
* 20 Hz - 20 kHz, loopback timing reference. SNR 46.9 dB, delay -8.9936 ms.
* Levels are REW's electrical dB (splOffset 120.00); only ratios within a set carry meaning.
* frequency_Hz<TAB>dB<TAB>phase_deg - REW's UNSMOOTHED raw spectrum (linear bins) resampled to 1/96 octave by complex averaging within each cell,
* with the measurement's own delay removed before averaging and restored after, so the cell average carries no rotation loss.
20.0000	106.5264	130.267
20.1449	106.5264	130.736
20.2909	106.5505	130.802
20.4379	106.5859	130.697
20.5860	106.5964	130.973
20.7352	106.6165	131.071
20.8855	106.6354	131.204
21.0368	106.6557	131.278
21.1893	106.6813	131.259
21.3428	106.6937	131.491
21.4975	106.7125	131.596
21.6532	106.7259	131.825
21.8102	106.7497	131.803
21.9682	106.7691	131.898
22.1274	106.7864	132.012
22.2877	106.8105	131.991
22.4492	106.8223	132.234
22.6119	106.8401	132.353
22.7758	106.8503	132.653
22.9408	106.8753	132.618
23.1071	106.8894	132.845
23.2745	106.9109	132.921
23.4432	106.9284	133.098
23.6130	106.9472	133.265
23.7841	106.9678	133.408
23.9565	106.9842	133.648
24.1301	107.0073	133.770
24.3049	107.0216	134.063
24.4811	107.0463	134.172
24.6585	107.0587	134.504
24.8372	107.0837	134.605
25.0171	107.0944	134.963
25.1984	107.1182	135.064
25.3810	107.1277	135.439
25.5649	107.1492	135.552
25.7502	107.1579	135.935
25.9368	107.1770	136.074
26.1247	107.1857	136.458
26.3141	107.2029	136.635
26.5047	107.2126	137.010
26.6968	107.2288	137.233
26.8903	107.2401	137.589
27.0851	107.2554	137.862
27.2814	107.2687	138.186
27.4791	107.2823	138.514
27.6782	107.2973	138.799
27.8788	107.3082	139.191
28.0808	107.3245	139.434
28.2843	107.3323	139.901
28.4892	107.3545	139.985
28.6957	107.3622	140.455
28.9036	107.3762	140.775
29.1131	107.3873	141.188
29.3240	107.3985	141.607
29.5365	107.4135	141.954
29.7506	107.4214	142.469
29.9661	107.4440	142.652
30.1833	107.4527	143.139
30.4020	107.4648	143.552
30.6223	107.4762	143.953
30.8442	107.4833	144.481
31.0677	107.5003	144.717
31.2929	107.5078	145.231
31.5196	107.5170	145.705
31.7480	107.5340	145.977
31.9781	107.5393	146.572
32.2098	107.5508	147.007
32.4432	107.5601	147.489
32.6783	107.5667	148.062
32.9151	107.5810	148.376
33.1536	107.5881	148.917
33.3939	107.5945	149.493
33.6359	107.6083	149.863
33.8796	107.6162	150.448
34.1251	107.6236	151.051
34.3724	107.6403	151.463
34.6215	107.6495	152.060
34.8723	107.6574	152.695
35.1250	107.6737	153.126
35.3796	107.6825	153.715
35.6359	107.6882	154.395
35.8942	107.7006	154.854
36.1543	107.7115	155.330
36.4163	107.7159	156.020
36.6802	107.7215	156.676
36.9460	107.7311	157.188
37.2137	107.7372	157.843
37.4834	107.7409	158.587
37.7550	107.7511	159.129
38.0286	107.7619	159.681
38.3041	107.7684	160.376
38.5817	107.7729	161.141
38.8613	107.7839	161.719
39.1429	107.7948	162.311
39.4265	107.8054	162.917
39.7122	107.8100	163.708
40.0000	107.8158	164.470
40.2899	107.8260	165.111
40.5818	107.8356	165.761
40.8759	107.8441	166.421
41.1721	107.8472	167.257
41.4704	107.8513	168.059
41.7710	107.8577	168.753
42.0736	107.8639	169.463
42.3785	107.8709	170.187
42.6856	107.8753	171.034
42.9949	107.8788	171.920
43.3065	107.8873	172.665
43.6203	107.8956	173.416
43.9364	107.9031	174.176
44.2548	107.9096	174.950
44.5755	107.9155	175.741
44.8985	107.9212	176.549
45.2238	107.9240	177.490
45.5515	107.9269	178.435
45.8816	107.9327	179.280
46.2141	107.9388	-179.863
46.5490	107.9451	-178.996
46.8863	107.9514	-178.120
47.2261	107.9578	-177.234
47.5683	107.9643	-176.339
47.9130	107.9710	-175.434
48.2602	107.9780	-174.520
48.6099	107.9849	-173.600
48.9621	107.9913	-172.672
49.3169	107.9969	-171.736
49.6743	108.0017	-170.786
50.0343	108.0061	-169.822
50.3968	108.0107	-168.842
50.7620	108.0158	-167.851
51.1299	108.0211	-166.851
51.5004	108.0259	-165.843
51.8736	108.0296	-164.821
52.2495	108.0327	-163.780
52.6281	108.0364	-162.717
53.0095	108.0415	-161.641
53.3936	108.0478	-160.560
53.7805	108.0541	-159.480
54.1702	108.0589	-158.400
54.5628	108.0616	-157.308
54.9581	108.0633	-156.194
55.3564	108.0660	-155.058
55.7575	108.0708	-153.909
56.1616	108.0773	-152.759
56.5685	108.0858	-151.701
56.9785	108.0897	-150.633
57.3914	108.0898	-149.448
57.8072	108.0903	-148.232
58.2261	108.0930	-146.993
58.6481	108.0979	-145.745
59.0730	108.1040	-144.497
59.5011	108.1121	-143.326
59.9323	108.1171	-142.154
60.3666	108.1186	-140.893
60.8040	108.1194	-139.614
61.2446	108.1202	-138.315
61.6884	108.1230	-137.059
62.1355	108.1279	-135.792
62.5857	108.1315	-134.462
63.0392	108.1344	-133.126
63.4960	108.1365	-131.840
63.9562	108.1383	-130.524
64.4196	108.1411	-129.133
64.8864	108.1454	-127.734
65.3566	108.1519	-126.402
65.8302	108.1554	-125.069
66.3073	108.1555	-123.647
66.7877	108.1559	-122.247
67.2717	108.1593	-120.818
67.7592	108.1636	-119.333
68.2502	108.1709	-117.894
68.7448	108.1774	-116.450
69.2429	108.1810	-114.943
69.7447	108.1849	-113.479
70.2501	108.1868	-112.000
70.7591	108.1869	-110.449
71.2719	108.1875	-108.920
71.7884	108.1905	-107.377
72.3086	108.1952	-105.843
72.8325	108.1979	-104.313
73.3603	108.1973	-102.763
73.8919	108.1970	-101.179
74.4274	108.1988	-99.528
74.9667	108.2039	-97.914
75.5099	108.2085	-96.299
76.0571	108.2102	-94.662
76.6083	108.2117	-92.989
77.1634	108.2157	-91.290
77.7226	108.2226	-89.634
78.2858	108.2256	-87.945
78.8531	108.2260	-86.243
79.4245	108.2259	-84.523
80.0000	108.2266	-82.780
80.5797	108.2285	-81.017
81.1636	108.2323	-79.232
81.7518	108.2386	-77.473
82.3442	108.2415	-75.672
82.9409	108.2407	-73.849
83.5419	108.2386	-71.996
84.1473	108.2391	-70.115
84.7570	108.2446	-68.263
85.3712	108.2494	-66.389
85.9899	108.2523	-64.504
86.6130	108.2547	-62.629
87.2406	108.2575	-60.729
87.8728	108.2594	-58.785
88.5096	108.2605	-56.829
89.1509	108.2610	-54.890
89.7970	108.2605	-52.922
90.4477	108.2596	-50.892
91.1031	108.2593	-48.830
91.7633	108.2613	-46.768
92.4282	108.2656	-44.719
93.0980	108.2692	-42.694
93.7726	108.2702	-40.628
94.4521	108.2708	-38.533
95.1366	108.2736	-36.435
95.8260	108.2776	-34.315
96.5204	108.2782	-32.172
97.2198	108.2777	-29.995
97.9243	108.2804	-27.814
98.6339	108.2829	-25.642
99.3486	108.2838	-23.436
100.0685	108.2878	-21.182
100.7937	108.2939	-18.915
101.5241	108.2969	-16.643
102.2598	108.2969	-14.351
103.0008	108.2972	-12.044
103.7472	108.2984	-9.724
104.4990	108.3002	-7.385
105.2562	108.3017	-5.024
106.0189	108.3021	-2.639
106.7872	108.3027	-0.233
107.5610	108.3039	2.176
108.3404	108.3031	4.593
109.1255	108.3018	7.039
109.9163	108.3061	9.520
110.7128	108.3087	12.018
111.5151	108.3079	14.540
112.3231	108.3081	17.083
113.1371	108.3073	19.602
113.9569	108.3067	22.168
114.7827	108.3127	24.781
115.6145	108.3185	27.388
116.4523	108.3187	30.011
117.2961	108.3198	32.672
118.1461	108.3215	35.343
119.0022	108.3214	38.009
119.8646	108.3220	40.720
120.7332	108.3238	43.479
121.6080	108.3257	46.244
122.4893	108.3270	49.017
123.3769	108.3269	51.793
124.2709	108.3266	54.609
125.1714	108.3304	57.454
126.0785	108.3333	60.304
126.9921	108.3347	63.179
127.9123	108.3373	66.069
128.8392	108.3367	68.999
129.7728	108.3391	71.984
130.7132	108.3422	74.947
131.6604	108.3378	77.929
132.6145	108.3372	80.966
133.5755	108.3378	83.984
134.5434	108.3362	87.065
135.5184	108.3420	90.157
136.5004	108.3480	93.222
137.4895	108.3496	96.356
138.4858	108.3472	99.550
139.4894	108.3450	102.751
140.5002	108.3408	105.889
141.5183	108.3366	109.096
142.5438	108.3436	112.383
143.5767	108.3562	115.670
144.6171	108.3554	118.975
145.6651	108.3524	122.323
146.7206	108.3501	125.660
147.7838	108.3515	129.045
148.8547	108.3545	132.433
149.9334	108.3509	135.871
151.0199	108.3540	139.341
152.1142	108.3545	142.810
153.2165	108.3599	146.344
154.3268	108.3652	149.835
155.4451	108.3585	153.416
156.5715	108.3661	157.016
157.7061	108.3635	160.600
158.8489	108.3625	164.244
160.0000	108.3577	167.908
161.1594	108.3614	171.641
162.3273	108.3691	175.328
163.5035	108.3673	179.080
164.6884	108.3685	-177.104
165.8818	108.3695	-173.294
167.0838	108.3698	-169.477
168.2946	108.3748	-165.632
169.5141	108.3726	-161.765
170.7425	108.3687	-157.797
171.9797	108.3721	-153.844
173.2260	108.3749	-149.859
174.4812	108.3773	-145.844
175.7456	108.3771	-141.785
177.0191	108.3763	-137.732
178.3019	108.3723	-133.612
179.5939	108.3797	-129.505
180.8953	108.3751	-125.355
182.2062	108.3717	-121.156
183.5265	108.3603	-116.850
184.8564	108.3788	-112.609
186.1960	108.3770	-108.398
187.5452	108.3803	-104.061
188.9043	108.3808	-99.704
190.2731	108.3794	-95.312
191.6519	108.3835	-90.901
193.0407	108.3801	-86.462
194.4396	108.3812	-81.954
195.8486	108.3861	-77.427
197.2678	108.3900	-72.918
198.6972	108.3927	-68.281
200.1371	108.3895	-63.673
201.5874	108.3838	-59.045
203.0482	108.3841	-54.362
204.5195	108.3928	-49.616
206.0016	108.3899	-44.864
207.4943	108.3903	-40.079
208.9979	108.3926	-35.258
210.5124	108.3900	-30.394
212.0379	108.3901	-25.508
213.5744	108.3942	-20.579
215.1220	108.3958	-15.606
216.6809	108.3932	-10.573
218.2510	108.3942	-5.534
219.8326	108.3929	-0.484
221.4256	108.3997	4.628
223.0301	108.3924	9.771
224.6463	108.3881	15.001
226.2742	108.3983	20.281
227.9138	108.3950	25.470
229.5654	108.3988	30.805
231.2289	108.3982	36.109
232.9045	108.4011	41.547
234.5922	108.3974	46.994
236.2922	108.3992	52.439
238.0045	108.4049	57.979
239.7291	108.4020	63.511
241.4663	108.3993	69.075
243.2161	108.4065	74.675
244.9785	108.4061	80.421
246.7537	108.4025	86.103
248.5418	108.4047	91.866
250.3428	108.4052	97.681
252.1569	108.4103	103.442
253.9842	108.4068	109.395
255.8246	108.4140	115.287
257.6785	108.4105	121.299
259.5457	108.4065	127.267
261.4265	108.4016	133.263
263.3209	108.4048	139.492
265.2290	108.4263	145.600
267.1510	108.4815	151.953
269.0869	108.4351	157.929
271.0368	108.3917	164.396
273.0008	108.4229	170.663
274.9791	108.4066	177.094
276.9717	108.4070	-176.531
278.9788	108.4156	-170.049
281.0003	108.4170	-163.542
283.0366	108.4172	-156.940
285.0876	108.4133	-150.394
287.1535	108.4149	-143.731
289.2343	108.4150	-137.045
291.3302	108.4167	-130.245
293.4413	108.4191	-123.395
295.5677	108.4185	-116.551
297.7095	108.4197	-109.656
299.8668	108.4162	-102.702
302.0398	108.4129	-95.689
304.2285	108.4138	-88.655
306.4330	108.4147	-81.541
308.6536	108.4139	-74.372
310.8902	108.4091	-67.127
313.1431	108.4183	-59.858
315.4122	108.4251	-52.574
317.6978	108.4249	-45.189
320.0000	108.4212	-37.722
322.3189	108.4212	-30.228
324.6545	108.4220	-22.718
327.0071	108.4235	-15.091
329.3767	108.4239	-7.451
331.7635	108.4225	0.260
334.1676	108.4221	8.054
336.5891	108.4262	15.851
339.0282	108.4236	23.719
341.4849	108.4237	31.671
343.9595	108.4217	39.666
346.4519	108.4255	47.672
348.9625	108.4222	55.790
351.4912	108.4246	63.955
354.0383	108.4248	72.204
356.6038	108.4266	80.499
359.1879	108.4303	88.888
361.7907	108.4286	97.264
364.4124	108.4261	105.704
367.0530	108.4367	114.258
369.7129	108.4315	122.865
372.3920	108.4295	131.518
375.0905	108.4269	140.230
377.8085	108.4277	149.009
380.5463	108.4326	157.902
383.3039	108.4287	166.800
386.0814	108.4284	175.773
388.8792	108.4273	-175.174
391.6971	108.4321	-166.093
394.5355	108.4321	-156.894
397.3945	108.4295	-147.641
400.2742	108.4283	-138.309
403.1747	108.4320	-128.954
406.0963	108.4310	-119.521
409.0390	108.4348	-109.976
412.0031	108.4362	-100.421
414.9887	108.4364	-90.763
417.9958	108.4361	-81.050
421.0248	108.4359	-71.244
424.0757	108.4387	-61.377
427.1488	108.4372	-51.425
430.2440	108.4335	-41.431
433.3618	108.4381	-31.315
436.5021	108.4324	-21.174
439.6652	108.4384	-10.928
442.8512	108.4401	-0.647
446.0602	108.4370	9.746
449.2926	108.4343	20.201
452.5483	108.4368	30.762
455.8277	108.4405	41.353
459.1308	108.4444	52.086
462.4579	108.4363	62.817
465.8090	108.4437	73.630
469.1845	108.4422	84.590
472.5844	108.4434	95.589
476.0089	108.4391	106.643
479.4583	108.4429	117.823
482.9326	108.4427	129.058
486.4321	108.4404	140.377
489.9570	108.4411	151.804
493.5075	108.4442	163.282
497.0836	108.4466	174.905
500.6857	108.4436	-173.477
504.3139	108.4444	-161.714
507.9683	108.4476	-149.915
511.6493	108.4423	-137.985
515.3569	108.4447	-125.995
519.0914	108.4475	-113.922
522.8529	108.4466	-101.739
526.6418	108.4439	-89.454
530.4580	108.4423	-77.134
534.3019	108.4437	-64.592
538.1737	108.4424	-52.080
542.0735	108.4483	-39.486
546.0016	108.4467	-26.770
549.9582	108.4403	-13.986
553.9434	108.4503	-1.058
557.9575	108.4493	11.933
562.0007	108.4489	25.017
566.0732	108.4453	38.204
570.1752	108.4541	51.517
574.3069	108.4503	64.901
578.4686	108.4497	78.349
582.6604	108.4532	91.937
586.8826	108.4496	105.655
591.1354	108.4540	119.385
595.4190	108.4484	133.263
599.7336	108.4503	147.209
604.0796	108.4491	161.332
608.4570	108.4538	175.483
612.8661	108.4531	-170.237
617.3072	108.4571	-155.822
621.7804	108.4538	-141.371
626.2861	108.4568	-126.755
630.8244	108.4545	-112.064
635.3957	108.4511	-97.252
640.0000	108.4554	-82.351
644.6377	108.4631	-67.337
649.3090	108.4568	-52.187
654.0142	108.4506	-36.931
658.7534	108.4530	-21.555
663.5270	108.4598	-6.124
668.3352	108.4556	9.438
673.1783	108.4589	25.099
678.0564	108.4572	40.922
682.9699	108.4546	56.838
687.9189	108.4610	72.874
692.9039	108.4590	89.029
697.9249	108.4608	105.328
702.9824	108.4608	121.690
708.0765	108.4587	138.197
713.2075	108.4611	154.825
718.3757	108.4640	171.540
723.5814	108.4639	-171.587
728.8247	108.4593	-154.574
734.1061	108.4588	-137.489
739.4257	108.4607	-120.228
744.7839	108.4612	-102.870
750.1809	108.4639	-85.412
755.6170	108.4608	-67.764
761.0926	108.4578	-50.028
766.6077	108.4611	-32.162
772.1629	108.4640	-14.156
777.7583	108.4654	3.968
783.3943	108.4673	22.245
789.0711	108.4673	40.632
794.7890	108.4635	59.147
800.5484	108.4598	77.864
806.3495	108.4653	96.611
812.1926	108.4638	115.569
818.0781	108.4650	134.646
824.0062	108.4697	153.856
829.9773	108.4672	173.202
835.9917	108.4686	-167.290
842.0496	108.4714	-147.664
848.1515	108.4679	-127.896
854.2975	108.4689	-107.991
860.4881	108.4686	-87.897
866.7236	108.4679	-67.724
873.0042	108.4695	-47.348
879.3303	108.4692	-26.832
885.7023	108.4687	-6.198
892.1205	108.4685	14.623
898.5852	108.4717	35.566
905.0967	108.4735	56.676
911.6554	108.4700	77.907
918.2616	108.4755	99.325
924.9157	108.4729	120.930
931.6180	108.4682	142.604
938.3689	108.4738	164.510
945.1687	108.4706	-173.436
952.0178	108.4702	-151.242
958.9165	108.4671	-128.907
965.8652	108.4730	-106.363
972.8643	108.4711	-83.680
979.9141	108.4708	-60.811
987.0149	108.4714	-37.838
994.1672	108.4714	-14.628
1001.3714	108.4716	8.701
1008.6277	108.4736	32.262
1015.9367	108.4753	55.945
1023.2986	108.4763	79.807
1030.7138	108.4724	103.850
1038.1828	108.4743	128.040
1045.7059	108.4718	152.442
1053.2835	108.4738	177.021
1060.9160	108.4757	-158.204
1068.6039	108.4745	-133.305
1076.3474	108.4804	-108.225
1084.1471	108.4720	-82.888
1092.0032	108.4714	-57.451
1099.9164	108.4765	-31.810
1107.8868	108.4729	-5.964
1115.9150	108.4740	20.040
1124.0014	108.4781	46.270
1132.1464	108.4738	72.688
1140.3504	108.4746	99.271
1148.6138	108.4742	126.050
1156.9371	108.4774	153.076
1165.3208	108.4751	-179.794
1173.7652	108.4709	-152.396
1182.2708	108.4719	-124.843
1190.8380	108.4734	-97.038
1199.4673	108.4795	-69.051
1208.1591	108.4750	-40.895
1216.9139	108.4716	-12.487
1225.7322	108.4746	16.077
1234.6144	108.4737	44.897
1243.5609	108.4712	73.879
1252.5722	108.4727	103.121
1261.6489	108.4719	132.564
1270.7913	108.4728	162.213
1280.0000	108.4706	-167.959
1289.2754	108.4748	-137.873
1298.6180	108.4765	-107.590
1308.0284	108.4681	-77.083
1317.5069	108.4756	-46.333
1327.0541	108.4740	-15.426
1336.6704	108.4688	15.785
1346.3565	108.4646	47.227
1356.1128	108.4682	78.816
1365.9397	108.4721	110.704
1375.8379	108.4715	142.790
1385.8078	108.4661	175.098
1395.8499	108.4753	-152.353
1405.9648	108.4659	-119.522
1416.1530	108.4639	-86.484
1426.4150	108.4677	-53.256
1436.7514	108.4630	-19.707
1447.1627	108.4645	14.040
1457.6495	108.4667	48.027
1468.2122	108.4642	82.301
1478.8515	108.4665	116.765
1489.5678	108.4627	151.508
1500.3618	108.4626	-173.475
1511.2341	108.4642	-138.201
1522.1851	108.4579	-102.723
1533.2155	108.4626	-66.952
1544.3258	108.4614	-30.943
1555.5166	108.4630	5.357
1566.7885	108.4597	41.919
1578.1421	108.4592	78.758
1589.5780	108.4551	115.819
1601.0967	108.4557	153.136
1612.6989	108.4535	-169.218
1624.3852	108.4569	-131.298
1636.1562	108.4550	-93.186
1648.0125	108.4578	-54.736
1659.9546	108.4479	-16.038
1671.9833	108.4466	22.985
1684.0992	108.4481	62.264
1696.3029	108.4474	101.836
1708.5950	108.4487	141.679
1720.9762	108.4417	-178.168
1733.4471	108.4475	-137.733
1746.0084	108.4458	-96.990
1758.6607	108.4442	-55.969
1771.4046	108.4384	-14.664
1784.2410	108.4448	26.988
1797.1703	108.4411	68.880
1810.1934	108.4392	111.093
1823.3108	108.4397	153.645
1836.5232	108.4416	-163.517
1849.8314	108.4351	-120.358
1863.2361	108.4363	-76.906
1876.7379	108.4334	-33.123
1890.3375	108.4328	10.953
1904.0356	108.4350	55.369
1917.8331	108.4301	100.102
1931.7305	108.4295	145.182
1945.7286	108.4320	-169.454
1959.8281	108.4277	-123.724
1974.0299	108.4324	-77.682
1988.3345	108.4217	-31.301
2002.7428	108.4241	15.433
2017.2555	108.4174	62.447
2031.8733	108.4226	109.853
2046.5971	108.4248	157.600
2061.4276	108.4231	-154.318
2076.3656	108.4183	-105.870
2091.4118	108.4181	-57.099
2106.5670	108.4173	-7.986
2121.8321	108.4168	41.519
2137.2077	108.4176	91.370
2152.6948	108.4125	141.578
2168.2941	108.4137	-167.854
2184.0065	108.4134	-116.911
2199.8327	108.4115	-65.601
2215.7736	108.4097	-13.900
2231.8300	108.4131	38.153
2248.0028	108.4120	90.548
2264.2927	108.4062	143.376
2280.7007	108.4065	-163.417
2297.2276	108.4087	-109.835
2313.8743	108.4075	-55.875
2330.6416	108.4100	-1.516
2347.5304	108.4065	53.241
2364.5415	108.4023	108.376
2381.6760	108.4047	163.920
2398.9346	108.4035	-140.088
2416.3182	108.4029	-83.724
2433.8279	108.4008	-26.964
2451.4644	108.4028	30.214
2469.2287	108.4035	87.801
2487.1218	108.4064	145.800
2505.1445	108.4016	-155.759
2523.2978	108.4049	-96.895
2541.5826	108.4014	-37.606
2560.0000	108.4020	22.078
2578.5508	108.4009	82.232
2597.2361	108.4049	142.810
2616.0567	108.4065	-156.192
2635.0137	108.4020	-94.719
2654.1081	108.4017	-32.794
2673.3409	108.4032	29.521
2692.7130	108.4045	92.361
2712.2255	108.4045	155.639
2731.8794	108.4021	-140.660
2751.6758	108.4061	-76.459
2771.6155	108.4108	-11.816
2791.6998	108.4027	53.286
2811.9296	108.4086	118.898
2832.3060	108.4078	-175.064
2852.8301	108.4103	-108.508
2873.5028	108.4133	-41.464
2894.3254	108.4092	26.039
2915.2989	108.4126	94.040
2936.4244	108.4117	162.526
2957.7029	108.4141	-128.460
2979.1356	108.4150	-58.985
3000.7237	108.4153	11.003
3022.4682	108.4139	81.516
3044.3702	108.4157	152.515
3066.4310	108.4229	-135.964
3088.6516	108.4201	-63.889
3111.0332	108.4244	8.691
3133.5771	108.4209	81.771
3156.2843	108.4250	155.401
3179.1560	108.4271	-130.432
3202.1935	108.4282	-55.733
3225.3979	108.4243	19.507
3248.7705	108.4273	95.283
3272.3124	108.4326	171.614
3296.0249	108.4314	-111.471
3319.9093	108.4352	-34.021
3343.9667	108.4348	43.967
3368.1985	108.4369	122.558
3392.6058	108.4339	-158.284
3417.1900	108.4338	-78.596
3441.9524	108.4381	1.728
3466.8942	108.4377	82.594
3492.0167	108.4412	164.070
3517.3213	108.4367	-113.876
3542.8093	108.4406	-31.256
3568.4820	108.4387	52.025
3594.3406	108.4388	135.868
3620.3867	108.4459	-139.666
3646.6215	108.4423	-54.582
3673.0465	108.4400	31.080
3699.6629	108.4462	117.395
3726.4721	108.4402	-155.665
3753.4757	108.4388	-68.115
3780.6749	108.4434	20.067
3808.0713	108.4466	108.934
3835.6661	108.4440	-161.561
3863.4609	108.4415	-71.449
3891.4572	108.4414	19.326
3919.6563	108.4372	110.786
3948.0597	108.4397	-157.128
3976.6690	108.4399	-64.352
4005.4856	108.4366	29.088
4034.5110	108.4416	123.205
4063.7467	108.4331	-142.002
4093.1943	108.4363	-46.537
4122.8552	108.4353	49.660
4152.7312	108.4368	146.511
4182.8236	108.4355	-115.916
4213.1340	108.4334	-17.640
4243.6641	108.4315	81.347
4274.4155	108.4323	-178.944
4305.3896	108.4289	-78.512
4336.5883	108.4275	22.622
4368.0130	108.4270	124.490
4399.6654	108.4246	-132.858
4431.5472	108.4245	-29.494
4463.6600	108.4271	74.598
4496.0055	108.4226	179.473
4528.5854	108.4233	-74.909
4561.4014	108.4209	31.472
4594.4552	108.4209	138.631
4627.7485	108.4194	-113.413
4661.2831	108.4208	-4.717
4695.0607	108.4231	104.779
4729.0830	108.4209	-144.927
4763.3519	108.4210	-33.819
4797.8691	108.4246	78.066
4832.6365	108.4248	-169.222
4867.6558	108.4245	-55.708
4902.9288	108.4261	58.639
4938.4574	108.4250	173.792
4974.2435	108.4302	-70.170
5010.2890	108.4263	46.654
5046.5956	108.4312	164.357
5083.1653	108.4323	-77.110
5120.0000	108.4368	42.318
5157.1016	108.4361	162.591
5194.4721	108.4394	-76.290
5232.1134	108.4407	45.731
5270.0275	108.4449	168.653
5308.2162	108.4472	-67.566
5346.6818	108.4518	57.161
5385.4260	108.4545	-177.241
5424.4510	108.4550	-50.734
5463.7589	108.4605	76.678
5503.3515	108.4654	-154.957
5543.2311	108.4677	-25.659
5583.3996	108.4699	104.545
5623.8592	108.4769	-124.267
5664.6120	108.4771	7.836
5705.6601	108.4781	140.931
5747.0057	108.4818	-85.039
5788.6509	108.4834	49.988
5830.5978	108.4881	-174.017
5872.8487	108.4907	-37.050
5915.4058	108.4937	100.923
5958.2713	108.4954	-120.090
6001.4474	108.4943	19.898
6044.9363	108.4945	160.877
6088.7404	108.4989	-57.112
6132.8620	108.4974	85.935
6177.3032	108.4991	-129.991
6222.0665	108.4981	15.138
6267.1541	108.4971	161.289
6312.5685	108.4964	-51.468
6358.3120	108.4970	96.818
6404.3869	108.4921	-113.815
6450.7958	108.4906	36.637
6497.5409	108.4884	-171.819
6544.6248	108.4858	-19.194
6592.0498	108.4838	134.548
6639.8185	108.4825	-70.615
6687.9334	108.4765	85.337
6736.3969	108.4739	-117.551
6785.2116	108.4722	40.672
6834.3801	108.4679	-159.969
6883.9048	108.4639	0.542
6933.7884	108.4604	162.236
6984.0335	108.4584	-34.919
7034.6427	108.4574	129.099
7085.6186	108.4512	-65.703
7136.9639	108.4531	100.695
7188.6813	108.4478	-91.687
7240.7734	108.4457	77.121
7293.2431	108.4452	-112.854
7346.0929	108.4416	58.441
7399.3257	108.4419	-129.069
7452.9443	108.4421	44.705
7506.9514	108.4417	-140.284
7561.3499	108.4414	36.010
7616.1425	108.4422	-146.449
7671.3322	108.4408	32.403
7726.9219	108.4412	-147.467
7782.9143	108.4440	33.987
7839.3125	108.4447	-143.236
7896.1194	108.4478	40.861
7953.3380	108.4495	-133.713
8010.9711	108.4479	53.064
8069.0219	108.4500	-118.814
8127.4934	108.4508	70.652
8186.3886	108.4478	-98.474
8245.7105	108.4505	93.758
8305.4623	108.4492	-72.595
8365.6471	108.4508	122.434
8426.2680	108.4487	-41.108
8487.3283	108.4506	156.768
8548.8309	108.4466	-3.913
8610.7793	108.4459	-163.200
8673.1765	108.4437	39.007
8736.0260	108.4400	-117.341
8799.3308	108.4359	87.785
8863.0944	108.4330	-65.615
8927.3200	108.4275	142.490
8992.0111	108.4270	-7.928
9057.1709	108.4206	-156.802
9122.8029	108.4152	55.829
9188.9105	108.4111	-90.009
9255.4971	108.4063	125.710
9322.5662	108.4043	-17.034
9390.1214	108.4011	-158.191
9458.1661	108.3954	62.219
9526.7039	108.3934	-75.782
9595.7383	108.3927	147.821
9665.2730	108.3890	13.035
9735.3115	108.3900	-120.111
9805.8576	108.3933	108.344
9876.9149	108.3908	-21.503
9948.4871	108.3956	-149.707
10020.5779	108.3960	83.777
10093.1912	108.3965	-41.075
10166.3306	108.4028	-164.174
10240.0000	108.4042	74.385
10314.2033	108.4101	-45.294
10388.9442	108.4197	-163.262
10464.2268	108.4218	80.555
10540.0549	108.4274	-33.894
10616.4325	108.4311	-146.536
10693.3635	108.4362	102.580
10770.8521	108.4362	-6.476
10848.9021	108.4410	-113.733
10927.5177	108.4403	140.829
11006.7030	108.4410	37.241
11086.4621	108.4458	-64.491
11166.7992	108.4478	-164.375
11247.7184	108.4447	97.607
11329.2240	108.4415	1.484
11411.3202	108.4407	-92.751
11494.0114	108.4406	174.946
11577.3017	108.4366	84.560
11661.1956	108.4375	-3.894
11745.6975	108.4347	-90.378
11830.8116	108.4372	-174.923
11916.5426	108.4329	102.542
12002.8947	108.4344	22.016
12089.8727	108.4385	-56.534
12177.4809	108.4391	-133.034
12265.7239	108.4409	152.497
12354.6064	108.4472	80.105
12444.1330	108.4535	9.796
12534.3083	108.4534	-58.408
12625.1370	108.4568	-124.548
12716.6240	108.4641	171.474
12808.7739	108.4685	109.628
12901.5916	108.4713	49.941
12995.0818	108.4724	-7.590
13089.2495	108.4732	-62.946
13184.0996	108.4712	-116.107
13279.6370	108.4707	-167.021
13375.8668	108.4697	144.284
13472.7938	108.4644	97.801
13570.4232	108.4607	53.588
13668.7601	108.4536	11.643
13767.8096	108.4451	-28.026
13867.5768	108.4400	-65.381
13968.0670	108.4323	-100.445
14069.2853	108.4261	-133.144
14171.2372	108.4214	-163.500
14273.9278	108.4156	168.492
14377.3626	108.4094	142.890
14481.5469	108.4079	119.714
14586.4861	108.4079	98.949
14692.1858	108.4041	80.624
14798.6515	108.4070	64.784
14905.8886	108.4075	51.427
15013.9028	108.4073	40.563
15122.6997	108.4096	32.271
15232.2851	108.4111	26.465
15342.6645	108.4070	23.244
15453.8437	108.4077	22.601
15565.8287	108.4041	24.524
15678.6251	108.3996	29.096
15792.2389	108.3937	36.263
15906.6759	108.3882	46.086
16021.9423	108.3873	58.548
16138.0439	108.3753	73.725
16254.9868	108.3726	91.596
16372.7771	108.3668	112.146
16491.4210	108.3643	135.454
16610.9246	108.3628	161.549
16731.2942	108.3677	-169.595
16852.5361	108.3679	-137.901
16974.6565	108.3732	-103.391
17097.6619	108.3819	-65.999
17221.5586	108.3880	-25.731
17346.3531	108.3932	17.439
17472.0519	108.3980	63.562
17598.6616	108.4034	112.639
17726.1888	108.4073	164.637
17854.6400	108.4090	-140.354
17984.0221	108.4079	-82.328
18114.3418	108.4064	-21.317
18245.6057	108.4069	42.756
18377.8209	108.4034	109.900
18510.9942	108.3962	-179.863
18645.1325	108.3945	-106.532
18780.2428	108.3963	-30.039
18916.3322	108.3969	49.608
19053.4077	108.3993	132.466
19191.4766	108.4008	-141.476
19330.5459	108.4062	-52.124
19470.6230	108.4044	40.482
19611.7152	108.4073	136.404
19753.8298	108.4065	-124.318
19896.9742	108.4077	-21.732
