* Helix DSP Ultra S, output layer - phase control at 0 - the set's reference; LPF 5000 Hz ACTIVE, LR 24 dB/oct.
* ELECTRICAL loop, no microphone: Scarlett 2i2 out L -> Helix line in,
* Helix line out -> Scarlett in 1; out R -> in 2 direct as the timing
* reference, timing offset 0. Everything else in the channel off; no gain,
* level or routing changed within a set, so the ratio to the set's reference
* is the filter alone.
* REW V5.40 beta 134 measurement #64 'k4_phase_0_lp5000_LR24', 2026-Sep-02 10:50:16, 512k sweep, 1 average, 96 kHz,
* 20 Hz - 20 kHz, loopback timing reference. SNR 37.8 dB, delay -8.8912 ms.
* Levels are REW's electrical dB (splOffset 120.00); only ratios within a set carry meaning.
* This capture carries an EXTRA first-order all-pass, an AP1 the operator left engaged at 8 kHz (measured corner 7611.6 Hz) from REW #55 to #67. It is present in this set's own reference as well, so it divides out of any ratio taken within the set; see README.
* frequency_Hz<TAB>dB<TAB>phase_deg - REW's UNSMOOTHED raw spectrum (linear bins) resampled to 1/96 octave by complex averaging within each cell,
* with the measurement's own delay removed before averaging and restored after, so the cell average carries no rotation loss.
20.0000	107.5552	129.207
20.1449	107.5552	129.671
20.2909	107.5790	129.719
20.4379	107.6140	129.590
20.5860	107.6242	129.855
20.7352	107.6437	129.938
20.8855	107.6620	130.056
21.0368	107.6816	130.119
21.1893	107.7064	130.087
21.3428	107.7185	130.314
21.4975	107.7370	130.414
21.6532	107.7502	130.637
21.8102	107.7740	130.616
21.9682	107.7934	130.710
22.1274	107.8109	130.825
22.2877	107.8353	130.807
22.4492	107.8473	131.050
22.6119	107.8652	131.171
22.7758	107.8756	131.469
22.9408	107.9008	131.439
23.1071	107.9150	131.666
23.2745	107.9366	131.743
23.4432	107.9541	131.918
23.6130	107.9727	132.080
23.7841	107.9931	132.218
23.9565	108.0089	132.446
24.1301	108.0313	132.557
24.3049	108.0446	132.837
24.4811	108.0676	132.929
24.6585	108.0788	133.250
24.8372	108.1013	133.335
25.0171	108.1110	133.685
25.1984	108.1325	133.775
25.3810	108.1414	134.144
25.5649	108.1617	134.252
25.7502	108.1705	134.630
25.9368	108.1898	134.764
26.1247	108.1991	135.141
26.3141	108.2175	135.312
26.5047	108.2279	135.679
26.6968	108.2452	135.893
26.8903	108.2570	136.240
27.0851	108.2728	136.504
27.2814	108.2863	136.824
27.4791	108.3001	137.146
27.6782	108.3154	137.430
27.8788	108.3266	137.817
28.0808	108.3437	138.058
28.2843	108.3518	138.519
28.4892	108.3753	138.591
28.6957	108.3830	139.048
28.9036	108.3970	139.350
29.1131	108.4070	139.746
29.3240	108.4173	140.147
29.5365	108.4301	140.479
29.7506	108.4369	140.982
29.9661	108.4566	141.159
30.1833	108.4650	141.643
30.4020	108.4768	142.054
30.6223	108.4895	142.452
30.8442	108.4974	142.976
31.0677	108.5178	143.202
31.2929	108.5265	143.703
31.5196	108.5372	144.163
31.7480	108.5548	144.417
31.9781	108.5599	145.004
32.2098	108.5707	145.433
32.4432	108.5794	145.917
32.6783	108.5855	146.488
32.9151	108.6002	146.820
33.1536	108.6084	147.362
33.3939	108.6156	147.937
33.6359	108.6317	148.300
33.8796	108.6398	148.867
34.1251	108.6475	149.453
34.3724	108.6620	149.830
34.6215	108.6688	150.407
34.8723	108.6747	151.023
35.1250	108.6861	151.438
35.3796	108.6929	152.021
35.6359	108.6974	152.695
35.8942	108.7095	153.156
36.1543	108.7226	153.628
36.4163	108.7283	154.308
36.6802	108.7356	154.952
36.9460	108.7474	155.446
37.2137	108.7538	156.090
37.4834	108.7578	156.821
37.7550	108.7676	157.363
38.0286	108.7781	157.924
38.3041	108.7852	158.622
38.5817	108.7900	159.386
38.8613	108.8026	159.967
39.1429	108.8144	160.544
39.4265	108.8240	161.124
39.7122	108.8270	161.896
40.0000	108.8310	162.637
40.2899	108.8367	163.257
40.5818	108.8427	163.900
40.8759	108.8506	164.560
41.1721	108.8547	165.387
41.4704	108.8603	166.181
41.7710	108.8709	166.856
42.0736	108.8811	167.533
42.3785	108.8900	168.219
42.6856	108.8943	169.044
42.9949	108.8978	169.911
43.3065	108.9049	170.641
43.6203	108.9121	171.389
43.9364	108.9196	172.154
44.2548	108.9272	172.930
44.5755	108.9345	173.716
44.8985	108.9414	174.513
45.2238	108.9446	175.440
45.5515	108.9480	176.371
45.8816	108.9544	177.198
46.2141	108.9607	178.033
46.5490	108.9666	178.874
46.8863	108.9715	179.723
47.2261	108.9752	-179.418
47.5683	108.9781	-178.542
47.9130	108.9810	-177.647
48.2602	108.9850	-176.735
48.6099	108.9907	-175.814
48.9621	108.9977	-174.887
49.3169	109.0052	-173.959
49.6743	109.0121	-173.026
50.0343	109.0181	-172.081
50.3968	109.0234	-171.119
50.7620	109.0285	-170.139
51.1299	109.0340	-169.143
51.5004	109.0397	-168.135
51.8736	109.0449	-167.118
52.2495	109.0494	-166.091
52.6281	109.0530	-165.052
53.0095	109.0563	-164.000
53.3936	109.0600	-162.935
53.7805	109.0643	-161.863
54.1702	109.0689	-160.786
54.5628	109.0733	-159.702
54.9581	109.0770	-158.609
55.3564	109.0802	-157.500
55.7575	109.0836	-156.374
56.1616	109.0876	-155.232
56.5685	109.0950	-154.156
56.9785	109.1023	-153.081
57.3914	109.1058	-151.923
57.8072	109.1080	-150.754
58.2261	109.1092	-149.568
58.6481	109.1105	-148.364
59.0730	109.1127	-147.143
59.5011	109.1182	-145.979
59.9323	109.1250	-144.809
60.3666	109.1291	-143.562
60.8040	109.1323	-142.302
61.2446	109.1347	-141.026
61.6884	109.1377	-139.790
62.1355	109.1415	-138.534
62.5857	109.1448	-137.212
63.0392	109.1480	-135.885
63.4960	109.1515	-134.619
63.9562	109.1536	-133.342
64.4196	109.1549	-131.982
64.8864	109.1569	-130.609
65.3566	109.1614	-129.285
65.8302	109.1661	-127.951
66.3073	109.1687	-126.543
66.7877	109.1721	-125.172
67.2717	109.1757	-123.780
67.7592	109.1781	-122.324
68.2502	109.1811	-120.909
68.7448	109.1832	-119.482
69.2429	109.1848	-117.989
69.7447	109.1886	-116.536
70.2501	109.1935	-115.081
70.7591	109.1967	-113.566
71.2719	109.2003	-112.097
71.7884	109.2025	-110.609
72.3086	109.2037	-109.091
72.8325	109.2049	-107.546
73.3603	109.2075	-105.977
73.8919	109.2117	-104.398
74.4274	109.2148	-102.774
74.9667	109.2181	-101.192
75.5099	109.2195	-99.596
76.0571	109.2201	-97.972
76.6083	109.2218	-96.326
77.1634	109.2253	-94.667
77.7226	109.2303	-93.051
78.2858	109.2323	-91.388
78.8531	109.2319	-89.705
79.4245	109.2313	-87.992
80.0000	109.2337	-86.250
80.5797	109.2388	-84.501
81.1636	109.2436	-82.754
81.7518	109.2463	-81.029
82.3442	109.2477	-79.234
82.9409	109.2510	-77.424
83.5419	109.2546	-75.615
84.1473	109.2562	-73.802
84.7570	109.2560	-72.005
85.3712	109.2559	-70.143
85.9899	109.2574	-68.257
86.6130	109.2618	-66.391
87.2406	109.2665	-64.530
87.8728	109.2678	-62.622
88.5096	109.2677	-60.685
89.1509	109.2699	-58.748
89.7970	109.2740	-56.797
90.4477	109.2764	-54.798
91.1031	109.2793	-52.779
91.7633	109.2835	-50.786
92.4282	109.2827	-48.795
93.0980	109.2792	-46.759
93.7726	109.2799	-44.668
94.4521	109.2834	-42.580
95.1366	109.2856	-40.524
95.8260	109.2863	-38.433
96.5204	109.2905	-36.319
97.2198	109.2960	-34.204
97.9243	109.3002	-32.072
98.6339	109.3027	-29.919
99.3486	109.3006	-27.741
100.0685	109.2956	-25.513
100.7937	109.2951	-23.257
101.5241	109.2987	-21.025
102.2598	109.3007	-18.801
103.0008	109.3026	-16.542
103.7472	109.3057	-14.249
104.4990	109.3070	-11.924
105.2562	109.3076	-9.559
106.0189	109.3117	-7.184
106.7872	109.3169	-4.832
107.5610	109.3178	-2.478
108.3404	109.3154	-0.073
109.1255	109.3150	2.378
109.9163	109.3185	4.828
110.7128	109.3193	7.272
111.5151	109.3184	9.730
112.3231	109.3200	12.217
113.1371	109.3247	14.701
113.9569	109.3260	17.224
114.7827	109.3254	19.812
115.6145	109.3265	22.417
116.4523	109.3287	24.996
117.2961	109.3296	27.589
118.1461	109.3313	30.233
119.0022	109.3319	32.867
119.8646	109.3277	35.536
120.7332	109.3272	38.266
121.6080	109.3330	40.975
122.4893	109.3364	43.685
123.3769	109.3382	46.467
124.2709	109.3444	49.271
125.1714	109.3438	52.052
126.0785	109.3390	54.887
126.9921	109.3429	57.730
127.9123	109.3427	60.560
128.8392	109.3417	63.479
129.7728	109.3484	66.399
130.7132	109.3474	69.303
131.6604	109.3475	72.269
132.6145	109.3533	75.229
133.5755	109.3532	78.200
134.5434	109.3519	81.240
135.5184	109.3503	84.308
136.5004	109.3536	87.378
137.4895	109.3557	90.455
138.4858	109.3543	93.580
139.4894	109.3526	96.708
140.5002	109.3466	99.864
141.5183	109.3489	103.085
142.5438	109.3572	106.308
143.5767	109.3629	109.547
144.6171	109.3651	112.807
145.6651	109.3641	116.079
146.7206	109.3662	119.362
147.7838	109.3653	122.676
148.8547	109.3656	126.053
149.9334	109.3662	129.433
151.0199	109.3661	132.823
152.1142	109.3656	136.244
153.2165	109.3638	139.732
154.3268	109.3668	143.240
155.4451	109.3701	146.716
156.5715	109.3703	150.260
157.7061	109.3742	153.857
158.8489	109.3724	157.465
160.0000	109.3754	161.086
161.1594	109.3713	164.684
162.3273	109.3665	168.400
163.5035	109.3744	172.085
164.6884	109.3779	175.777
165.8818	109.3803	179.547
167.0838	109.3807	-176.640
168.2946	109.3816	-172.821
169.5141	109.3849	-168.979
170.7425	109.3846	-165.116
171.9797	109.3766	-161.197
173.2260	109.3809	-157.266
174.4812	109.3873	-153.336
175.7456	109.3870	-149.376
177.0191	109.3807	-145.317
178.3019	109.3862	-141.269
179.5939	109.3882	-137.177
180.8953	109.3932	-133.106
182.2062	109.3833	-128.989
183.5265	109.3895	-124.790
184.8564	109.3870	-120.586
186.1960	109.3912	-116.335
187.5452	109.3871	-112.122
188.9043	109.3894	-107.809
190.2731	109.3884	-103.466
191.6519	109.3886	-99.076
193.0407	109.3975	-94.697
194.4396	109.3947	-90.302
195.8486	109.3963	-85.836
197.2678	109.3914	-81.376
198.6972	109.3899	-76.801
200.1371	109.3997	-72.211
201.5874	109.3983	-67.653
203.0482	109.3995	-63.050
204.5195	109.3969	-58.402
206.0016	109.3960	-53.733
207.4943	109.3925	-48.990
208.9979	109.3977	-44.203
210.5124	109.4057	-39.328
212.0379	109.4067	-34.532
213.5744	109.4057	-29.719
215.1220	109.4049	-24.817
216.6809	109.4043	-19.879
218.2510	109.3974	-14.924
219.8326	109.3970	-9.882
221.4256	109.4070	-4.811
223.0301	109.4043	0.271
224.6463	109.4129	5.362
226.2742	109.4156	10.497
227.9138	109.4143	15.766
229.5654	109.4113	21.000
231.2289	109.4050	26.255
232.9045	109.4061	31.597
234.5922	109.4116	36.928
236.2922	109.4144	42.313
238.0045	109.4075	47.750
239.7291	109.4104	53.202
241.4663	109.4093	58.787
243.2161	109.4124	64.300
244.9785	109.4151	69.913
246.7537	109.4121	75.596
248.5418	109.4131	81.238
250.3428	109.4199	86.945
252.1569	109.4134	92.692
253.9842	109.4103	98.546
255.8246	109.4103	104.349
257.6785	109.4215	110.274
259.5457	109.4208	116.205
261.4265	109.4080	122.183
263.3209	109.4162	128.207
265.2290	109.4139	134.244
267.1510	109.3702	140.584
269.0869	109.4076	146.665
271.0368	109.4101	152.663
273.0008	109.4276	158.997
274.9791	109.4109	165.257
276.9717	109.4283	171.627
278.9788	109.4209	177.969
281.0003	109.4275	-175.566
283.0366	109.4271	-169.075
285.0876	109.4191	-162.519
287.1535	109.4228	-155.973
289.2343	109.4242	-149.344
291.3302	109.4284	-142.672
293.4413	109.4257	-135.983
295.5677	109.4351	-129.208
297.7095	109.4243	-122.353
299.8668	109.4263	-115.498
302.0398	109.4238	-108.590
304.2285	109.4300	-101.643
306.4330	109.4324	-94.604
308.6536	109.4290	-87.534
310.8902	109.4231	-80.450
313.1431	109.4300	-73.206
315.4122	109.4292	-66.031
317.6978	109.4340	-58.715
320.0000	109.4346	-51.376
322.3189	109.4345	-44.017
324.6545	109.4327	-36.523
327.0071	109.4308	-29.071
329.3767	109.4379	-21.513
331.7635	109.4344	-13.889
334.1676	109.4314	-6.228
336.5891	109.4403	1.499
339.0282	109.4359	9.269
341.4849	109.4289	17.073
343.9595	109.4363	24.984
346.4519	109.4340	32.926
348.9625	109.4330	40.891
351.4912	109.4306	48.977
354.0383	109.4332	57.084
356.6038	109.4350	65.292
359.1879	109.4360	73.522
361.7907	109.4384	81.799
364.4124	109.4398	90.207
367.0530	109.4434	98.598
369.7129	109.4395	107.109
372.3920	109.4351	115.612
375.0905	109.4414	124.259
377.8085	109.4430	132.930
380.5463	109.4354	141.681
383.3039	109.4360	150.457
386.0814	109.4394	159.297
388.8792	109.4406	168.237
391.6971	109.4414	177.207
394.5355	109.4438	-173.743
397.3945	109.4438	-164.627
400.2742	109.4455	-155.411
403.1747	109.4430	-146.146
406.0963	109.4462	-136.825
409.0390	109.4435	-127.437
412.0031	109.4442	-117.967
414.9887	109.4410	-108.479
417.9958	109.4482	-98.867
421.0248	109.4440	-89.169
424.0757	109.4445	-79.452
427.1488	109.4483	-69.633
430.2440	109.4451	-59.762
433.3618	109.4472	-49.799
436.5021	109.4497	-39.795
439.6652	109.4477	-29.689
442.8512	109.4478	-19.508
446.0602	109.4492	-9.294
449.2926	109.4476	1.059
452.5483	109.4482	11.421
455.8277	109.4451	21.940
459.1308	109.4522	32.440
462.4579	109.4501	43.062
465.8090	109.4500	53.772
469.1845	109.4532	64.554
472.5844	109.4533	75.410
476.0089	109.4538	86.366
479.4583	109.4557	97.371
482.9326	109.4509	108.495
486.4321	109.4538	119.663
489.9570	109.4564	130.914
493.5075	109.4543	142.245
497.0836	109.4567	153.659
500.6857	109.4536	165.199
504.3139	109.4546	176.750
507.9683	109.4563	-171.559
511.6493	109.4544	-159.796
515.3569	109.4566	-147.963
519.0914	109.4541	-136.048
522.8529	109.4599	-124.054
526.6418	109.4565	-111.903
530.4580	109.4580	-99.743
534.3019	109.4591	-87.428
538.1737	109.4616	-75.083
542.0735	109.4575	-62.601
546.0016	109.4559	-50.048
549.9582	109.4642	-37.407
553.9434	109.4612	-24.697
557.9575	109.4551	-11.853
562.0007	109.4610	1.073
566.0732	109.4634	14.086
570.1752	109.4607	27.207
574.3069	109.4603	40.406
578.4686	109.4611	53.721
582.6604	109.4592	67.087
586.8826	109.4615	80.591
591.1354	109.4590	94.160
595.4190	109.4624	107.853
599.7336	109.4636	121.647
604.0796	109.4665	135.548
608.4570	109.4651	149.540
612.8661	109.4603	163.627
617.3072	109.4639	177.819
621.7804	109.4632	-167.921
626.2861	109.4653	-153.508
630.8244	109.4667	-138.972
635.3957	109.4646	-124.367
640.0000	109.4673	-109.669
644.6377	109.4714	-94.841
649.3090	109.4613	-79.890
654.0142	109.4662	-64.860
658.7534	109.4695	-49.702
663.5270	109.4639	-34.435
668.3352	109.4703	-19.084
673.1783	109.4704	-3.617
678.0564	109.4678	11.982
682.9699	109.4691	27.699
687.9189	109.4650	43.530
692.9039	109.4687	59.472
697.9249	109.4659	75.498
702.9824	109.4670	91.698
708.0765	109.4673	107.960
713.2075	109.4692	124.413
718.3757	109.4696	140.887
723.5814	109.4676	157.564
728.8247	109.4706	174.301
734.1061	109.4630	-168.806
739.4257	109.4668	-151.807
744.7839	109.4686	-134.660
750.1809	109.4690	-117.400
755.6170	109.4699	-100.038
761.0926	109.4696	-82.535
766.6077	109.4716	-64.894
772.1629	109.4725	-47.132
777.7583	109.4677	-29.221
783.3943	109.4690	-11.225
789.0711	109.4697	6.917
794.7890	109.4677	25.225
800.5484	109.4679	43.604
806.3495	109.4657	62.193
812.1926	109.4716	80.870
818.0781	109.4710	99.710
824.0062	109.4704	118.635
829.9773	109.4704	137.735
835.9917	109.4702	156.973
842.0496	109.4702	176.352
848.1515	109.4703	-164.137
854.2975	109.4652	-144.476
860.4881	109.4675	-124.701
866.7236	109.4663	-104.747
873.0042	109.4702	-84.674
879.3303	109.4636	-64.438
885.7023	109.4699	-44.054
892.1205	109.4665	-23.547
898.5852	109.4688	-2.861
905.0967	109.4718	17.965
911.6554	109.4692	38.931
918.2616	109.4715	60.082
924.9157	109.4667	81.347
931.6180	109.4686	102.793
938.3689	109.4657	124.356
945.1687	109.4655	146.128
952.0178	109.4651	168.017
958.9165	109.4637	-169.900
965.8652	109.4652	-147.699
972.8643	109.4671	-125.322
979.9141	109.4618	-102.782
987.0149	109.4645	-80.069
994.1672	109.4635	-57.167
1001.3714	109.4617	-34.082
1008.6277	109.4644	-10.954
1015.9367	109.4623	12.450
1023.2986	109.4638	35.972
1030.7138	109.4638	59.715
1038.1828	109.4572	83.588
1045.7059	109.4567	107.644
1053.2835	109.4601	131.854
1060.9160	109.4567	156.280
1068.6039	109.4613	-179.116
1076.3474	109.4566	-154.367
1084.1471	109.4537	-129.409
1092.0032	109.4554	-104.280
1099.9164	109.4517	-78.976
1107.8868	109.4503	-53.465
1115.9150	109.4534	-27.803
1124.0014	109.4482	-1.938
1132.1464	109.4544	24.105
1140.3504	109.4466	50.317
1148.6138	109.4492	76.760
1156.9371	109.4463	103.382
1165.3208	109.4456	130.213
1173.7652	109.4458	157.219
1182.2708	109.4449	-175.589
1190.8380	109.4405	-148.196
1199.4673	109.4416	-120.588
1208.1591	109.4370	-92.817
1216.9139	109.4386	-64.813
1225.7322	109.4359	-36.611
1234.6144	109.4346	-8.185
1243.5609	109.4333	20.388
1252.5722	109.4338	49.218
1261.6489	109.4363	78.257
1270.7913	109.4300	107.494
1280.0000	109.4274	136.948
1289.2754	109.4252	166.585
1298.6180	109.4190	-163.511
1308.0284	109.4209	-133.421
1317.5069	109.4180	-103.125
1327.0541	109.4137	-72.621
1336.6704	109.4151	-41.848
1346.3565	109.4117	-10.884
1356.1128	109.4132	20.343
1365.9397	109.4070	51.743
1375.8379	109.4036	83.414
1385.8078	109.4039	115.294
1395.8499	109.4044	147.411
1405.9648	109.4003	179.762
1416.1530	109.3999	-147.696
1426.4150	109.3953	-114.845
1436.7514	109.3909	-81.801
1447.1627	109.3915	-48.512
1457.6495	109.3881	-14.977
1468.2122	109.3834	18.779
1478.8515	109.3819	52.807
1489.5678	109.3799	87.089
1500.3618	109.3789	121.587
1511.2341	109.3769	156.354
1522.1851	109.3716	-168.640
1533.2155	109.3661	-133.375
1544.3258	109.3659	-97.827
1555.5166	109.3583	-62.057
1566.7885	109.3585	-26.053
1578.1421	109.3573	10.253
1589.5780	109.3516	46.842
1601.0967	109.3530	83.645
1612.6989	109.3419	120.756
1624.3852	109.3419	158.105
1636.1562	109.3361	-164.266
1648.0125	109.3337	-126.344
1659.9546	109.3267	-88.189
1671.9833	109.3238	-49.730
1684.0992	109.3230	-10.998
1696.3029	109.3184	28.018
1708.5950	109.3149	67.320
1720.9762	109.3125	106.898
1733.4471	109.3076	146.765
1746.0084	109.3026	-173.097
1758.6607	109.2980	-132.627
1771.4046	109.2916	-91.895
1784.2410	109.2892	-50.882
1797.1703	109.2849	-9.543
1810.1934	109.2821	32.098
1823.3108	109.2756	74.019
1836.5232	109.2720	116.244
1849.8314	109.2681	158.777
1863.2361	109.2612	-158.370
1876.7379	109.2577	-115.225
1890.3375	109.2504	-71.766
1904.0356	109.2445	-27.954
1917.8331	109.2392	16.137
1931.7305	109.2333	60.567
1945.7286	109.2278	105.297
1959.8281	109.2216	150.382
1974.0299	109.2152	-164.259
1988.3345	109.2122	-118.520
2002.7428	109.2045	-72.451
2017.2555	109.1991	-26.105
2031.8733	109.1926	20.628
2046.5971	109.1846	67.685
2061.4276	109.1818	115.067
2076.3656	109.1723	162.819
2091.4118	109.1643	-149.103
2106.5670	109.1583	-100.655
2121.8321	109.1496	-51.891
2137.2077	109.1437	-2.741
2152.6948	109.1365	46.763
2168.2941	109.1280	96.623
2184.0065	109.1191	146.819
2199.8327	109.1105	-162.569
2215.7736	109.1030	-111.658
2231.8300	109.0918	-60.346
2248.0028	109.0879	-8.658
2264.2927	109.0752	43.423
2280.7007	109.0666	95.847
2297.2276	109.0588	148.686
2313.8743	109.0512	-158.136
2330.6416	109.0373	-104.554
2347.5304	109.0277	-50.592
2364.5415	109.0169	3.790
2381.6760	109.0051	58.549
2398.9346	108.9930	113.699
2416.3182	108.9802	169.260
2433.8279	108.9710	-134.798
2451.4644	108.9568	-78.432
2469.2287	108.9454	-21.658
2487.1218	108.9336	35.489
2505.1445	108.9186	93.086
2523.2978	108.9036	151.114
2541.5826	108.8863	-150.448
2560.0000	108.8784	-91.604
2578.5508	108.8587	-32.324
2597.2361	108.8422	27.399
2616.0567	108.8253	87.541
2635.0137	108.8061	148.132
2654.1081	108.7917	-150.872
2673.3409	108.7732	-89.406
2692.7130	108.7555	-27.504
2712.2255	108.7365	34.883
2731.8794	108.7153	97.648
2751.6758	108.6944	160.921
2771.6155	108.6754	-135.356
2791.6998	108.6500	-71.173
2811.9296	108.6317	-6.532
2832.3060	108.6055	58.602
2852.8301	108.5839	124.141
2873.5028	108.5591	-169.742
2894.3254	108.5358	-103.227
2915.2989	108.5122	-36.244
2936.4244	108.4773	31.270
2957.7029	108.4535	99.267
2979.1356	108.4234	167.755
3000.7237	108.3952	-123.252
3022.4682	108.3689	-53.773
3044.3702	108.3395	16.217
3066.4310	108.3071	86.732
3088.6516	108.2754	157.714
3111.0332	108.2412	-130.740
3133.5771	108.2080	-58.749
3156.2843	108.1734	13.837
3179.1560	108.1372	86.913
3202.1935	108.0991	160.500
3225.3979	108.0615	-125.346
3248.7705	108.0188	-50.656
3272.3124	107.9789	24.590
3296.0249	107.9405	100.337
3319.9093	107.9006	176.633
3343.9667	107.8558	-106.491
3368.1985	107.8150	-29.061
3392.6058	107.7667	48.949
3417.1900	107.7270	127.486
3441.9524	107.6747	-153.394
3466.8942	107.6281	-73.717
3492.0167	107.5786	6.574
3517.3213	107.5330	87.410
3542.8093	107.4793	168.868
3568.4820	107.4283	-109.114
3594.3406	107.3725	-26.498
3620.3867	107.3240	56.741
3646.6215	107.2660	140.574
3673.0465	107.2105	-134.978
3699.6629	107.1558	-49.936
3726.4721	107.0965	35.743
3753.4757	107.0339	122.021
3780.6749	106.9748	-151.049
3808.0713	106.9134	-63.491
3835.6661	106.8489	24.704
3863.4609	106.7876	113.545
3891.4572	106.7203	-156.975
3919.6563	106.6533	-66.849
3948.0597	106.5879	23.959
3976.6690	106.5181	115.393
4005.4856	106.4504	-152.493
4034.5110	106.3750	-59.685
4063.7467	106.3008	33.765
4093.1943	106.2307	127.938
4122.8552	106.1544	-137.217
4152.7312	106.0785	-41.657
4182.8236	105.9997	54.530
4213.1340	105.9167	151.489
4243.6641	105.8362	-110.872
4274.4155	105.7547	-12.506
4305.3896	105.6670	86.568
4336.5883	105.5802	-173.594
4368.0130	105.4934	-73.058
4399.6654	105.4092	28.202
4431.5472	105.3097	130.216
4463.6600	105.2199	-127.027
4496.0055	105.1215	-23.488
4528.5854	105.0243	80.776
4561.4014	104.9260	-174.148
4594.4552	104.8195	-68.347
4627.7485	104.7175	38.204
4661.2831	104.6147	145.612
4695.0607	104.4974	-106.277
4729.0830	104.3830	2.696
4763.3519	104.2791	112.428
4797.8691	104.1587	-137.032
4832.6365	104.0396	-25.643
4867.6558	103.9197	86.536
4902.9288	103.7945	-160.474
4938.4574	103.6752	-46.661
4974.2435	103.5462	67.999
5010.2890	103.4082	-176.518
5046.5956	103.2821	-60.202
5083.1653	103.1423	56.957
5120.0000	103.0153	175.037
5157.1016	102.8739	-66.048
5194.4721	102.7308	53.721
5232.1134	102.5921	174.361
5270.0275	102.4455	-64.085
5308.2162	102.2995	58.318
5346.6818	102.1498	-178.349
5385.4260	101.9977	-54.171
5424.4510	101.8501	70.951
5463.7589	101.6956	-163.014
5503.3515	101.5422	-36.073
5543.2311	101.3784	91.846
5583.3996	101.2249	-139.304
5623.8592	101.0669	-9.541
5664.6120	100.9050	121.179
5705.6601	100.7480	-107.122
5747.0057	100.5840	25.524
5788.6509	100.4245	159.082
5830.5978	100.2551	-66.273
5872.8487	100.0931	69.322
5915.4058	99.9270	-154.074
5958.2713	99.7612	-16.460
6001.4474	99.5923	122.116
6044.9363	99.4198	-98.285
6088.7404	99.2511	42.434
6132.8620	99.0784	-175.863
6177.3032	98.9098	-33.126
6222.0665	98.7402	110.754
6267.1541	98.5607	-104.401
6312.5685	98.3805	41.577
6358.3120	98.2028	-171.416
6404.3869	98.0440	-23.300
6450.7958	97.8449	125.920
6497.5409	97.6693	-83.704
6544.6248	97.4790	67.692
6592.0498	97.2853	-139.720
6639.8185	97.0923	13.923
6687.9334	96.8936	168.815
6736.3969	96.6952	-35.229
6785.2116	96.4941	121.887
6834.3801	96.2881	-79.808
6883.9048	96.0950	79.568
6933.7884	95.8692	-119.865
6984.0335	95.6581	41.948
7034.6427	95.4438	-155.130
7085.6186	95.2110	9.086
7136.9639	94.9816	174.318
7188.6813	94.7629	-19.129
7240.7734	94.5308	148.642
7293.2431	94.2943	-42.403
7346.0929	94.0703	127.742
7399.3257	93.8465	-60.770
7452.9443	93.5993	111.734
7506.9514	93.3658	-74.135
7561.3499	93.1275	100.992
7616.1425	92.8799	-82.593
7671.3322	92.6624	95.184
7726.9219	92.4403	-85.833
7782.9143	92.1887	94.360
7839.3125	91.9732	-84.001
7896.1194	91.7516	99.034
7953.3380	91.5311	-76.582
8010.9711	91.2664	109.213
8069.0219	91.0973	-63.873
8127.4934	90.8913	124.621
8186.3886	90.6799	-45.544
8245.7105	90.4648	145.739
8305.4623	90.2468	-21.560
8365.6471	90.0304	172.477
8426.2680	89.8432	8.195
8487.3283	89.5974	-154.818
8548.8309	89.3857	43.680
8610.7793	89.1427	-116.171
8673.1765	88.9460	85.222
8736.0260	88.7356	-71.742
8799.3308	88.4955	132.870
8863.0944	88.2440	-21.203
8927.3200	88.0179	-173.559
8992.0111	87.7611	35.197
9057.1709	87.4888	-114.019
9122.8029	87.2400	98.000
9188.9105	86.9673	-48.228
9255.4971	86.6614	166.950
9322.5662	86.3903	23.548
9390.1214	86.1081	-118.206
9458.1661	85.8172	101.226
9526.7039	85.5205	-37.150
9595.7383	85.2157	-174.374
9665.2730	84.9193	49.831
9735.3115	84.6386	-83.908
9805.8576	84.3197	143.976
9876.9149	84.0727	13.212
9948.4871	83.8449	-115.489
10020.5779	83.5596	116.668
10093.1912	83.3326	-8.844
10166.3306	83.0544	-133.208
10240.0000	82.8094	104.691
10314.2033	82.6301	-15.705
10388.9442	82.4569	-134.632
10464.2268	82.2560	108.269
10540.0549	82.0758	-5.844
10616.4325	81.8271	-119.041
10693.3635	81.5908	129.861
10770.8521	81.4640	20.853
10848.9021	81.3313	-86.441
10927.5177	81.0674	167.949
11006.7030	80.8571	64.367
11086.4621	80.6013	-36.881
11166.7992	80.3413	-136.371
11247.7184	79.9953	126.293
11329.2240	79.7346	29.510
11411.3202	79.4234	-64.214
11494.0114	79.0658	-156.358
11577.3017	78.7163	113.873
11661.1956	78.2948	25.235
11745.6975	77.9280	-61.346
11830.8116	77.5513	-145.916
11916.5426	77.2120	130.560
12002.8947	76.8456	49.538
12089.8727	76.4824	-29.709
12177.4809	76.0945	-106.794
12265.7239	75.8888	177.327
12354.6064	75.6130	103.484
12444.1330	75.3796	32.501
12534.3083	75.1969	-36.455
12625.1370	75.1915	-103.018
12716.6240	74.8964	-168.082
12808.7739	74.7592	130.452
12901.5916	74.5876	70.906
12995.0818	74.6308	14.702
13089.2495	74.6009	-40.170
13184.0996	74.2733	-91.875
13279.6370	74.2029	-141.596
13375.8668	73.8580	170.496
13472.7938	73.6147	125.806
13570.4232	73.3012	83.045
13668.7601	72.9290	42.666
13767.8096	72.5496	4.171
13867.5768	72.0833	-31.155
13968.0670	71.3602	-64.979
14069.2853	70.7860	-98.391
14171.2372	70.3120	-129.308
14273.9278	69.5752	-155.362
14377.3626	69.3202	177.972
14481.5469	68.5177	152.015
14586.4861	68.3950	129.472
14692.1858	68.2510	109.439
14798.6515	67.9917	90.535
14905.8886	67.7741	76.049
15013.9028	68.0861	67.087
15122.6997	67.9494	57.172
15232.2851	67.9711	54.202
15342.6645	68.4533	53.526
15453.8437	68.5681	54.251
15565.8287	68.4561	58.968
15678.6251	68.3083	66.447
15792.2389	67.7273	77.929
15906.6759	67.5114	89.675
16021.9423	66.8667	105.894
16138.0439	66.9663	123.670
16254.9868	65.4634	143.298
16372.7771	64.8438	167.934
16491.4210	63.9167	-169.397
16610.9246	62.7797	-142.241
16731.2942	62.1080	-113.852
16852.5361	60.8398	-82.551
16974.6565	60.4854	-62.228
17097.6619	60.7723	-29.219
17221.5586	61.1105	10.933
17346.3531	61.4025	53.811
17472.0519	62.1126	99.970
17598.6616	62.6605	149.504
17726.1888	62.9273	-155.599
17854.6400	63.5001	-89.859
17984.0221	63.4745	-28.109
18114.3418	63.5325	39.005
18245.6057	63.3780	103.534
18377.8209	62.0186	-175.770
18510.9942	61.4955	-102.863
18645.1325	60.5954	-21.015
18780.2428	58.0196	62.509
18916.3322	55.2941	145.995
19053.4077	55.0985	-119.916
19191.4766	52.2027	-80.838
19330.5459	48.9817	5.073
19470.6230	55.3834	97.617
19611.7152	53.3899	168.278
19753.8298	53.4068	-92.941
19896.9742	57.5633	24.649
