* Helix DSP Ultra S, output layer - phase control at 180 deg, mid/high channel, HPF 500 Hz with slope = OFF and bypassed.
* ELECTRICAL loop, no microphone: Scarlett 2i2 out L -> Helix line in,
* Helix line out -> Scarlett in 1; out R -> in 2 direct as the timing
* reference, timing offset 0. Everything else in the channel off; no gain,
* level or routing changed within a set, so the ratio to the set's reference
* is the filter alone.
* REW V5.40 beta 134 measurement #59 'i3_phase_180_hp500_midhigh slopoff+bypass', 2026-Sep-02 10:44:35, 512k sweep, 1 average, 96 kHz,
* 20 Hz - 20 kHz, loopback timing reference. SNR 46.0 dB, delay -8.9993 ms.
* Levels are REW's electrical dB (splOffset 120.00); only ratios within a set carry meaning.
* This capture carries an EXTRA first-order all-pass, an AP1 the operator left engaged at 8 kHz (measured corner 7611.6 Hz) from REW #55 to #67. It is present in this set's own reference as well, so it divides out of any ratio taken within the set; see README.
* frequency_Hz<TAB>dB<TAB>phase_deg - REW's UNSMOOTHED raw spectrum (linear bins) resampled to 1/96 octave by complex averaging within each cell,
* with the measurement's own delay removed before averaging and restored after, so the cell average carries no rotation loss.
20.0000	107.5424	125.273
20.1449	107.5424	125.743
20.2909	107.5677	125.766
20.4379	107.6050	125.599
20.5860	107.6158	125.851
20.7352	107.6366	125.903
20.8855	107.6562	125.993
21.0368	107.6762	126.018
21.1893	107.7016	125.939
21.3428	107.7133	126.145
21.4975	107.7311	126.211
21.6532	107.7439	126.411
21.8102	107.7663	126.350
21.9682	107.7846	126.413
22.1274	107.8014	126.504
22.2877	107.8249	126.451
22.4492	107.8371	126.680
22.6119	107.8553	126.777
22.7758	107.8660	127.064
22.9408	107.8931	126.991
23.1071	107.9084	127.197
23.2745	107.9321	127.229
23.4432	107.9514	127.372
23.6130	107.9715	127.491
23.7841	107.9937	127.583
23.9565	108.0102	127.774
24.1301	108.0335	127.830
24.3049	108.0468	128.081
24.4811	108.0698	128.116
24.6585	108.0807	128.413
24.8372	108.1027	128.445
25.0171	108.1121	128.775
25.1984	108.1329	128.816
25.3810	108.1416	129.167
25.5649	108.1615	129.227
25.7502	108.1701	129.588
25.9368	108.1893	129.676
26.1247	108.1986	130.033
26.3141	108.2172	130.158
26.5047	108.2278	130.501
26.6968	108.2455	130.671
26.8903	108.2577	130.988
27.0851	108.2741	131.211
27.2814	108.2881	131.492
27.4791	108.3024	131.776
27.6782	108.3180	132.013
27.8788	108.3295	132.370
28.0808	108.3465	132.555
28.2843	108.3546	132.995
28.4892	108.3775	132.989
28.6957	108.3850	133.425
28.9036	108.3987	133.684
29.1131	108.4087	134.049
29.3240	108.4190	134.418
29.5365	108.4320	134.705
29.7506	108.4390	135.187
29.9661	108.4586	135.282
30.1833	108.4665	135.733
30.4020	108.4775	136.096
30.6223	108.4884	136.443
30.8442	108.4953	136.939
31.0677	108.5123	137.085
31.2929	108.5198	137.560
31.5196	108.5291	137.987
31.7480	108.5465	138.177
31.9781	108.5523	138.748
32.2098	108.5646	139.133
32.4432	108.5753	139.571
32.6783	108.5828	140.115
32.9151	108.6001	140.351
33.1536	108.6085	140.846
33.3939	108.6160	141.380
33.6359	108.6305	141.654
33.8796	108.6374	142.187
34.1251	108.6441	142.741
34.3724	108.6572	143.055
34.6215	108.6640	143.603
34.8723	108.6700	144.197
35.1250	108.6825	144.544
35.3796	108.6901	145.084
35.6359	108.6950	145.734
35.8942	108.7077	146.111
36.1543	108.7209	146.499
36.4163	108.7267	147.147
36.6802	108.7342	147.749
36.9460	108.7470	148.155
37.2137	108.7540	148.743
37.4834	108.7584	149.445
37.7550	108.7682	149.885
38.0286	108.7770	150.350
38.3041	108.7824	151.002
38.5817	108.7861	151.739
38.8613	108.7967	152.255
39.1429	108.8090	152.781
39.4265	108.8221	153.308
39.7122	108.8275	154.057
40.0000	108.8344	154.766
40.2899	108.8449	155.301
40.5818	108.8529	155.847
40.8759	108.8592	156.412
41.1721	108.8615	157.212
41.4704	108.8646	157.964
41.7710	108.8702	158.576
42.0736	108.8763	159.203
42.3785	108.8831	159.841
42.6856	108.8871	160.641
42.9949	108.8903	161.490
43.3065	108.8979	162.153
43.6203	108.9056	162.823
43.9364	108.9134	163.502
44.2548	108.9211	164.188
44.5755	108.9282	164.885
44.8985	108.9347	165.597
45.2238	108.9376	166.490
45.5515	108.9408	167.387
45.8816	108.9472	168.141
46.2141	108.9544	168.910
46.5490	108.9622	169.687
46.8863	108.9700	170.468
47.2261	108.9766	171.254
47.5683	108.9813	172.048
47.9130	108.9844	172.859
48.2602	108.9868	173.691
48.6099	108.9901	174.543
48.9621	108.9948	175.406
49.3169	109.0006	176.274
49.6743	109.0066	177.143
50.0343	109.0118	178.018
50.3968	109.0160	178.905
50.7620	109.0201	179.809
51.1299	109.0249	-179.270
51.5004	109.0312	-178.340
51.8736	109.0382	-177.406
52.2495	109.0450	-176.470
52.6281	109.0507	-175.527
53.0095	109.0550	-174.570
53.3936	109.0587	-173.594
53.7805	109.0627	-172.599
54.1702	109.0672	-171.590
54.5628	109.0719	-170.571
54.9581	109.0762	-169.543
55.3564	109.0795	-168.505
55.7575	109.0818	-167.453
56.1616	109.0838	-166.387
56.5685	109.0879	-165.427
56.9785	109.0933	-164.463
57.3914	109.0971	-163.374
57.8072	109.1008	-162.277
58.2261	109.1041	-161.167
58.6481	109.1076	-160.040
59.0730	109.1116	-158.896
59.5011	109.1186	-157.851
59.9323	109.1254	-156.793
60.3666	109.1290	-155.609
60.8040	109.1320	-154.412
61.2446	109.1343	-153.203
61.6884	109.1376	-152.088
62.1355	109.1412	-150.962
62.5857	109.1439	-149.717
63.0392	109.1472	-148.462
63.4960	109.1529	-147.304
63.9562	109.1584	-146.137
64.4196	109.1612	-144.850
64.8864	109.1631	-143.548
65.3566	109.1651	-142.331
65.8302	109.1672	-141.101
66.3073	109.1685	-139.762
66.7877	109.1698	-138.518
67.2717	109.1711	-137.258
67.7592	109.1730	-135.878
68.2502	109.1779	-134.580
68.7448	109.1839	-133.269
69.2429	109.1877	-131.847
69.7447	109.1931	-130.501
70.2501	109.1982	-129.145
70.7591	109.2006	-127.690
71.2719	109.2014	-126.323
71.7884	109.2007	-124.935
72.3086	109.2028	-123.522
72.8325	109.2081	-122.106
73.3603	109.2126	-120.695
73.8919	109.2143	-119.259
74.4274	109.2149	-117.695
74.9667	109.2184	-116.189
75.5099	109.2237	-114.684
76.0571	109.2260	-113.190
76.6083	109.2250	-111.678
77.1634	109.2251	-110.133
77.7226	109.2304	-108.669
78.2858	109.2347	-107.124
78.8531	109.2361	-105.558
79.4245	109.2369	-103.961
80.0000	109.2390	-102.342
80.5797	109.2411	-100.716
81.1636	109.2418	-99.078
81.7518	109.2440	-97.501
82.3442	109.2480	-95.834
82.9409	109.2514	-94.167
83.5419	109.2524	-92.478
84.1473	109.2530	-90.747
84.7570	109.2583	-89.072
85.3712	109.2630	-87.332
85.9899	109.2632	-85.590
86.6130	109.2610	-83.891
87.2406	109.2643	-82.156
87.8728	109.2687	-80.345
88.5096	109.2717	-78.516
89.1509	109.2769	-76.730
89.7970	109.2831	-74.945
90.4477	109.2836	-73.080
91.1031	109.2808	-71.179
91.7633	109.2816	-69.324
92.4282	109.2854	-67.497
93.0980	109.2842	-65.663
93.7726	109.2836	-63.705
94.4521	109.2862	-61.727
95.1366	109.2882	-59.818
95.8260	109.2884	-57.863
96.5204	109.2945	-55.889
97.2198	109.2990	-53.945
97.9243	109.2957	-51.962
98.6339	109.2963	-49.913
99.3486	109.3021	-47.876
100.0685	109.3030	-45.852
100.7937	109.3021	-43.793
101.5241	109.3046	-41.721
102.2598	109.3070	-39.639
103.0008	109.3098	-37.523
103.7472	109.3134	-35.393
104.4990	109.3122	-33.250
105.2562	109.3083	-31.052
106.0189	109.3115	-28.819
106.7872	109.3195	-26.619
107.5610	109.3202	-24.431
108.3404	109.3156	-22.179
109.1255	109.3172	-19.956
109.9163	109.3184	-17.775
110.7128	109.3148	-15.480
111.5151	109.3174	-13.129
112.3231	109.3248	-10.778
113.1371	109.3274	-8.484
113.9569	109.3279	-6.148
114.7827	109.3295	-3.757
115.6145	109.3277	-1.363
116.4523	109.3246	1.029
117.2961	109.3299	3.480
118.1461	109.3372	5.972
119.0022	109.3360	8.390
119.8646	109.3323	10.871
120.7332	109.3373	13.429
121.6080	109.3418	15.886
122.4893	109.3393	18.396
123.3769	109.3425	20.965
124.2709	109.3476	23.520
125.1714	109.3486	26.100
126.0785	109.3494	28.717
126.9921	109.3476	31.369
127.9123	109.3469	34.060
128.8392	109.3476	36.740
129.7728	109.3454	39.438
130.7132	109.3493	42.163
131.6604	109.3536	44.875
132.6145	109.3540	47.648
133.5755	109.3598	50.399
134.5434	109.3612	53.220
135.5184	109.3644	56.064
136.5004	109.3646	58.817
137.4895	109.3605	61.709
138.4858	109.3639	64.638
139.4894	109.3673	67.493
140.5002	109.3664	70.351
141.5183	109.3610	73.335
142.5438	109.3632	76.387
143.5767	109.3677	79.356
144.6171	109.3683	82.349
145.6651	109.3707	85.350
146.7206	109.3724	88.384
147.7838	109.3731	91.454
148.8547	109.3730	94.628
149.9334	109.3721	97.804
151.0199	109.3663	100.966
152.1142	109.3707	104.156
153.2165	109.3735	107.313
154.3268	109.3768	110.520
155.4451	109.3777	113.695
156.5715	109.3803	116.963
157.7061	109.3813	120.274
158.8489	109.3837	123.606
160.0000	109.3856	126.902
161.1594	109.3837	130.294
162.3273	109.3908	133.711
163.5035	109.3873	137.082
164.6884	109.3866	140.500
165.8818	109.3865	143.979
167.0838	109.3871	147.492
168.2946	109.3854	150.984
169.5141	109.3844	154.557
170.7425	109.3890	158.147
171.9797	109.3856	161.673
173.2260	109.3939	165.254
174.4812	109.3947	168.893
175.7456	109.3943	172.592
177.0191	109.3968	176.255
178.3019	109.3970	179.948
179.5939	109.4043	-176.270
180.8953	109.4026	-172.504
182.2062	109.4012	-168.678
183.5265	109.4021	-164.801
184.8564	109.4053	-160.956
186.1960	109.3991	-157.140
187.5452	109.4115	-153.253
188.9043	109.4048	-149.274
190.2731	109.4061	-145.325
191.6519	109.4015	-141.377
193.0407	109.4047	-137.406
194.4396	109.4041	-133.258
195.8486	109.4077	-129.184
197.2678	109.4088	-125.078
198.6972	109.4071	-120.961
200.1371	109.4118	-116.792
201.5874	109.4094	-112.657
203.0482	109.4222	-108.445
204.5195	109.4112	-104.199
206.0016	109.4124	-99.882
207.4943	109.4112	-95.575
208.9979	109.4184	-91.204
210.5124	109.4167	-86.828
212.0379	109.4129	-82.513
213.5744	109.4093	-78.097
215.1220	109.4175	-73.597
216.6809	109.4190	-69.044
218.2510	109.4219	-64.580
219.8326	109.4231	-60.057
221.4256	109.4221	-55.410
223.0301	109.4174	-50.775
224.6463	109.4270	-46.207
226.2742	109.4245	-41.555
227.9138	109.4304	-36.793
229.5654	109.4223	-32.064
231.2289	109.4235	-27.276
232.9045	109.4241	-22.458
234.5922	109.4255	-17.624
236.2922	109.4251	-12.664
238.0045	109.4321	-7.822
239.7291	109.4320	-2.908
241.4663	109.4312	2.181
243.2161	109.4350	7.162
244.9785	109.4294	12.140
246.7537	109.4257	17.188
248.5418	109.4323	22.300
250.3428	109.4393	27.478
252.1569	109.4312	32.563
253.9842	109.4362	37.809
255.8246	109.4355	43.058
257.6785	109.4340	48.408
259.5457	109.4355	53.704
261.4265	109.4315	59.092
263.3209	109.4406	64.545
265.2290	109.4244	69.950
267.1510	109.4583	75.827
269.0869	109.4510	81.057
271.0368	109.4306	86.503
273.0008	109.4382	91.977
274.9791	109.4432	97.633
276.9717	109.4449	103.205
278.9788	109.4417	108.926
281.0003	109.4424	114.633
283.0366	109.4333	120.403
285.0876	109.4475	126.212
287.1535	109.4503	132.121
289.2343	109.4539	138.012
291.3302	109.4503	143.916
293.4413	109.4525	149.785
295.5677	109.4492	155.794
297.7095	109.4475	161.880
299.8668	109.4531	168.020
302.0398	109.4465	174.111
304.2285	109.4530	-179.743
306.4330	109.4461	-173.612
308.6536	109.4426	-167.387
310.8902	109.4470	-161.117
313.1431	109.4534	-154.879
315.4122	109.4605	-148.459
317.6978	109.4545	-142.037
320.0000	109.4552	-135.566
322.3189	109.4530	-129.138
324.6545	109.4516	-122.682
327.0071	109.4623	-116.140
329.3767	109.4616	-109.520
331.7635	109.4582	-102.862
334.1676	109.4534	-96.167
336.5891	109.4594	-89.450
339.0282	109.4590	-82.720
341.4849	109.4615	-75.834
343.9595	109.4580	-68.936
346.4519	109.4634	-62.102
348.9625	109.4707	-55.129
351.4912	109.4615	-48.144
354.0383	109.4603	-41.137
356.6038	109.4606	-34.077
359.1879	109.4622	-26.901
361.7907	109.4623	-19.716
364.4124	109.4683	-12.466
367.0530	109.4622	-5.143
369.7129	109.4612	2.141
372.3920	109.4628	9.486
375.0905	109.4610	16.976
377.8085	109.4639	24.452
380.5463	109.4649	31.961
383.3039	109.4691	39.480
386.0814	109.4679	47.016
388.8792	109.4708	54.733
391.6971	109.4614	62.517
394.5355	109.4627	70.254
397.3945	109.4650	78.028
400.2742	109.4664	85.976
403.1747	109.4658	94.024
406.0963	109.4691	101.994
409.0390	109.4653	110.052
412.0031	109.4656	118.036
414.9887	109.4697	126.142
417.9958	109.4668	134.425
421.0248	109.4692	142.717
424.0757	109.4664	151.019
427.1488	109.4667	159.423
430.2440	109.4655	167.850
433.3618	109.4678	176.376
436.5021	109.4681	-174.993
439.6652	109.4671	-166.362
442.8512	109.4670	-157.611
446.0602	109.4632	-148.868
449.2926	109.4640	-140.058
452.5483	109.4600	-131.183
455.8277	109.4635	-122.238
459.1308	109.4553	-113.228
462.4579	109.4631	-104.048
465.8090	109.4624	-94.804
469.1845	109.4608	-85.508
472.5844	109.4600	-76.231
476.0089	109.4576	-66.855
479.4583	109.4640	-57.289
482.9326	109.4624	-47.703
486.4321	109.4588	-38.139
489.9570	109.4602	-28.375
493.5075	109.4575	-18.583
497.0836	109.4525	-8.722
500.6857	109.4624	1.205
504.3139	109.4552	11.239
507.9683	109.4632	21.386
511.6493	109.4557	31.628
515.3569	109.4556	41.994
519.0914	109.4562	52.388
522.8529	109.4547	62.904
526.6418	109.4546	73.498
530.4580	109.4500	84.116
534.3019	109.4502	94.928
538.1737	109.4455	105.787
542.0735	109.4514	116.780
546.0016	109.4500	127.796
549.9582	109.4554	138.938
553.9434	109.4500	150.168
557.9575	109.4458	161.525
562.0007	109.4462	173.008
566.0732	109.4483	-175.407
570.1752	109.4467	-163.701
574.3069	109.4446	-151.891
578.4686	109.4416	-140.035
582.6604	109.4432	-128.040
586.8826	109.4446	-115.925
591.1354	109.4420	-103.765
595.4190	109.4423	-91.418
599.7336	109.4428	-78.943
604.0796	109.4402	-66.418
608.4570	109.4410	-53.743
612.8661	109.4415	-40.967
617.3072	109.4427	-28.044
621.7804	109.4435	-15.081
626.2861	109.4369	-1.962
630.8244	109.4375	11.317
635.3957	109.4404	24.688
640.0000	109.4399	38.204
644.6377	109.4433	51.807
649.3090	109.4413	65.543
654.0142	109.4405	79.350
658.7534	109.4408	93.358
663.5270	109.4407	107.443
668.3352	109.4393	121.713
673.1783	109.4393	136.076
678.0564	109.4394	150.577
682.9699	109.4363	165.156
687.9189	109.4370	179.887
692.9039	109.4398	-165.222
697.9249	109.4413	-150.202
702.9824	109.4428	-135.052
708.0765	109.4367	-119.771
713.2075	109.4403	-104.388
718.3757	109.4442	-88.847
723.5814	109.4385	-73.187
728.8247	109.4404	-57.390
734.1061	109.4410	-41.410
739.4257	109.4380	-25.332
744.7839	109.4394	-9.127
750.1809	109.4375	7.280
755.6170	109.4382	23.778
761.0926	109.4399	40.440
766.6077	109.4412	57.203
772.1629	109.4452	74.139
777.7583	109.4405	91.159
783.3943	109.4415	108.413
789.0711	109.4405	125.738
794.7890	109.4457	143.255
800.5484	109.4388	160.929
806.3495	109.4424	178.750
812.1926	109.4434	-163.340
818.0781	109.4402	-145.199
824.0062	109.4427	-126.981
829.9773	109.4404	-108.607
835.9917	109.4454	-90.043
842.0496	109.4449	-71.339
848.1515	109.4433	-52.481
854.2975	109.4453	-33.480
860.4881	109.4486	-14.353
866.7236	109.4481	4.948
873.0042	109.4443	24.466
879.3303	109.4484	44.147
885.7023	109.4498	63.907
892.1205	109.4510	83.827
898.5852	109.4467	103.955
905.0967	109.4471	124.216
911.6554	109.4512	144.650
918.2616	109.4471	165.264
924.9157	109.4480	-173.980
931.6180	109.4475	-153.036
938.3689	109.4508	-131.941
945.1687	109.4516	-110.654
952.0178	109.4524	-89.257
958.9165	109.4508	-67.682
965.8652	109.4545	-45.895
972.8643	109.4574	-23.965
979.9141	109.4565	-1.854
987.0149	109.4589	20.470
994.1672	109.4566	42.925
1001.3714	109.4527	65.573
1008.6277	109.4607	88.324
1015.9367	109.4601	111.351
1023.2986	109.4559	134.550
1030.7138	109.4558	157.883
1038.1828	109.4563	-178.594
1045.7059	109.4586	-154.867
1053.2835	109.4605	-130.952
1060.9160	109.4600	-106.849
1068.6039	109.4633	-82.585
1076.3474	109.4625	-58.138
1084.1471	109.4623	-33.517
1092.0032	109.4616	-8.673
1099.9164	109.4662	16.359
1107.8868	109.4634	41.568
1115.9150	109.4626	66.965
1124.0014	109.4693	92.607
1132.1464	109.4691	118.370
1140.3504	109.4639	144.371
1148.6138	109.4685	170.603
1156.9371	109.4650	-163.013
1165.3208	109.4634	-136.383
1173.7652	109.4657	-109.618
1182.2708	109.4640	-82.610
1190.8380	109.4643	-55.442
1199.4673	109.4677	-27.973
1208.1591	109.4673	-0.390
1216.9139	109.4666	27.456
1225.7322	109.4683	55.499
1234.6144	109.4677	83.745
1243.5609	109.4671	112.208
1252.5722	109.4718	140.907
1261.6489	109.4687	169.790
1270.7913	109.4686	-161.112
1280.0000	109.4698	-131.746
1289.2754	109.4711	-102.196
1298.6180	109.4670	-72.412
1308.0284	109.4692	-42.439
1317.5069	109.4690	-12.215
1327.0541	109.4678	18.227
1336.6704	109.4683	48.900
1346.3565	109.4656	79.873
1356.1128	109.4672	110.974
1365.9397	109.4686	142.335
1375.8379	109.4699	173.952
1385.8078	109.4676	-154.187
1395.8499	109.4651	-122.126
1405.9648	109.4675	-89.790
1416.1530	109.4662	-57.236
1426.4150	109.4712	-24.445
1436.7514	109.4661	8.610
1447.1627	109.4701	41.906
1457.6495	109.4652	75.469
1468.2122	109.4678	109.266
1478.8515	109.4644	143.294
1489.5678	109.4643	177.615
1500.3618	109.4697	-147.868
1511.2341	109.4665	-113.037
1522.1851	109.4636	-77.978
1533.2155	109.4667	-42.652
1544.3258	109.4628	-7.082
1555.5166	109.4629	28.788
1566.7885	109.4661	64.882
1578.1421	109.4633	101.291
1589.5780	109.4622	137.953
1601.0967	109.4595	174.826
1612.6989	109.4623	-147.974
1624.3852	109.4609	-110.445
1636.1562	109.4586	-72.708
1648.0125	109.4561	-34.689
1659.9546	109.4532	3.604
1671.9833	109.4586	42.217
1684.0992	109.4581	81.082
1696.3029	109.4556	120.220
1708.5950	109.4550	159.687
1720.9762	109.4569	-160.576
1733.4471	109.4532	-120.537
1746.0084	109.4522	-80.213
1758.6607	109.4503	-39.596
1771.4046	109.4476	1.367
1784.2410	109.4516	42.568
1797.1703	109.4474	84.090
1810.1934	109.4503	125.934
1823.3108	109.4466	168.051
1836.5232	109.4452	-149.470
1849.8314	109.4443	-106.737
1863.2361	109.4415	-63.653
1876.7379	109.4425	-20.259
1890.3375	109.4398	23.489
1904.0356	109.4396	67.498
1917.8331	109.4351	111.874
1931.7305	109.4366	156.540
1945.7286	109.4382	-158.432
1959.8281	109.4362	-113.111
1974.0299	109.4384	-67.426
1988.3345	109.4345	-21.419
2002.7428	109.4327	24.913
2017.2555	109.4301	71.613
2031.8733	109.4299	118.620
2046.5971	109.4303	166.005
2061.4276	109.4304	-146.264
2076.3656	109.4297	-98.217
2091.4118	109.4265	-49.806
2106.5670	109.4242	-1.009
2121.8321	109.4258	48.129
2137.2077	109.4227	97.613
2152.6948	109.4233	147.428
2168.2941	109.4248	-162.326
2184.0065	109.4186	-111.718
2199.8327	109.4170	-60.770
2215.7736	109.4202	-9.463
2231.8300	109.4170	42.228
2248.0028	109.4153	94.326
2264.2927	109.4201	146.798
2280.7007	109.4121	-160.372
2297.2276	109.4121	-107.131
2313.8743	109.4156	-53.521
2330.6416	109.4148	0.477
2347.5304	109.4107	54.909
2364.5415	109.4121	109.699
2381.6760	109.4100	164.937
2398.9346	109.4126	-139.475
2416.3182	109.4056	-83.471
2433.8279	109.4091	-27.062
2451.4644	109.4104	29.785
2469.2287	109.4091	87.031
2487.1218	109.4094	144.719
2505.1445	109.4065	-157.191
2523.2978	109.4077	-98.669
2541.5826	109.4069	-39.729
2560.0000	109.4066	19.637
2578.5508	109.4083	79.432
2597.2361	109.4103	139.694
2616.0567	109.4103	-159.631
2635.0137	109.4098	-98.511
2654.1081	109.4118	-36.935
2673.3409	109.4093	25.067
2692.7130	109.4133	87.558
2712.2255	109.4107	150.509
2731.8794	109.4139	-146.139
2751.6758	109.4109	-82.271
2771.6155	109.4123	-17.956
2791.6998	109.4133	46.836
2811.9296	109.4162	112.093
2832.3060	109.4150	177.810
2852.8301	109.4156	-115.966
2873.5028	109.4147	-49.273
2894.3254	109.4156	17.936
2915.2989	109.4191	85.593
2936.4244	109.4193	153.748
2957.7029	109.4195	-137.560
2979.1356	109.4234	-68.391
3000.7237	109.4241	1.277
3022.4682	109.4244	71.440
3044.3702	109.4262	142.142
3066.4310	109.4240	-146.657
3088.6516	109.4245	-74.937
3111.0332	109.4264	-2.696
3133.5771	109.4287	70.080
3156.2843	109.4268	143.392
3179.1560	109.4281	-142.759
3202.1935	109.4300	-68.404
3225.3979	109.4324	6.531
3248.7705	109.4313	81.989
3272.3124	109.4360	158.022
3296.0249	109.4333	-125.420
3319.9093	109.4372	-48.308
3343.9667	109.4387	29.401
3368.1985	109.4379	107.632
3392.6058	109.4389	-173.496
3417.1900	109.4395	-94.122
3441.9524	109.4371	-14.143
3466.8942	109.4387	66.411
3492.0167	109.4374	147.570
3517.3213	109.4403	-130.701
3542.8093	109.4391	-48.360
3568.4820	109.4396	34.567
3594.3406	109.4388	118.107
3620.3867	109.4427	-157.760
3646.6215	109.4411	-72.999
3673.0465	109.4435	12.375
3699.6629	109.4385	98.378
3726.4721	109.4405	-175.007
3753.4757	109.4385	-87.753
3780.6749	109.4383	0.109
3808.0713	109.4370	88.637
3835.6661	109.4371	177.806
3863.4609	109.4379	-92.382
3891.4572	109.4383	-1.912
3919.6563	109.4356	89.194
3948.0597	109.4345	-179.015
3976.6690	109.4326	-86.533
4005.4856	109.4319	6.557
4034.5110	109.4310	100.366
4063.7467	109.4299	-165.160
4093.1943	109.4322	-69.966
4122.8552	109.4308	25.913
4152.7312	109.4310	122.468
4182.8236	109.4302	-140.276
4213.1340	109.4272	-42.301
4243.6641	109.4278	56.354
4274.4155	109.4285	155.764
4305.3896	109.4253	-104.118
4336.5883	109.4242	-3.278
4368.0130	109.4260	98.303
4399.6654	109.4219	-159.383
4431.5472	109.4238	-56.334
4463.6600	109.4257	47.483
4496.0055	109.4234	152.034
4528.5854	109.4226	-102.630
4561.4014	109.4253	3.455
4594.4552	109.4231	110.327
4627.7485	109.4238	-142.042
4661.2831	109.4269	-33.632
4695.0607	109.4262	75.579
4729.0830	109.4282	-174.427
4763.3519	109.4284	-63.608
4797.8691	109.4296	47.996
4832.6365	109.4324	160.399
4867.6558	109.4357	-86.356
4902.9288	109.4369	27.693
4938.4574	109.4389	142.588
4974.2435	109.4417	-101.673
5010.2890	109.4391	14.897
5046.5956	109.4454	132.302
5083.1653	109.4472	-109.411
5120.0000	109.4514	9.722
5157.1016	109.4535	129.722
5194.4721	109.4545	-109.414
5232.1134	109.4595	12.356
5270.0275	109.4627	134.994
5308.2162	109.4652	-101.482
5346.6818	109.4676	22.956
5385.4260	109.4696	148.299
5424.4510	109.4719	-85.439
5463.7589	109.4758	41.723
5503.3515	109.4794	169.815
5543.2311	109.4831	-61.136
5583.3996	109.4843	68.817
5623.8592	109.4853	-160.268
5664.6120	109.4894	-28.400
5705.6601	109.4885	104.440
5747.0057	109.4899	-121.771
5788.6509	109.4922	12.987
5830.5978	109.4933	148.737
5872.8487	109.4917	-74.546
5915.4058	109.4952	63.188
5958.2713	109.4939	-158.081
6001.4474	109.4945	-18.342
6044.9363	109.4932	122.415
6088.7404	109.4936	-95.816
6132.8620	109.4930	46.986
6177.3032	109.4897	-169.173
6222.0665	109.4893	-24.289
6267.1541	109.4887	121.669
6312.5685	109.4861	-91.361
6358.3120	109.4831	56.705
6404.3869	109.4806	-154.153
6450.7958	109.4812	-3.932
6497.5409	109.4775	147.369
6544.6248	109.4768	-60.218
6592.0498	109.4730	93.289
6639.8185	109.4698	-112.064
6687.9334	109.4676	43.672
6736.3969	109.4666	-159.447
6785.2116	109.4628	-1.430
6834.3801	109.4588	157.744
6883.9048	109.4582	-41.938
6933.7884	109.4576	119.552
6984.0335	109.4588	-77.786
7034.6427	109.4559	86.060
7085.6186	109.4534	-108.925
7136.9639	109.4563	57.303
7188.6813	109.4520	-135.226
7240.7734	109.4548	33.423
7293.2431	109.4520	-156.704
7346.0929	109.4526	14.418
7399.3257	109.4548	-173.210
7452.9443	109.4576	0.420
7506.9514	109.4555	175.321
7561.3499	109.4561	-8.540
7616.1425	109.4582	168.895
7671.3322	109.4576	-12.358
7726.9219	109.4601	167.681
7782.9143	109.4613	-10.976
7839.3125	109.4607	171.677
7896.1194	109.4600	-4.328
7953.3380	109.4601	-178.995
8010.9711	109.4657	7.688
8069.0219	109.4598	-164.262
8127.4934	109.4600	25.139
8186.3886	109.4556	-144.068
8245.7105	109.4554	48.094
8305.4623	109.4575	-118.342
8365.6471	109.4524	76.659
8426.2680	109.4496	-86.969
8487.3283	109.4465	110.840
8548.8309	109.4422	-49.881
8610.7793	109.4370	150.784
8673.1765	109.4372	-7.071
8736.0260	109.4317	-163.439
8799.3308	109.4280	41.665
8863.0944	109.4232	-111.759
8927.3200	109.4177	96.308
8992.0111	109.4154	-54.102
9057.1709	109.4123	157.008
9122.8029	109.4093	9.645
9188.9105	109.4040	-136.169
9255.4971	109.4014	79.570
9322.5662	109.4029	-63.130
9390.1214	109.4002	155.741
9458.1661	109.3995	16.222
9526.7039	109.3993	-121.718
9595.7383	109.3994	101.971
9665.2730	109.4006	-32.714
9735.3115	109.4047	-165.768
9805.8576	109.4057	62.843
9876.9149	109.4083	-66.905
9948.4871	109.4128	165.035
10020.5779	109.4151	38.670
10093.1912	109.4160	-86.009
10166.3306	109.4198	151.058
10240.0000	109.4254	29.790
10314.2033	109.4249	-89.716
10388.9442	109.4296	152.556
10464.2268	109.4292	36.570
10540.0549	109.4341	-77.647
10616.4325	109.4360	169.936
10693.3635	109.4357	59.315
10770.8521	109.4369	-49.508
10848.9021	109.4386	-156.514
10927.5177	109.4388	98.318
11006.7030	109.4387	-5.006
11086.4621	109.4393	-106.473
11166.7992	109.4374	153.965
11247.7184	109.4354	56.267
11329.2240	109.4345	-39.539
11411.3202	109.4354	-133.442
11494.0114	109.4356	134.624
11577.3017	109.4385	44.603
11661.1956	109.4336	-43.464
11745.6975	109.4375	-129.539
11830.8116	109.4400	146.370
11916.5426	109.4423	64.261
12002.8947	109.4430	-15.806
12089.8727	109.4507	-93.837
12177.4809	109.4514	-169.838
12265.7239	109.4559	116.256
12354.6064	109.4606	44.397
12444.1330	109.4651	-25.345
12534.3083	109.4696	-92.980
12625.1370	109.4713	-158.494
12716.6240	109.4735	138.132
12808.7739	109.4724	76.915
12901.5916	109.4748	17.862
12995.0818	109.4793	-38.999
13089.2495	109.4790	-93.664
13184.0996	109.4752	-146.114
13279.6370	109.4712	163.676
13375.8668	109.4694	115.704
13472.7938	109.4658	69.999
13570.4232	109.4591	26.556
13668.7601	109.4548	-14.592
13767.8096	109.4488	-53.449
13867.5768	109.4423	-89.954
13968.0670	109.4385	-124.139
14069.2853	109.4352	-155.957
14171.2372	109.4292	174.630
14273.9278	109.4288	147.568
14377.3626	109.4238	122.946
14481.5469	109.4239	100.754
14586.4861	109.4223	81.002
14692.1858	109.4202	63.743
14798.6515	109.4186	48.989
14905.8886	109.4204	36.697
15013.9028	109.4214	26.989
15122.6997	109.4182	19.764
15232.2851	109.4196	15.125
15342.6645	109.4157	13.101
15453.8437	109.4156	13.600
15565.8287	109.4114	16.776
15678.6251	109.4063	22.564
15792.2389	109.4025	31.005
15906.6759	109.3970	42.109
16021.9423	109.3920	55.889
16138.0439	109.3872	72.360
16254.9868	109.3868	91.557
16372.7771	109.3834	113.516
16491.4210	109.3782	138.201
16610.9246	109.3802	165.698
16731.2942	109.3815	-164.004
16852.5361	109.3798	-130.883
16974.6565	109.3896	-94.882
17097.6619	109.3911	-56.016
17221.5586	109.3964	-14.269
17346.3531	109.4024	30.409
17472.0519	109.4093	78.003
17598.6616	109.4142	128.583
17726.1888	109.4149	-177.873
17854.6400	109.4193	-121.313
17984.0221	109.4200	-61.748
18114.3418	109.4214	0.827
18245.6057	109.4186	66.504
18377.8209	109.4152	135.218
18510.9942	109.4131	-152.948
18645.1325	109.4114	-77.997
18780.2428	109.4104	0.087
18916.3322	109.4061	81.320
19053.4077	109.4017	165.787
19191.4766	109.4013	-106.541
19330.5459	109.4025	-15.627
19470.6230	109.4037	78.532
19611.7152	109.4048	176.031
19753.8298	109.4057	-83.147
19896.9742	109.4067	20.986
