* Helix DSP Ultra S, output layer - phase control at 180 deg, mid/high channel, HPF 500 Hz with slope = OFF.
* ELECTRICAL loop, no microphone: Scarlett 2i2 out L -> Helix line in,
* Helix line out -> Scarlett in 1; out R -> in 2 direct as the timing
* reference, timing offset 0. Everything else in the channel off; no gain,
* level or routing changed within a set, so the ratio to the set's reference
* is the filter alone.
* REW V5.40 beta 134 measurement #58 'i2_phase_180_hp500_midhigh slopoff', 2026-Sep-02 10:44:15, 512k sweep, 1 average, 96 kHz,
* 20 Hz - 20 kHz, loopback timing reference. SNR 45.5 dB, delay -8.9993 ms.
* Levels are REW's electrical dB (splOffset 120.00); only ratios within a set carry meaning.
* This capture carries an EXTRA first-order all-pass, an AP1 the operator left engaged at 8 kHz (measured corner 7611.6 Hz) from REW #55 to #67. It is present in this set's own reference as well, so it divides out of any ratio taken within the set; see README.
* frequency_Hz<TAB>dB<TAB>phase_deg - REW's UNSMOOTHED raw spectrum (linear bins) resampled to 1/96 octave by complex averaging within each cell,
* with the measurement's own delay removed before averaging and restored after, so the cell average carries no rotation loss.
20.0000	107.5477	125.317
20.1449	107.5477	125.786
20.2909	107.5729	125.807
20.4379	107.6101	125.638
20.5860	107.6207	125.888
20.7352	107.6413	125.938
20.8855	107.6607	126.025
21.0368	107.6804	126.047
21.1893	107.7056	125.963
21.3428	107.7171	126.166
21.4975	107.7349	126.228
21.6532	107.7476	126.426
21.8102	107.7699	126.359
21.9682	107.7881	126.418
22.1274	107.8047	126.505
22.2877	107.8279	126.447
22.4492	107.8397	126.674
22.6119	107.8575	126.769
22.7758	107.8678	127.054
22.9408	107.8937	126.982
23.1071	107.9083	127.190
23.2745	107.9309	127.227
23.4432	107.9494	127.373
23.6130	107.9687	127.498
23.7841	107.9900	127.596
23.9565	108.0061	127.793
24.1301	108.0288	127.856
24.3049	108.0420	128.109
24.4811	108.0649	128.150
24.6585	108.0758	128.447
24.8372	108.0980	128.478
25.0171	108.1074	128.806
25.1984	108.1285	128.842
25.3810	108.1372	129.190
25.5649	108.1574	129.243
25.7502	108.1663	129.599
25.9368	108.1858	129.679
26.1247	108.1954	130.032
26.3141	108.2144	130.149
26.5047	108.2252	130.488
26.6968	108.2435	130.652
26.8903	108.2559	130.966
27.0851	108.2727	131.184
27.2814	108.2867	131.463
27.4791	108.3012	131.746
27.6782	108.3166	131.983
27.8788	108.3280	132.340
28.0808	108.3445	132.531
28.2843	108.3525	132.973
28.4892	108.3749	132.979
28.6957	108.3824	133.420
28.9036	108.3960	133.688
29.1131	108.4064	134.059
29.3240	108.4169	134.435
29.5365	108.4308	134.726
29.7506	108.4382	135.212
29.9661	108.4593	135.307
30.1833	108.4677	135.755
30.4020	108.4794	136.115
30.6223	108.4907	136.455
30.8442	108.4978	136.946
31.0677	108.5143	137.079
31.2929	108.5210	137.549
31.5196	108.5295	137.969
31.7480	108.5444	138.154
31.9781	108.5494	138.726
32.2098	108.5599	139.112
32.4432	108.5695	139.556
32.6783	108.5762	140.104
32.9151	108.5932	140.352
33.1536	108.6022	140.850
33.3939	108.6103	141.388
33.6359	108.6272	141.658
33.8796	108.6354	142.183
34.1251	108.6432	142.730
34.3724	108.6573	143.021
34.6215	108.6638	143.557
34.8723	108.6694	144.140
35.1250	108.6795	144.476
35.3796	108.6853	145.020
35.6359	108.6891	145.673
35.8942	108.6998	146.073
36.1543	108.7130	146.491
36.4163	108.7198	147.150
36.6802	108.7285	147.767
36.9460	108.7445	148.187
37.2137	108.7532	148.774
37.4834	108.7587	149.475
37.7550	108.7696	149.902
38.0286	108.7775	150.351
38.3041	108.7816	150.996
38.5817	108.7845	151.729
38.8613	108.7925	152.242
39.1429	108.8027	152.770
39.4265	108.8144	153.302
39.7122	108.8195	154.054
40.0000	108.8259	154.766
40.2899	108.8358	155.309
40.5818	108.8438	155.867
40.8759	108.8510	156.448
41.1721	108.8544	157.253
41.4704	108.8589	158.015
41.7710	108.8682	158.635
42.0736	108.8786	159.260
42.3785	108.8888	159.884
42.6856	108.8937	160.673
42.9949	108.8977	161.515
43.3065	108.9049	162.163
43.6203	108.9109	162.828
43.9364	108.9167	163.512
44.2548	108.9229	164.210
44.5755	108.9295	164.917
44.8985	108.9359	165.632
45.2238	108.9388	166.524
45.5515	108.9418	167.418
45.8816	108.9472	168.163
46.2141	108.9529	168.923
46.5490	108.9596	169.697
46.8863	108.9674	170.481
47.2261	108.9760	171.270
47.5683	108.9843	172.063
47.9130	108.9913	172.864
48.2602	108.9971	173.679
48.6099	109.0019	174.513
48.9621	109.0067	175.364
49.3169	109.0118	176.228
49.6743	109.0170	177.100
50.0343	109.0218	177.979
50.3968	109.0259	178.868
50.7620	109.0295	179.770
51.1299	109.0332	-179.313
51.5004	109.0376	-178.382
51.8736	109.0426	-177.441
52.2495	109.0479	-176.492
52.6281	109.0527	-175.535
53.0095	109.0567	-174.567
53.3936	109.0600	-173.584
53.7805	109.0631	-172.586
54.1702	109.0665	-171.574
54.5628	109.0705	-170.551
54.9581	109.0749	-169.521
55.3564	109.0795	-168.485
55.7575	109.0837	-167.445
56.1616	109.0870	-166.398
56.5685	109.0898	-165.462
56.9785	109.0920	-164.497
57.3914	109.0945	-163.388
57.8072	109.0986	-162.268
58.2261	109.1038	-161.143
58.6481	109.1088	-160.015
59.0730	109.1127	-158.880
59.5011	109.1164	-157.844
59.9323	109.1201	-156.776
60.3666	109.1241	-155.581
60.8040	109.1290	-154.378
61.2446	109.1339	-153.172
61.6884	109.1395	-152.071
62.1355	109.1437	-150.954
62.5857	109.1466	-149.712
63.0392	109.1498	-148.459
63.4960	109.1540	-147.310
63.9562	109.1565	-146.147
64.4196	109.1574	-144.854
64.8864	109.1590	-143.540
65.3566	109.1641	-142.313
65.8302	109.1705	-141.089
66.3073	109.1738	-139.762
66.7877	109.1757	-138.528
67.2717	109.1767	-137.264
67.7592	109.1787	-135.877
68.2502	109.1839	-134.577
68.7448	109.1890	-133.278
69.2429	109.1907	-131.868
69.7447	109.1918	-130.532
70.2501	109.1938	-129.172
70.7591	109.1964	-127.709
71.2719	109.2002	-126.337
71.7884	109.2028	-124.954
72.3086	109.2055	-123.545
72.8325	109.2096	-122.120
73.3603	109.2132	-120.686
73.8919	109.2145	-119.236
74.4274	109.2146	-117.672
74.9667	109.2166	-116.174
75.5099	109.2207	-114.677
76.0571	109.2236	-113.192
76.6083	109.2239	-111.693
77.1634	109.2249	-110.153
77.7226	109.2324	-108.672
78.2858	109.2402	-107.112
78.8531	109.2444	-105.549
79.4245	109.2453	-103.961
80.0000	109.2446	-102.339
80.5797	109.2449	-100.697
81.1636	109.2465	-99.049
81.7518	109.2487	-97.485
82.3442	109.2493	-95.827
82.9409	109.2496	-94.148
83.5419	109.2509	-92.448
84.1473	109.2536	-90.732
84.7570	109.2572	-89.087
85.3712	109.2590	-87.339
85.9899	109.2616	-85.569
86.6130	109.2666	-83.874
87.2406	109.2688	-82.183
87.8728	109.2674	-80.381
88.5096	109.2671	-78.538
89.1509	109.2724	-76.747
89.7970	109.2799	-74.970
90.4477	109.2831	-73.107
91.1031	109.2843	-71.216
91.7633	109.2869	-69.379
92.4282	109.2883	-67.544
93.0980	109.2853	-65.688
93.7726	109.2828	-63.715
94.4521	109.2839	-61.713
95.1366	109.2893	-59.777
95.8260	109.2936	-57.851
96.5204	109.2946	-55.908
97.2198	109.2947	-53.941
97.9243	109.2949	-51.954
98.6339	109.2954	-49.942
99.3486	109.2976	-47.905
100.0685	109.3013	-45.856
100.7937	109.3045	-43.799
101.5241	109.3074	-41.726
102.2598	109.3098	-39.640
103.0008	109.3103	-37.534
103.7472	109.3090	-35.394
104.4990	109.3084	-33.225
105.2562	109.3095	-31.044
106.0189	109.3128	-28.858
106.7872	109.3170	-26.671
107.5610	109.3185	-24.463
108.3404	109.3172	-22.196
109.1255	109.3200	-19.948
109.9163	109.3236	-17.740
110.7128	109.3211	-15.471
111.5151	109.3199	-13.157
112.3231	109.3238	-10.817
113.1371	109.3268	-8.521
113.9569	109.3272	-6.159
114.7827	109.3306	-3.719
115.6145	109.3333	-1.296
116.4523	109.3338	1.073
117.2961	109.3366	3.460
118.1461	109.3360	5.919
119.0022	109.3319	8.371
119.8646	109.3375	10.859
120.7332	109.3438	13.379
121.6080	109.3431	15.869
122.4893	109.3453	18.429
123.3769	109.3486	20.967
124.2709	109.3454	23.521
125.1714	109.3446	26.113
126.0785	109.3449	28.708
126.9921	109.3438	31.348
127.9123	109.3488	34.030
128.8392	109.3554	36.693
129.7728	109.3533	39.378
130.7132	109.3519	42.137
131.6604	109.3573	44.884
132.6145	109.3558	47.620
133.5755	109.3512	50.389
134.5434	109.3547	53.236
135.5184	109.3543	56.049
136.5004	109.3530	58.862
137.4895	109.3635	61.762
138.4858	109.3665	64.640
139.4894	109.3601	67.534
140.5002	109.3600	70.413
141.5183	109.3582	73.351
142.5438	109.3614	76.348
143.5767	109.3662	79.314
144.6171	109.3686	82.322
145.6651	109.3671	85.323
146.7206	109.3622	88.397
147.7838	109.3693	91.499
148.8547	109.3730	94.610
149.9334	109.3686	97.779
151.0199	109.3717	100.952
152.1142	109.3754	104.137
153.2165	109.3773	107.338
154.3268	109.3751	110.543
155.4451	109.3790	113.736
156.5715	109.3852	116.942
157.7061	109.3822	120.240
158.8489	109.3791	123.626
160.0000	109.3873	126.963
161.1594	109.3831	130.306
162.3273	109.3848	133.727
163.5035	109.3853	137.088
164.6884	109.3889	140.487
165.8818	109.3915	143.983
167.0838	109.3934	147.494
168.2946	109.3886	151.015
169.5141	109.3928	154.541
170.7425	109.3950	158.148
171.9797	109.3946	161.674
173.2260	109.3880	165.308
174.4812	109.3965	168.919
175.7456	109.3957	172.574
177.0191	109.3982	176.234
178.3019	109.3939	179.972
179.5939	109.3992	-176.244
180.8953	109.3932	-172.460
182.2062	109.3999	-168.698
183.5265	109.3983	-164.964
184.8564	109.4016	-161.012
186.1960	109.4038	-157.153
187.5452	109.4048	-153.265
188.9043	109.4053	-149.313
190.2731	109.4095	-145.381
191.6519	109.4046	-141.350
193.0407	109.4036	-137.385
194.4396	109.4027	-133.301
195.8486	109.4078	-129.181
197.2678	109.4079	-125.080
198.6972	109.4119	-120.997
200.1371	109.4057	-116.871
201.5874	109.4134	-112.651
203.0482	109.4100	-108.417
204.5195	109.4094	-104.163
206.0016	109.4077	-99.904
207.4943	109.4106	-95.537
208.9979	109.4111	-91.231
210.5124	109.4092	-86.830
212.0379	109.4164	-82.483
213.5744	109.4139	-78.097
215.1220	109.4170	-73.588
216.6809	109.4165	-69.044
218.2510	109.4222	-64.576
219.8326	109.4230	-60.050
221.4256	109.4197	-55.408
223.0301	109.4139	-50.829
224.6463	109.4193	-46.131
226.2742	109.4297	-41.454
227.9138	109.4138	-36.747
229.5654	109.4251	-32.011
231.2289	109.4285	-27.223
232.9045	109.4281	-22.419
234.5922	109.4294	-17.592
236.2922	109.4315	-12.678
238.0045	109.4310	-7.835
239.7291	109.4345	-2.874
241.4663	109.4313	2.090
243.2161	109.4334	7.105
244.9785	109.4332	12.136
246.7537	109.4339	17.171
248.5418	109.4286	22.292
250.3428	109.4310	27.443
252.1569	109.4289	32.585
253.9842	109.4334	37.814
255.8246	109.4375	43.036
257.6785	109.4286	48.378
259.5457	109.4326	53.662
261.4265	109.4441	59.152
263.3209	109.4345	64.509
265.2290	109.4296	69.971
267.1510	109.3780	75.663
269.0869	109.4398	80.994
271.0368	109.4405	86.324
273.0008	109.4460	92.108
274.9791	109.4483	97.653
276.9717	109.4475	103.261
278.9788	109.4472	108.946
281.0003	109.4481	114.685
283.0366	109.4512	120.460
285.0876	109.4374	126.247
287.1535	109.4444	132.099
289.2343	109.4437	138.027
291.3302	109.4449	143.867
293.4413	109.4482	149.802
295.5677	109.4519	155.719
297.7095	109.4511	161.892
299.8668	109.4520	167.986
302.0398	109.4545	174.094
304.2285	109.4489	-179.793
306.4330	109.4520	-173.594
308.6536	109.4494	-167.330
310.8902	109.4485	-161.091
313.1431	109.4544	-154.890
315.4122	109.4504	-148.545
317.6978	109.4544	-142.097
320.0000	109.4574	-135.612
322.3189	109.4621	-129.146
324.6545	109.4593	-122.673
327.0071	109.4583	-116.131
329.3767	109.4594	-109.513
331.7635	109.4585	-102.820
334.1676	109.4614	-96.184
336.5891	109.4640	-89.403
339.0282	109.4573	-82.707
341.4849	109.4574	-75.852
343.9595	109.4611	-68.934
346.4519	109.4622	-62.085
348.9625	109.4613	-55.163
351.4912	109.4651	-48.175
354.0383	109.4646	-41.150
356.6038	109.4632	-34.043
359.1879	109.4593	-26.927
361.7907	109.4630	-19.711
364.4124	109.4625	-12.457
367.0530	109.4592	-5.170
369.7129	109.4598	2.167
372.3920	109.4653	9.511
375.0905	109.4636	16.969
377.8085	109.4611	24.450
380.5463	109.4682	31.952
383.3039	109.4645	39.515
386.0814	109.4677	47.047
388.8792	109.4678	54.766
391.6971	109.4656	62.514
394.5355	109.4647	70.234
397.3945	109.4640	78.037
400.2742	109.4674	86.003
403.1747	109.4669	93.993
406.0963	109.4658	101.972
409.0390	109.4679	110.015
412.0031	109.4656	118.053
414.9887	109.4674	126.156
417.9958	109.4629	134.377
421.0248	109.4649	142.717
424.0757	109.4638	151.016
427.1488	109.4702	159.411
430.2440	109.4629	167.883
433.3618	109.4687	176.378
436.5021	109.4595	-175.041
439.6652	109.4675	-166.362
442.8512	109.4605	-157.639
446.0602	109.4687	-148.863
449.2926	109.4647	-140.089
452.5483	109.4628	-131.151
455.8277	109.4666	-122.225
459.1308	109.4563	-113.172
462.4579	109.4672	-104.046
465.8090	109.4646	-94.859
469.1845	109.4654	-85.517
472.5844	109.4628	-76.246
476.0089	109.4572	-66.866
479.4583	109.4619	-57.292
482.9326	109.4616	-47.729
486.4321	109.4605	-38.191
489.9570	109.4580	-28.413
493.5075	109.4604	-18.570
497.0836	109.4593	-8.727
500.6857	109.4587	1.202
504.3139	109.4554	11.261
507.9683	109.4547	21.397
511.6493	109.4545	31.584
515.3569	109.4532	41.960
519.0914	109.4527	52.395
522.8529	109.4623	62.931
526.6418	109.4581	73.490
530.4580	109.4520	84.136
534.3019	109.4525	94.931
538.1737	109.4535	105.815
542.0735	109.4516	116.798
546.0016	109.4517	127.825
549.9582	109.4512	138.909
553.9434	109.4478	150.180
557.9575	109.4506	161.524
562.0007	109.4441	172.995
566.0732	109.4459	-175.421
570.1752	109.4481	-163.696
574.3069	109.4450	-151.870
578.4686	109.4488	-140.025
582.6604	109.4443	-128.043
586.8826	109.4405	-115.935
591.1354	109.4438	-103.768
595.4190	109.4426	-91.418
599.7336	109.4407	-78.928
604.0796	109.4441	-66.403
608.4570	109.4426	-53.752
612.8661	109.4407	-40.965
617.3072	109.4413	-28.062
621.7804	109.4430	-15.098
626.2861	109.4452	-1.992
630.8244	109.4389	11.338
635.3957	109.4355	24.689
640.0000	109.4398	38.181
644.6377	109.4394	51.789
649.3090	109.4439	65.511
654.0142	109.4377	79.386
658.7534	109.4384	93.350
663.5270	109.4374	107.446
668.3352	109.4406	121.701
673.1783	109.4369	136.075
678.0564	109.4386	150.534
682.9699	109.4393	165.168
687.9189	109.4383	179.911
692.9039	109.4398	-165.221
697.9249	109.4402	-150.176
702.9824	109.4411	-135.044
708.0765	109.4377	-119.783
713.2075	109.4411	-104.386
718.3757	109.4423	-88.827
723.5814	109.4391	-73.186
728.8247	109.4401	-57.354
734.1061	109.4412	-41.406
739.4257	109.4361	-25.309
744.7839	109.4421	-9.135
750.1809	109.4436	7.253
755.6170	109.4424	23.804
761.0926	109.4413	40.440
766.6077	109.4415	57.218
772.1629	109.4393	74.104
777.7583	109.4395	91.200
783.3943	109.4423	108.426
789.0711	109.4410	125.772
794.7890	109.4429	143.250
800.5484	109.4402	160.897
806.3495	109.4420	178.743
812.1926	109.4392	-163.331
818.0781	109.4407	-145.189
824.0062	109.4430	-126.985
829.9773	109.4433	-108.594
835.9917	109.4457	-90.062
842.0496	109.4430	-71.364
848.1515	109.4444	-52.484
854.2975	109.4474	-33.492
860.4881	109.4462	-14.336
866.7236	109.4452	4.983
873.0042	109.4461	24.456
879.3303	109.4479	44.094
885.7023	109.4451	63.871
892.1205	109.4489	83.844
898.5852	109.4492	103.983
905.0967	109.4499	124.245
911.6554	109.4520	144.643
918.2616	109.4525	165.253
924.9157	109.4552	-173.966
931.6180	109.4514	-153.037
938.3689	109.4561	-131.947
945.1687	109.4516	-110.704
952.0178	109.4526	-89.263
958.9165	109.4528	-67.660
965.8652	109.4568	-45.865
972.8643	109.4561	-23.955
979.9141	109.4565	-1.838
987.0149	109.4558	20.488
994.1672	109.4566	42.934
1001.3714	109.4520	65.539
1008.6277	109.4549	88.356
1015.9367	109.4540	111.363
1023.2986	109.4582	134.527
1030.7138	109.4606	157.907
1038.1828	109.4576	-178.585
1045.7059	109.4632	-154.864
1053.2835	109.4600	-130.965
1060.9160	109.4616	-106.880
1068.6039	109.4595	-82.635
1076.3474	109.4625	-58.129
1084.1471	109.4625	-33.502
1092.0032	109.4603	-8.676
1099.9164	109.4633	16.340
1107.8868	109.4623	41.540
1115.9150	109.4604	66.992
1124.0014	109.4623	92.574
1132.1464	109.4627	118.381
1140.3504	109.4675	144.386
1148.6138	109.4644	170.590
1156.9371	109.4644	-163.006
1165.3208	109.4661	-136.439
1173.7652	109.4671	-109.642
1182.2708	109.4704	-82.613
1190.8380	109.4680	-55.435
1199.4673	109.4669	-28.033
1208.1591	109.4654	-0.383
1216.9139	109.4677	27.448
1225.7322	109.4711	55.461
1234.6144	109.4630	83.747
1243.5609	109.4667	112.196
1252.5722	109.4696	140.901
1261.6489	109.4707	169.777
1270.7913	109.4677	-161.092
1280.0000	109.4648	-131.784
1289.2754	109.4662	-102.209
1298.6180	109.4722	-72.401
1308.0284	109.4732	-42.411
1317.5069	109.4688	-12.200
1327.0541	109.4723	18.221
1336.6704	109.4696	48.918
1346.3565	109.4662	79.799
1356.1128	109.4673	110.987
1365.9397	109.4704	142.374
1375.8379	109.4704	173.965
1385.8078	109.4665	-154.200
1395.8499	109.4676	-122.119
1405.9648	109.4668	-89.796
1416.1530	109.4710	-57.225
1426.4150	109.4675	-24.452
1436.7514	109.4690	8.623
1447.1627	109.4710	41.918
1457.6495	109.4682	75.450
1468.2122	109.4671	109.226
1478.8515	109.4681	143.283
1489.5678	109.4682	177.573
1500.3618	109.4703	-147.886
1511.2341	109.4664	-113.051
1522.1851	109.4664	-77.985
1533.2155	109.4648	-42.655
1544.3258	109.4643	-7.079
1555.5166	109.4635	28.776
1566.7885	109.4610	64.904
1578.1421	109.4623	101.289
1589.5780	109.4626	137.913
1601.0967	109.4616	174.850
1612.6989	109.4570	-147.953
1624.3852	109.4586	-110.454
1636.1562	109.4588	-72.722
1648.0125	109.4588	-34.699
1659.9546	109.4609	3.601
1671.9833	109.4575	42.181
1684.0992	109.4559	81.063
1696.3029	109.4581	120.237
1708.5950	109.4554	159.695
1720.9762	109.4560	-160.569
1733.4471	109.4490	-120.547
1746.0084	109.4524	-80.233
1758.6607	109.4536	-39.608
1771.4046	109.4515	1.351
1784.2410	109.4490	42.558
1797.1703	109.4482	84.109
1810.1934	109.4476	125.913
1823.3108	109.4456	168.082
1836.5232	109.4466	-149.508
1849.8314	109.4461	-106.711
1863.2361	109.4448	-63.637
1876.7379	109.4422	-20.232
1890.3375	109.4414	23.466
1904.0356	109.4407	67.495
1917.8331	109.4425	111.865
1931.7305	109.4420	156.541
1945.7286	109.4388	-158.452
1959.8281	109.4385	-113.087
1974.0299	109.4346	-67.428
1988.3345	109.4353	-21.411
2002.7428	109.4282	24.907
2017.2555	109.4338	71.624
2031.8733	109.4309	118.622
2046.5971	109.4279	166.010
2061.4276	109.4288	-146.267
2076.3656	109.4241	-98.211
2091.4118	109.4270	-49.793
2106.5670	109.4252	-1.018
2121.8321	109.4260	48.107
2137.2077	109.4231	97.598
2152.6948	109.4234	147.447
2168.2941	109.4229	-162.321
2184.0065	109.4220	-111.740
2199.8327	109.4205	-60.787
2215.7736	109.4187	-9.454
2231.8300	109.4197	42.237
2248.0028	109.4189	94.322
2264.2927	109.4176	146.795
2280.7007	109.4170	-160.361
2297.2276	109.4124	-107.117
2313.8743	109.4135	-53.508
2330.6416	109.4129	0.481
2347.5304	109.4161	54.883
2364.5415	109.4126	109.696
2381.6760	109.4131	164.898
2398.9346	109.4134	-139.484
2416.3182	109.4092	-83.469
2433.8279	109.4122	-27.036
2451.4644	109.4110	29.794
2469.2287	109.4091	87.053
2487.1218	109.4101	144.715
2505.1445	109.4119	-157.187
2523.2978	109.4092	-98.670
2541.5826	109.4083	-39.736
2560.0000	109.4083	19.651
2578.5508	109.4107	79.451
2597.2361	109.4106	139.677
2616.0567	109.4096	-159.636
2635.0137	109.4126	-98.497
2654.1081	109.4116	-36.928
2673.3409	109.4099	25.064
2692.7130	109.4106	87.568
2712.2255	109.4118	150.506
2731.8794	109.4130	-146.126
2751.6758	109.4097	-82.262
2771.6155	109.4165	-17.952
2791.6998	109.4128	46.798
2811.9296	109.4123	112.091
2832.3060	109.4139	177.825
2852.8301	109.4169	-115.948
2873.5028	109.4213	-49.250
2894.3254	109.4174	17.935
2915.2989	109.4132	85.602
2936.4244	109.4177	153.752
2957.7029	109.4188	-137.605
2979.1356	109.4220	-68.419
3000.7237	109.4215	1.262
3022.4682	109.4270	71.461
3044.3702	109.4262	142.127
3066.4310	109.4261	-146.655
3088.6516	109.4282	-74.937
3111.0332	109.4298	-2.691
3133.5771	109.4285	70.076
3156.2843	109.4303	143.387
3179.1560	109.4294	-142.762
3202.1935	109.4329	-68.373
3225.3979	109.4323	6.521
3248.7705	109.4332	81.998
3272.3124	109.4365	158.007
3296.0249	109.4334	-125.421
3319.9093	109.4396	-48.284
3343.9667	109.4353	29.400
3368.1985	109.4383	107.669
3392.6058	109.4389	-173.527
3417.1900	109.4399	-94.123
3441.9524	109.4381	-14.157
3466.8942	109.4407	66.435
3492.0167	109.4413	147.571
3517.3213	109.4389	-130.695
3542.8093	109.4438	-48.363
3568.4820	109.4387	34.586
3594.3406	109.4414	118.102
3620.3867	109.4377	-157.745
3646.6215	109.4446	-72.986
3673.0465	109.4426	12.379
3699.6629	109.4387	98.354
3726.4721	109.4410	-175.022
3753.4757	109.4376	-87.755
3780.6749	109.4387	0.121
3808.0713	109.4392	88.632
3835.6661	109.4379	177.807
3863.4609	109.4370	-92.375
3891.4572	109.4385	-1.901
3919.6563	109.4381	89.204
3948.0597	109.4338	-179.000
3976.6690	109.4349	-86.550
4005.4856	109.4355	6.586
4034.5110	109.4322	100.389
4063.7467	109.4323	-165.110
4093.1943	109.4314	-69.973
4122.8552	109.4284	25.919
4152.7312	109.4283	122.472
4182.8236	109.4286	-140.278
4213.1340	109.4274	-42.297
4243.6641	109.4268	56.368
4274.4155	109.4240	155.778
4305.3896	109.4235	-104.114
4336.5883	109.4254	-3.280
4368.0130	109.4253	98.293
4399.6654	109.4224	-159.376
4431.5472	109.4247	-56.320
4463.6600	109.4208	47.480
4496.0055	109.4240	152.040
4528.5854	109.4232	-102.613
4561.4014	109.4230	3.438
4594.4552	109.4248	110.309
4627.7485	109.4251	-142.060
4661.2831	109.4264	-33.619
4695.0607	109.4274	75.568
4729.0830	109.4255	-174.407
4763.3519	109.4308	-63.624
4797.8691	109.4322	47.992
4832.6365	109.4322	160.410
4867.6558	109.4324	-86.339
4902.9288	109.4367	27.713
4938.4574	109.4370	142.605
4974.2435	109.4400	-101.677
5010.2890	109.4433	14.901
5046.5956	109.4460	132.309
5083.1653	109.4496	-109.397
5120.0000	109.4496	9.721
5157.1016	109.4545	129.721
5194.4721	109.4581	-109.405
5232.1134	109.4618	12.360
5270.0275	109.4618	134.997
5308.2162	109.4668	-101.473
5346.6818	109.4701	22.970
5385.4260	109.4723	148.294
5424.4510	109.4754	-85.455
5463.7589	109.4773	41.725
5503.3515	109.4792	169.826
5543.2311	109.4846	-61.150
5583.3996	109.4851	68.813
5623.8592	109.4844	-160.259
5664.6120	109.4876	-28.396
5705.6601	109.4889	104.430
5747.0057	109.4923	-121.775
5788.6509	109.4931	13.003
5830.5978	109.4932	148.724
5872.8487	109.4937	-74.532
5915.4058	109.4938	63.194
5958.2713	109.4929	-158.106
6001.4474	109.4958	-18.347
6044.9363	109.4957	122.412
6088.7404	109.4918	-95.807
6132.8620	109.4944	46.987
6177.3032	109.4904	-169.161
6222.0665	109.4904	-24.286
6267.1541	109.4878	121.652
6312.5685	109.4872	-91.356
6358.3120	109.4868	56.700
6404.3869	109.4831	-154.159
6450.7958	109.4805	-3.934
6497.5409	109.4761	147.380
6544.6248	109.4784	-60.214
6592.0498	109.4744	93.304
6639.8185	109.4711	-112.088
6687.9334	109.4682	43.678
6736.3969	109.4656	-159.438
6785.2116	109.4635	-1.421
6834.3801	109.4619	157.741
6883.9048	109.4618	-41.930
6933.7884	109.4612	119.556
6984.0335	109.4588	-77.778
7034.6427	109.4569	86.042
7085.6186	109.4564	-108.915
7136.9639	109.4556	57.314
7188.6813	109.4542	-135.239
7240.7734	109.4560	33.424
7293.2431	109.4548	-156.710
7346.0929	109.4556	14.418
7399.3257	109.4540	-173.211
7452.9443	109.4565	0.412
7506.9514	109.4591	175.302
7561.3499	109.4582	-8.538
7616.1425	109.4604	168.902
7671.3322	109.4614	-12.350
7726.9219	109.4604	167.664
7782.9143	109.4648	-10.988
7839.3125	109.4610	171.684
7896.1194	109.4641	-4.332
7953.3380	109.4629	-178.989
8010.9711	109.4689	7.687
8069.0219	109.4603	-164.277
8127.4934	109.4619	25.134
8186.3886	109.4622	-144.081
8245.7105	109.4589	48.093
8305.4623	109.4560	-118.342
8365.6471	109.4517	76.629
8426.2680	109.4500	-86.974
8487.3283	109.4485	110.842
8548.8309	109.4426	-49.918
8610.7793	109.4380	150.782
8673.1765	109.4355	-7.061
8736.0260	109.4339	-163.445
8799.3308	109.4285	41.649
8863.0944	109.4237	-111.755
8927.3200	109.4203	96.318
8992.0111	109.4160	-54.107
9057.1709	109.4123	157.005
9122.8029	109.4088	9.657
9188.9105	109.4052	-136.175
9255.4971	109.4018	79.571
9322.5662	109.4019	-63.129
9390.1214	109.4021	155.757
9458.1661	109.4012	16.217
9526.7039	109.3996	-121.733
9595.7383	109.3995	101.974
9665.2730	109.4007	-32.718
9735.3115	109.4036	-165.756
9805.8576	109.4042	62.840
9876.9149	109.4056	-66.904
9948.4871	109.4100	165.047
10020.5779	109.4140	38.677
10093.1912	109.4171	-85.993
10166.3306	109.4182	151.035
10240.0000	109.4235	29.793
10314.2033	109.4250	-89.703
10388.9442	109.4310	152.551
10464.2268	109.4327	36.563
10540.0549	109.4361	-77.655
10616.4325	109.4347	169.926
10693.3635	109.4369	59.295
10770.8521	109.4405	-49.523
10848.9021	109.4400	-156.522
10927.5177	109.4372	98.315
11006.7030	109.4396	-5.020
11086.4621	109.4373	-106.462
11166.7992	109.4392	153.953
11247.7184	109.4362	56.248
11329.2240	109.4358	-39.550
11411.3202	109.4348	-133.437
11494.0114	109.4338	134.618
11577.3017	109.4368	44.584
11661.1956	109.4372	-43.441
11745.6975	109.4372	-129.526
11830.8116	109.4402	146.370
11916.5426	109.4412	64.277
12002.8947	109.4449	-15.792
12089.8727	109.4476	-93.841
12177.4809	109.4512	-169.826
12265.7239	109.4569	116.259
12354.6064	109.4571	44.403
12444.1330	109.4648	-25.352
12534.3083	109.4665	-92.987
12625.1370	109.4732	-158.511
12716.6240	109.4750	138.110
12808.7739	109.4757	76.904
12901.5916	109.4784	17.863
12995.0818	109.4769	-38.998
13089.2495	109.4760	-93.665
13184.0996	109.4784	-146.096
13279.6370	109.4739	163.674
13375.8668	109.4688	115.722
13472.7938	109.4644	69.991
13570.4232	109.4611	26.545
13668.7601	109.4538	-14.596
13767.8096	109.4495	-53.444
13867.5768	109.4441	-89.976
13968.0670	109.4383	-124.113
14069.2853	109.4317	-155.951
14171.2372	109.4311	174.621
14273.9278	109.4269	147.576
14377.3626	109.4228	122.951
14481.5469	109.4214	100.746
14586.4861	109.4206	81.025
14692.1858	109.4210	63.750
14798.6515	109.4211	48.986
14905.8886	109.4201	36.684
15013.9028	109.4189	26.975
15122.6997	109.4183	19.779
15232.2851	109.4154	15.130
15342.6645	109.4139	13.080
15453.8437	109.4122	13.632
15565.8287	109.4073	16.791
15678.6251	109.4062	22.560
15792.2389	109.3998	31.000
15906.6759	109.3941	42.090
16021.9423	109.3877	55.887
16138.0439	109.3843	72.350
16254.9868	109.3813	91.564
16372.7771	109.3806	113.505
16491.4210	109.3759	138.235
16610.9246	109.3768	165.711
16731.2942	109.3771	-164.005
16852.5361	109.3772	-130.882
16974.6565	109.3823	-94.896
17097.6619	109.3871	-56.025
17221.5586	109.3917	-14.257
17346.3531	109.4003	30.412
17472.0519	109.4060	78.011
17598.6616	109.4108	128.583
17726.1888	109.4134	-177.885
17854.6400	109.4162	-121.310
17984.0221	109.4180	-61.770
18114.3418	109.4223	0.845
18245.6057	109.4200	66.495
18377.8209	109.4158	135.230
18510.9942	109.4148	-152.962
18645.1325	109.4117	-78.005
18780.2428	109.4078	0.090
18916.3322	109.4052	81.341
19053.4077	109.4053	165.779
19191.4766	109.4084	-106.528
19330.5459	109.4069	-15.634
19470.6230	109.4086	78.546
19611.7152	109.4112	176.027
19753.8298	109.4086	-83.188
19896.9742	109.4097	20.971
