* Helix DSP Ultra S, output layer - phase control at 180 deg, both crossovers bypassed.
* ELECTRICAL loop, no microphone: Scarlett 2i2 out L -> Helix line in,
* Helix line out -> Scarlett in 1; out R -> in 2 direct as the timing
* reference, timing offset 0. Everything else in the channel off; no gain,
* level or routing changed within a set, so the ratio to the set's reference
* is the filter alone.
* REW V5.40 beta 132 measurement #32 'v0_bypass phase=180deg', 2026-Sep-01 17:27:50, 512k sweep, 1 average, 96 kHz,
* 10 Hz - 30 kHz, loopback timing reference. SNR 45.4 dB, delay 0.4139 ms.
* Levels are REW's electrical dB (splOffset 102.34); only ratios within a set carry meaning.
* frequency_Hz<TAB>dB<TAB>phase_deg - REW's UNSMOOTHED raw spectrum (linear bins) resampled to 1/96 octave by complex averaging within each cell,
* with the measurement's own delay removed before averaging and restored after, so the cell average carries no rotation loss.
20.0000	87.9910	56.861
20.1449	88.0100	56.456
20.2909	88.0289	56.037
20.4379	88.0567	55.446
20.5860	88.0662	55.222
20.7352	88.0845	54.817
20.8855	88.1017	54.443
21.0368	88.1207	54.013
21.1893	88.1448	53.488
21.3428	88.1562	53.216
21.4975	88.1736	52.820
21.6532	88.1860	52.537
21.8102	88.2078	52.034
21.9682	88.2254	51.634
22.1274	88.2413	51.256
22.2877	88.2632	50.755
22.4492	88.2740	50.486
22.6119	88.2900	50.103
22.7758	88.2993	49.875
22.9408	88.3214	49.345
23.1071	88.3339	49.043
23.2745	88.3522	48.595
23.4432	88.3671	48.235
23.6130	88.3825	47.855
23.7841	88.3994	47.449
23.9565	88.4126	47.123
24.1301	88.4313	46.682
24.3049	88.4427	46.395
24.4811	88.4625	45.927
24.6585	88.4723	45.668
24.8372	88.4922	45.183
25.0171	88.5007	44.941
25.1984	88.5195	44.450
25.3810	88.5270	44.219
25.5649	88.5442	43.736
25.7502	88.5512	43.508
25.9368	88.5669	43.049
26.1247	88.5743	42.816
26.3141	88.5892	42.389
26.5047	88.5979	42.141
26.6968	88.6125	41.750
26.8903	88.6228	41.474
27.0851	88.6368	41.119
27.2814	88.6489	40.805
27.4791	88.6612	40.489
27.6782	88.6743	40.128
27.8788	88.6839	39.860
28.0808	88.6976	39.448
28.2843	88.7042	39.239
28.4892	88.7224	38.666
28.6957	88.7285	38.447
28.9036	88.7397	38.083
29.1131	88.7485	37.800
29.3240	88.7574	37.517
29.5365	88.7693	37.160
29.7506	88.7756	36.958
29.9661	88.7934	36.433
30.1833	88.8002	36.195
30.4020	88.8097	35.881
30.6223	88.8185	35.553
30.8442	88.8240	35.340
31.0677	88.8370	34.851
31.2929	88.8428	34.621
31.5196	88.8500	34.349
31.7480	88.8640	33.896
31.9781	88.8688	33.728
32.2098	88.8791	33.414
32.4432	88.8882	33.135
32.6783	88.8945	32.932
32.9151	88.9090	32.486
33.1536	88.9160	32.235
33.3939	88.9222	32.011
33.6359	88.9344	31.583
33.8796	88.9406	31.352
34.1251	88.9465	31.133
34.3724	88.9591	30.727
34.6215	88.9662	30.492
34.8723	88.9722	30.286
35.1250	88.9848	29.881
35.3796	88.9914	29.620
35.6359	88.9957	29.440
35.8942	89.0049	29.047
36.1543	89.0131	28.672
36.4163	89.0170	28.492
36.6802	89.0220	28.274
36.9460	89.0326	27.925
37.2137	89.0402	27.692
37.4834	89.0449	27.533
37.7550	89.0574	27.171
38.0286	89.0680	26.800
38.3041	89.0727	26.564
38.5817	89.0759	26.391
38.8613	89.0815	26.040
39.1429	89.0867	25.711
39.4265	89.0934	25.399
39.7122	89.0974	25.239
40.0000	89.1024	25.049
40.2899	89.1129	24.737
40.5818	89.1232	24.415
40.8759	89.1321	24.090
41.1721	89.1352	23.928
41.4704	89.1394	23.726
41.7710	89.1459	23.416
42.0736	89.1525	23.115
42.3785	89.1596	22.818
42.6856	89.1636	22.630
42.9949	89.1667	22.474
43.3065	89.1729	22.177
43.6203	89.1780	21.885
43.9364	89.1826	21.605
44.2548	89.1875	21.334
44.5755	89.1936	21.070
44.8985	89.2005	20.803
45.2238	89.2040	20.645
45.5515	89.2076	20.483
45.8816	89.2138	20.207
46.2141	89.2186	19.933
46.5490	89.2225	19.666
46.8863	89.2260	19.408
47.2261	89.2302	19.159
47.5683	89.2354	18.911
47.9130	89.2412	18.661
48.2602	89.2469	18.406
48.6099	89.2517	18.148
48.9621	89.2553	17.892
49.3169	89.2580	17.645
49.6743	89.2606	17.407
50.0343	89.2641	17.179
50.3968	89.2690	16.952
50.7620	89.2747	16.722
51.1299	89.2806	16.486
51.5004	89.2855	16.246
51.8736	89.2894	16.008
52.2495	89.2926	15.777
52.6281	89.2959	15.553
53.0095	89.2998	15.332
53.3936	89.3039	15.110
53.7805	89.3077	14.887
54.1702	89.3106	14.666
54.5628	89.3131	14.453
54.9581	89.3160	14.249
55.3564	89.3202	14.049
55.7575	89.3258	13.844
56.1616	89.3316	13.629
56.5685	89.3376	13.323
56.9785	89.3397	13.025
57.3914	89.3402	12.824
57.8072	89.3418	12.633
58.2261	89.3450	12.445
58.6481	89.3494	12.250
59.0730	89.3537	12.046
59.5011	89.3577	11.765
59.9323	89.3593	11.495
60.3666	89.3602	11.305
60.8040	89.3620	11.120
61.2446	89.3646	10.936
61.6884	89.3691	10.686
62.1355	89.3731	10.434
62.5857	89.3754	10.245
63.0392	89.3776	10.059
63.4960	89.3814	9.815
63.9562	89.3854	9.569
64.4196	89.3878	9.380
64.8864	89.3899	9.192
65.3566	89.3923	8.948
65.8302	89.3944	8.709
66.3073	89.3957	8.530
66.7877	89.3980	8.302
67.2717	89.4013	8.080
67.7592	89.4043	7.907
68.2502	89.4092	7.674
68.7448	89.4131	7.434
69.2429	89.4144	7.250
69.7447	89.4156	7.023
70.2501	89.4178	6.804
70.7591	89.4199	6.631
71.2719	89.4222	6.404
71.7884	89.4227	6.181
72.3086	89.4232	5.979
72.8325	89.4263	5.786
73.3603	89.4319	5.578
73.8919	89.4366	5.354
74.4274	89.4382	5.175
74.9667	89.4392	4.958
75.5099	89.4407	4.750
76.0571	89.4432	4.543
76.6083	89.4459	4.333
77.1634	89.4485	4.122
77.7226	89.4517	3.864
78.2858	89.4532	3.649
78.8531	89.4539	3.440
79.4245	89.4549	3.238
80.0000	89.4570	3.036
80.5797	89.4588	2.829
81.1636	89.4593	2.626
81.7518	89.4606	2.402
82.3442	89.4637	2.215
82.9409	89.4678	2.015
83.5419	89.4705	1.805
84.1473	89.4704	1.601
84.7570	89.4703	1.384
85.3712	89.4728	1.208
85.9899	89.4772	1.016
86.6130	89.4800	0.768
87.2406	89.4781	0.540
87.8728	89.4781	0.370
88.5096	89.4822	0.194
89.1509	89.4877	-0.045
89.7970	89.4885	-0.287
90.4477	89.4894	-0.478
91.1031	89.4920	-0.678
91.7633	89.4924	-0.926
92.4282	89.4895	-1.142
93.0980	89.4921	-1.333
93.7726	89.4964	-1.522
94.4521	89.4976	-1.725
95.1366	89.4969	-1.932
95.8260	89.5002	-2.126
96.5204	89.5036	-2.347
97.2198	89.5027	-2.554
97.9243	89.5056	-2.733
98.6339	89.5136	-2.951
99.3486	89.5149	-3.212
100.0685	89.5096	-3.437
100.7937	89.5078	-3.625
101.5241	89.5099	-3.825
102.2598	89.5116	-4.034
103.0008	89.5139	-4.245
103.7472	89.5152	-4.467
104.4990	89.5141	-4.673
105.2562	89.5164	-4.861
106.0189	89.5208	-5.077
106.7872	89.5202	-5.302
107.5610	89.5195	-5.494
108.3404	89.5236	-5.697
109.1255	89.5231	-5.956
109.9163	89.5198	-6.168
110.7128	89.5229	-6.358
111.5151	89.5250	-6.573
112.3231	89.5251	-6.779
113.1371	89.5276	-7.000
113.9569	89.5295	-7.230
114.7827	89.5311	-7.433
115.6145	89.5328	-7.647
116.4523	89.5309	-7.873
117.2961	89.5319	-8.065
118.1461	89.5370	-8.268
119.0022	89.5378	-8.508
119.8646	89.5390	-8.714
120.7332	89.5440	-8.924
121.6080	89.5441	-9.177
122.4893	89.5423	-9.391
123.3769	89.5449	-9.612
124.2709	89.5444	-9.847
125.1714	89.5435	-10.057
126.0785	89.5461	-10.273
126.9921	89.5479	-10.516
127.9123	89.5453	-10.754
128.8392	89.5443	-10.953
129.7728	89.5487	-11.163
130.7132	89.5517	-11.397
131.6604	89.5531	-11.626
132.6145	89.5536	-11.848
133.5755	89.5562	-12.080
134.5434	89.5571	-12.324
135.5184	89.5529	-12.543
136.5004	89.5538	-12.750
137.4895	89.5573	-12.973
138.4858	89.5579	-13.212
139.4894	89.5565	-13.433
140.5002	89.5652	-13.654
141.5183	89.5691	-13.930
142.5438	89.5641	-14.165
143.5767	89.5636	-14.384
144.6171	89.5637	-14.607
145.6651	89.5670	-14.841
146.7206	89.5648	-15.091
147.7838	89.5664	-15.303
148.8547	89.5702	-15.549
149.9334	89.5685	-15.790
151.0199	89.5701	-16.037
152.1142	89.5681	-16.305
153.2165	89.5652	-16.527
154.3268	89.5694	-16.749
155.4451	89.5730	-17.034
156.5715	89.5702	-17.284
157.7061	89.5736	-17.520
158.8489	89.5714	-17.769
160.0000	89.5723	-17.985
161.1594	89.5735	-18.232
162.3273	89.5747	-18.466
163.5035	89.5762	-18.749
164.6884	89.5735	-19.010
165.8818	89.5745	-19.257
167.0838	89.5749	-19.510
168.2946	89.5757	-19.757
169.5141	89.5810	-20.014
170.7425	89.5801	-20.277
171.9797	89.5822	-20.512
173.2260	89.5827	-20.799
174.4812	89.5784	-21.033
175.7456	89.5807	-21.281
177.0191	89.5824	-21.545
178.3019	89.5831	-21.830
179.5939	89.5829	-22.083
180.8953	89.5872	-22.350
182.2062	89.5898	-22.618
183.5265	89.5919	-22.904
184.8564	89.5887	-23.164
186.1960	89.5877	-23.427
187.5452	89.5875	-23.671
188.9043	89.5902	-23.957
190.2731	89.5860	-24.245
191.6519	89.5878	-24.506
193.0407	89.5902	-24.799
194.4396	89.5917	-25.072
195.8486	89.5912	-25.357
197.2678	89.5926	-25.626
198.6972	89.5909	-25.904
200.1371	89.5965	-26.181
201.5874	89.5933	-26.480
203.0482	89.5946	-26.757
204.5195	89.5952	-27.056
206.0016	89.5938	-27.338
207.4943	89.5976	-27.636
208.9979	89.5964	-27.931
210.5124	89.5964	-28.214
212.0379	89.5985	-28.504
213.5744	89.5995	-28.823
215.1220	89.5977	-29.119
216.6809	89.5972	-29.421
218.2510	89.5958	-29.715
219.8326	89.5966	-29.993
221.4256	89.6020	-30.309
223.0301	89.5989	-30.666
224.6463	89.6001	-30.961
226.2742	89.5956	-31.285
227.9138	89.6031	-31.550
229.5654	89.6031	-31.844
231.2289	89.6044	-32.162
232.9045	89.6030	-32.447
234.5922	89.6039	-32.782
236.2922	89.6046	-33.104
238.0045	89.6060	-33.438
239.7291	89.6066	-33.751
241.4663	89.6067	-34.099
243.2161	89.6037	-34.401
244.9785	89.6048	-34.746
246.7537	89.6045	-35.082
248.5418	89.6081	-35.407
250.3428	89.6123	-35.753
252.1569	89.6114	-36.045
253.9842	89.6124	-36.419
255.8246	89.6037	-36.733
257.6785	89.6087	-37.109
259.5457	89.6128	-37.485
261.4265	89.6104	-37.786
263.3209	89.6120	-38.033
265.2290	89.5917	-38.318
267.1510	89.5632	-38.790
269.0869	89.5952	-38.831
271.0368	89.6190	-39.540
273.0008	89.6138	-39.941
274.9791	89.6153	-40.281
276.9717	89.6116	-40.568
278.9788	89.6114	-40.963
281.0003	89.6110	-41.361
283.0366	89.6122	-41.755
285.0876	89.6166	-42.077
287.1535	89.6183	-42.456
289.2343	89.6124	-42.835
291.3302	89.6172	-43.192
293.4413	89.6186	-43.560
295.5677	89.6217	-43.986
297.7095	89.6164	-44.353
299.8668	89.6175	-44.716
302.0398	89.6143	-45.117
304.2285	89.6162	-45.505
306.4330	89.6196	-45.898
308.6536	89.6216	-46.307
310.8902	89.6287	-46.694
313.1431	89.6227	-47.093
315.4122	89.6191	-47.501
317.6978	89.6191	-47.913
320.0000	89.6225	-48.302
322.3189	89.6247	-48.728
324.6545	89.6253	-49.125
327.0071	89.6262	-49.575
329.3767	89.6249	-49.990
331.7635	89.6257	-50.401
334.1676	89.6254	-50.826
336.5891	89.6236	-51.240
339.0282	89.6272	-51.676
341.4849	89.6285	-52.090
343.9595	89.6229	-52.514
346.4519	89.6224	-52.968
348.9625	89.6254	-53.417
351.4912	89.6255	-53.828
354.0383	89.6293	-54.256
356.6038	89.6267	-54.738
359.1879	89.6243	-55.204
361.7907	89.6281	-55.641
364.4124	89.6299	-56.093
367.0530	89.6256	-56.532
369.7129	89.6290	-57.022
372.3920	89.6244	-57.501
375.0905	89.6252	-57.961
377.8085	89.6294	-58.433
380.5463	89.6266	-58.906
383.3039	89.6295	-59.374
386.0814	89.6291	-59.870
388.8792	89.6308	-60.337
391.6971	89.6322	-60.818
394.5355	89.6321	-61.336
397.3945	89.6304	-61.830
400.2742	89.6313	-62.312
403.1747	89.6326	-62.812
406.0963	89.6338	-63.322
409.0390	89.6332	-63.842
412.0031	89.6346	-64.330
414.9887	89.6350	-64.846
417.9958	89.6351	-65.374
421.0248	89.6370	-65.888
424.0757	89.6350	-66.400
427.1488	89.6364	-66.922
430.2440	89.6394	-67.470
433.3618	89.6400	-68.010
436.5021	89.6386	-68.555
439.6652	89.6347	-69.112
442.8512	89.6358	-69.659
446.0602	89.6399	-70.187
449.2926	89.6402	-70.717
452.5483	89.6365	-71.300
455.8277	89.6383	-71.871
459.1308	89.6435	-72.440
462.4579	89.6405	-73.008
465.8090	89.6408	-73.558
469.1845	89.6413	-74.150
472.5844	89.6428	-74.718
476.0089	89.6413	-75.294
479.4583	89.6401	-75.881
482.9326	89.6403	-76.475
486.4321	89.6395	-77.072
489.9570	89.6429	-77.680
493.5075	89.6393	-78.272
497.0836	89.6425	-78.865
500.6857	89.6422	-79.504
504.3139	89.6438	-80.107
507.9683	89.6408	-80.744
511.6493	89.6418	-81.369
515.3569	89.6440	-81.978
519.0914	89.6406	-82.595
522.8529	89.6448	-83.244
526.6418	89.6445	-83.880
530.4580	89.6467	-84.535
534.3019	89.6556	-85.129
538.1737	89.6494	-85.835
542.0735	89.6424	-86.520
546.0016	89.6474	-87.158
549.9582	89.6452	-87.855
553.9434	89.6457	-88.492
557.9575	89.6460	-89.161
562.0007	89.6439	-89.864
566.0732	89.6476	-90.553
570.1752	89.6504	-91.237
574.3069	89.6482	-91.921
578.4686	89.6487	-92.638
582.6604	89.6470	-93.360
586.8826	89.6497	-94.047
591.1354	89.6516	-94.762
595.4190	89.6514	-95.489
599.7336	89.6480	-96.201
604.0796	89.6513	-96.947
608.4570	89.6479	-97.676
612.8661	89.6479	-98.413
617.3072	89.6482	-99.155
621.7804	89.6516	-99.903
626.2861	89.6556	-100.693
630.8244	89.6527	-101.454
635.3957	89.6512	-102.204
640.0000	89.6517	-102.956
644.6377	89.6546	-103.715
649.3090	89.6564	-104.528
654.0142	89.6575	-105.304
658.7534	89.6544	-106.119
663.5270	89.6560	-106.928
668.3352	89.6539	-107.734
673.1783	89.6544	-108.559
678.0564	89.6534	-109.350
682.9699	89.6513	-110.200
687.9189	89.6552	-111.038
692.9039	89.6579	-111.863
697.9249	89.6555	-112.697
702.9824	89.6567	-113.550
708.0765	89.6592	-114.381
713.2075	89.6558	-115.226
718.3757	89.6558	-116.126
723.5814	89.6592	-116.973
728.8247	89.6545	-117.865
734.1061	89.6535	-118.723
739.4257	89.6586	-119.634
744.7839	89.6581	-120.507
750.1809	89.6632	-121.417
755.6170	89.6591	-122.309
761.0926	89.6574	-123.243
766.6077	89.6631	-124.161
772.1629	89.6583	-125.070
777.7583	89.6617	-126.040
783.3943	89.6633	-126.968
789.0711	89.6603	-127.915
794.7890	89.6601	-128.870
800.5484	89.6589	-129.810
806.3495	89.6577	-130.836
812.1926	89.6612	-131.766
818.0781	89.6623	-132.747
824.0062	89.6625	-133.737
829.9773	89.6609	-134.732
835.9917	89.6623	-135.743
842.0496	89.6648	-136.739
848.1515	89.6572	-137.764
854.2975	89.6600	-138.801
860.4881	89.6621	-139.823
866.7236	89.6622	-140.899
873.0042	89.6632	-141.931
879.3303	89.6599	-142.976
885.7023	89.6646	-144.049
892.1205	89.6642	-145.105
898.5852	89.6657	-146.187
905.0967	89.6636	-147.263
911.6554	89.6616	-148.370
918.2616	89.6647	-149.450
924.9157	89.6654	-150.572
931.6180	89.6673	-151.698
938.3689	89.6638	-152.810
945.1687	89.6654	-153.964
952.0178	89.6637	-155.115
958.9165	89.6662	-156.234
965.8652	89.6652	-157.399
972.8643	89.6658	-158.570
979.9141	89.6635	-159.739
987.0149	89.6643	-160.924
994.1672	89.6625	-162.128
1001.3714	89.6621	-163.346
1008.6277	89.6621	-164.545
1015.9367	89.6650	-165.791
1023.2986	89.6687	-166.989
1030.7138	89.6607	-168.217
1038.1828	89.6631	-169.452
1045.7059	89.6625	-170.729
1053.2835	89.6622	-171.973
1060.9160	89.6712	-173.265
1068.6039	89.6656	-174.561
1076.3474	89.6667	-175.873
1084.1471	89.6656	-177.158
1092.0032	89.6657	-178.424
1099.9164	89.6651	-179.773
1107.8868	89.6666	178.907
1115.9150	89.6619	177.537
1124.0014	89.6623	176.195
1132.1464	89.6644	174.869
1140.3504	89.6612	173.483
1148.6138	89.6629	172.109
1156.9371	89.6670	170.697
1165.3208	89.6630	169.332
1173.7652	89.6616	167.913
1182.2708	89.6644	166.487
1190.8380	89.6647	165.046
1199.4673	89.6642	163.609
1208.1591	89.6624	162.154
1216.9139	89.6606	160.675
1225.7322	89.6623	159.211
1234.6144	89.6607	157.714
1243.5609	89.6666	156.211
1252.5722	89.6606	154.726
1261.6489	89.6578	153.215
1270.7913	89.6565	151.680
1280.0000	89.6611	150.140
1289.2754	89.6603	148.621
1298.6180	89.6612	147.030
1308.0284	89.6584	145.451
1317.5069	89.6568	143.833
1327.0541	89.6583	142.254
1336.6704	89.6577	140.666
1346.3565	89.6604	139.002
1356.1128	89.6561	137.386
1365.9397	89.6573	135.723
1375.8379	89.6464	134.057
1385.8078	89.6536	132.370
1395.8499	89.6536	130.693
1405.9648	89.6503	128.995
1416.1530	89.6554	127.295
1426.4150	89.6496	125.573
1436.7514	89.6490	123.830
1447.1627	89.6499	122.080
1457.6495	89.6487	120.277
1468.2122	89.6524	118.522
1478.8515	89.6451	116.739
1489.5678	89.6480	114.920
1500.3618	89.6453	113.131
1511.2341	89.6467	111.294
1522.1851	89.6501	109.429
1533.2155	89.6425	107.579
1544.3258	89.6462	105.683
1555.5166	89.6428	103.799
1566.7885	89.6425	101.921
1578.1421	89.6442	99.972
1589.5780	89.6425	98.047
1601.0967	89.6396	96.114
1612.6989	89.6391	94.134
1624.3852	89.6343	92.158
1636.1562	89.6370	90.151
1648.0125	89.6301	88.168
1659.9546	89.6333	86.110
1671.9833	89.6338	84.117
1684.0992	89.6334	82.045
1696.3029	89.6323	79.948
1708.5950	89.6314	77.880
1720.9762	89.6304	75.767
1733.4471	89.6313	73.625
1746.0084	89.6279	71.524
1758.6607	89.6250	69.360
1771.4046	89.6299	67.192
1784.2410	89.6243	64.992
1797.1703	89.6228	62.792
1810.1934	89.6256	60.564
1823.3108	89.6222	58.342
1836.5232	89.6262	56.070
1849.8314	89.6225	53.799
1863.2361	89.6180	51.513
1876.7379	89.6225	49.193
1890.3375	89.6233	46.861
1904.0356	89.6207	44.519
1917.8331	89.6185	42.154
1931.7305	89.6147	39.751
1945.7286	89.6149	37.370
1959.8281	89.6156	34.956
1974.0299	89.6138	32.516
1988.3345	89.6143	30.048
2002.7428	89.6133	27.523
2017.2555	89.6122	25.054
2031.8733	89.6134	22.539
2046.5971	89.6150	19.973
2061.4276	89.6071	17.452
2076.3656	89.6113	14.839
2091.4118	89.6111	12.274
2106.5670	89.6101	9.649
2121.8321	89.6083	6.984
2137.2077	89.6068	4.315
2152.6948	89.6081	1.631
2168.2941	89.6076	-1.073
2184.0065	89.6066	-3.802
2199.8327	89.6100	-6.568
2215.7736	89.6085	-9.309
2231.8300	89.6072	-12.115
2248.0028	89.6064	-14.962
2264.2927	89.6049	-17.778
2280.7007	89.6047	-20.636
2297.2276	89.6060	-23.524
2313.8743	89.6073	-26.442
2330.6416	89.6060	-29.380
2347.5304	89.6044	-32.320
2364.5415	89.6053	-35.300
2381.6760	89.6043	-38.310
2398.9346	89.6058	-41.351
2416.3182	89.6085	-44.385
2433.8279	89.6072	-47.494
2451.4644	89.6090	-50.584
2469.2287	89.6062	-53.695
2487.1218	89.6071	-56.852
2505.1445	89.6095	-60.032
2523.2978	89.6119	-63.234
2541.5826	89.6097	-66.487
2560.0000	89.6106	-69.757
2578.5508	89.6116	-73.011
2597.2361	89.6079	-76.354
2616.0567	89.6104	-79.698
2635.0137	89.6159	-83.042
2654.1081	89.6133	-86.445
2673.3409	89.6151	-89.877
2692.7130	89.6170	-93.314
2712.2255	89.6165	-96.794
2731.8794	89.6156	-100.302
2751.6758	89.6182	-103.849
2771.6155	89.6184	-107.415
2791.6998	89.6244	-110.985
2811.9296	89.6214	-114.635
2832.3060	89.6208	-118.313
2852.8301	89.6214	-121.974
2873.5028	89.6221	-125.691
2894.3254	89.6228	-129.436
2915.2989	89.6233	-133.229
2936.4244	89.6243	-137.035
2957.7029	89.6247	-140.910
2979.1356	89.6279	-144.787
3000.7237	89.6264	-148.692
3022.4682	89.6261	-152.610
3044.3702	89.6273	-156.598
3066.4310	89.6283	-160.633
3088.6516	89.6276	-164.660
3111.0332	89.6282	-168.752
3133.5771	89.6268	-172.856
3156.2843	89.6273	-177.004
3179.1560	89.6277	178.798
3202.1935	89.6263	174.604
3225.3979	89.6272	170.326
3248.7705	89.6247	166.026
3272.3124	89.6238	161.684
3296.0249	89.6256	157.336
3319.9093	89.6271	152.931
3343.9667	89.6229	148.470
3368.1985	89.6216	143.983
3392.6058	89.6215	139.463
3417.1900	89.6199	134.922
3441.9524	89.6217	130.305
3466.8942	89.6220	125.659
3492.0167	89.6174	120.962
3517.3213	89.6193	116.250
3542.8093	89.6158	111.476
3568.4820	89.6163	106.675
3594.3406	89.6134	101.824
3620.3867	89.6114	96.958
3646.6215	89.6106	92.024
3673.0465	89.6115	87.050
3699.6629	89.6088	82.021
3726.4721	89.6078	76.968
3753.4757	89.6079	71.866
3780.6749	89.6088	66.737
3808.0713	89.6070	61.525
3835.6661	89.6036	56.299
3863.4609	89.6018	51.044
3891.4572	89.6033	45.711
3919.6563	89.6020	40.357
3948.0597	89.6024	34.953
3976.6690	89.6030	29.494
4005.4856	89.6022	23.995
4034.5110	89.5994	18.460
4063.7467	89.6014	12.877
4093.1943	89.5994	7.267
4122.8552	89.6012	1.600
4152.7312	89.6024	-4.119
4182.8236	89.6038	-9.881
4213.1340	89.6068	-15.679
4243.6641	89.6080	-21.525
4274.4155	89.6097	-27.396
4305.3896	89.6115	-33.337
4336.5883	89.6117	-39.311
4368.0130	89.6156	-45.300
4399.6654	89.6187	-51.382
4431.5472	89.6190	-57.460
4463.6600	89.6214	-63.580
4496.0055	89.6269	-69.766
4528.5854	89.6264	-75.988
4561.4014	89.6309	-82.238
4594.4552	89.6324	-88.524
4627.7485	89.6372	-94.885
4661.2831	89.6414	-101.256
4695.0607	89.6428	-107.683
4729.0830	89.6469	-114.135
4763.3519	89.6491	-120.625
4797.8691	89.6498	-127.154
4832.6365	89.6515	-133.723
4867.6558	89.6543	-140.335
4902.9288	89.6580	-146.976
4938.4574	89.6606	-153.657
4974.2435	89.6620	-160.372
5010.2890	89.6632	-167.131
5046.5956	89.6641	-173.911
5083.1653	89.6682	179.274
5120.0000	89.6673	172.391
5157.1016	89.6691	165.502
5194.4721	89.6676	158.572
5232.1134	89.6684	151.597
5270.0275	89.6670	144.583
5308.2162	89.6679	137.525
5346.6818	89.6680	130.475
5385.4260	89.6655	123.363
5424.4510	89.6681	116.220
5463.7589	89.6662	109.021
5503.3515	89.6643	101.810
5543.2311	89.6612	94.560
5583.3996	89.6588	87.252
5623.8592	89.6585	79.938
5664.6120	89.6556	72.598
5705.6601	89.6570	65.197
5747.0057	89.6569	57.776
5788.6509	89.6529	50.317
5830.5978	89.6514	42.815
5872.8487	89.6502	35.297
5915.4058	89.6486	27.747
5958.2713	89.6496	20.146
6001.4474	89.6492	12.523
6044.9363	89.6501	4.867
6088.7404	89.6483	-2.832
6132.8620	89.6475	-10.524
6177.3032	89.6490	-18.268
6222.0665	89.6494	-26.054
6267.1541	89.6519	-33.881
6312.5685	89.6540	-41.711
6358.3120	89.6556	-49.586
6404.3869	89.6572	-57.485
6450.7958	89.6578	-65.426
6497.5409	89.6600	-73.389
6544.6248	89.6628	-81.394
6592.0498	89.6644	-89.420
6639.8185	89.6677	-97.494
6687.9334	89.6692	-105.583
6736.3969	89.6707	-113.712
6785.2116	89.6729	-121.882
6834.3801	89.6737	-130.064
6883.9048	89.6776	-138.272
6933.7884	89.6781	-146.532
6984.0335	89.6779	-154.827
7034.6427	89.6791	-163.157
7085.6186	89.6792	-171.547
7136.9639	89.6796	-179.939
7188.6813	89.6781	171.628
7240.7734	89.6724	163.159
7293.2431	89.6725	154.639
7346.0929	89.6713	146.074
7399.3257	89.6684	137.466
7452.9443	89.6643	128.817
7506.9514	89.6630	120.145
7561.3499	89.6576	111.419
7616.1425	89.6528	102.631
7671.3322	89.6485	93.821
7726.9219	89.6458	84.963
7782.9143	89.6409	76.057
7839.3125	89.6370	67.106
7896.1194	89.6314	58.091
7953.3380	89.6307	49.047
8010.9711	89.6300	39.964
8069.0219	89.6230	30.801
8127.4934	89.6156	21.605
8186.3886	89.6156	12.354
8245.7105	89.6141	3.066
8305.4623	89.6124	-6.292
8365.6471	89.6111	-15.670
8426.2680	89.6103	-25.120
8487.3283	89.6093	-34.602
8548.8309	89.6096	-44.157
8610.7793	89.6088	-53.742
8673.1765	89.6110	-63.386
8736.0260	89.6100	-73.084
8799.3308	89.6133	-82.827
8863.0944	89.6119	-92.614
8927.3200	89.6147	-102.485
8992.0111	89.6145	-112.357
9057.1709	89.6182	-122.320
9122.8029	89.6184	-132.330
9188.9105	89.6173	-142.386
9255.4971	89.6186	-152.515
9322.5662	89.6205	-162.703
9390.1214	89.6176	-172.908
9458.1661	89.6173	176.777
9526.7039	89.6161	166.426
9595.7383	89.6165	156.000
9665.2730	89.6132	145.531
9735.3115	89.6098	134.978
9805.8576	89.6117	124.369
9876.9149	89.6075	113.698
9948.4871	89.6054	102.935
10020.5779	89.6051	92.147
10093.1912	89.5994	81.256
10166.3306	89.5999	70.280
10240.0000	89.5983	59.266
10314.2033	89.5981	48.166
10388.9442	89.5964	37.005
10464.2268	89.5944	25.771
10540.0549	89.5937	14.460
10616.4325	89.5959	3.058
10693.3635	89.5964	-8.390
10770.8521	89.5997	-19.924
10848.9021	89.6023	-31.523
10927.5177	89.6079	-43.209
11006.7030	89.6118	-54.946
11086.4621	89.6150	-66.774
11166.7992	89.6202	-78.655
11247.7184	89.6262	-90.621
11329.2240	89.6321	-102.646
11411.3202	89.6345	-114.768
11494.0114	89.6413	-126.957
11577.3017	89.6465	-139.227
11661.1956	89.6479	-151.562
11745.6975	89.6513	-163.965
11830.8116	89.6516	-176.472
11916.5426	89.6569	170.929
12002.8947	89.6587	158.266
12089.8727	89.6557	145.520
12177.4809	89.6546	132.689
12265.7239	89.6546	119.761
12354.6064	89.6542	106.733
12444.1330	89.6520	93.621
12534.3083	89.6501	80.407
12625.1370	89.6462	67.116
12716.6240	89.6449	53.715
12808.7739	89.6442	40.216
12901.5916	89.6399	26.643
12995.0818	89.6401	12.979
13089.2495	89.6424	-0.797
13184.0996	89.6412	-14.658
13279.6370	89.6402	-28.608
13375.8668	89.6397	-42.654
13472.7938	89.6425	-56.810
13570.4232	89.6433	-71.043
13668.7601	89.6448	-85.370
13767.8096	89.6449	-99.780
13867.5768	89.6434	-114.294
13968.0670	89.6443	-128.918
14069.2853	89.6434	-143.639
14171.2372	89.6417	-158.425
14273.9278	89.6391	-173.331
14377.3626	89.6358	171.634
14481.5469	89.6304	156.521
14586.4861	89.6251	141.284
14692.1858	89.6178	125.953
14798.6515	89.6108	110.498
14905.8886	89.6039	94.923
15013.9028	89.5973	79.247
15122.6997	89.5922	63.423
15232.2851	89.5856	47.510
15342.6645	89.5807	31.489
15453.8437	89.5754	15.316
15565.8287	89.5740	-0.939
15678.6251	89.5715	-17.336
15792.2389	89.5718	-33.813
15906.6759	89.5745	-50.433
16021.9423	89.5731	-67.157
16138.0439	89.5774	-84.013
16254.9868	89.5798	-100.948
16372.7771	89.5798	-118.026
16491.4210	89.5848	-135.203
16610.9246	89.5850	-152.508
16731.2942	89.5880	-169.926
16852.5361	89.5879	172.510
16974.6565	89.5848	154.831
17097.6619	89.5858	137.026
17221.5586	89.5844	119.063
17346.3531	89.5822	100.981
17472.0519	89.5828	82.770
17598.6616	89.5808	64.381
17726.1888	89.5787	45.897
17854.6400	89.5795	27.254
17984.0221	89.5795	8.458
18114.3418	89.5825	-10.462
18245.6057	89.5867	-29.506
18377.8209	89.5922	-48.704
18510.9942	89.5956	-68.036
18645.1325	89.6008	-87.490
18780.2428	89.6042	-107.065
18916.3322	89.6101	-126.792
19053.4077	89.6108	-146.673
19191.4766	89.6060	-166.678
19330.5459	89.6075	173.160
19470.6230	89.6012	152.844
19611.7152	89.5946	132.395
19753.8298	89.5880	111.762
19896.9742	89.5803	90.994
