* Helix DSP Ultra S, output layer - phase control at 180 deg, LPF 2000 Hz active, LR 24 dB/oct.
* ELECTRICAL loop, no microphone: Scarlett 2i2 out L -> Helix line in,
* Helix line out -> Scarlett in 1; out R -> in 2 direct as the timing
* reference, timing offset 0. Everything else in the channel off; no gain,
* level or routing changed within a set, so the ratio to the set's reference
* is the filter alone.
* REW V5.40 beta 134 measurement #46 'e1_phase_180_lp2000_on LR24', 2026-Sep-02 10:33:07, 512k sweep, 1 average, 96 kHz,
* 20 Hz - 20 kHz, loopback timing reference. SNR 36.4 dB, delay -8.5554 ms.
* Levels are REW's electrical dB (splOffset 120.00); only ratios within a set carry meaning.
* frequency_Hz<TAB>dB<TAB>phase_deg - REW's UNSMOOTHED raw spectrum (linear bins) resampled to 1/96 octave by complex averaging within each cell,
* with the measurement's own delay removed before averaging and restored after, so the cell average carries no rotation loss.
20.0000	106.5325	127.607
20.1449	106.5325	128.054
20.2909	106.5568	128.096
20.4379	106.5925	127.967
20.5860	106.6030	128.218
20.7352	106.6231	128.291
20.8855	106.6420	128.398
21.0368	106.6619	128.446
21.1893	106.6872	128.401
21.3428	106.6993	128.610
21.4975	106.7177	128.691
21.6532	106.7309	128.896
21.8102	106.7543	128.857
21.9682	106.7732	128.932
22.1274	106.7905	129.032
22.2877	106.8145	128.998
22.4492	106.8267	129.226
22.6119	106.8450	129.333
22.7758	106.8555	129.614
22.9408	106.8821	129.574
23.1071	106.8970	129.785
23.2745	106.9202	129.846
23.4432	106.9391	130.005
23.6130	106.9588	130.148
23.7841	106.9805	130.266
23.9565	106.9967	130.474
24.1301	107.0196	130.564
24.3049	107.0326	130.826
24.4811	107.0551	130.900
24.6585	107.0657	131.205
24.8372	107.0872	131.278
25.0171	107.0965	131.613
25.1984	107.1172	131.696
25.3810	107.1262	132.049
25.5649	107.1468	132.148
25.7502	107.1560	132.507
25.9368	107.1764	132.627
26.1247	107.1863	132.980
26.3141	107.2058	133.126
26.5047	107.2164	133.466
26.6968	107.2342	133.651
26.8903	107.2457	133.972
27.0851	107.2613	134.209
27.2814	107.2743	134.507
27.4791	107.2877	134.808
27.6782	107.3029	135.077
27.8788	107.3141	135.448
28.0808	107.3321	135.680
28.2843	107.3407	136.124
28.4892	107.3668	136.193
28.6957	107.3754	136.629
28.9036	107.3910	136.916
29.1131	107.4017	137.290
29.3240	107.4126	137.670
29.5365	107.4253	137.981
29.7506	107.4320	138.461
29.9661	107.4505	138.622
30.1833	107.4585	139.085
30.4020	107.4695	139.476
30.6223	107.4816	139.855
30.8442	107.4891	140.356
31.0677	107.5087	140.562
31.2929	107.5170	141.039
31.5196	107.5271	141.474
31.7480	107.5439	141.708
31.9781	107.5488	142.270
32.2098	107.5592	142.677
32.4432	107.5680	143.138
32.6783	107.5742	143.686
32.9151	107.5894	143.996
33.1536	107.5976	144.512
33.3939	107.6050	145.061
33.6359	107.6204	145.401
33.8796	107.6281	145.945
34.1251	107.6353	146.508
34.3724	107.6497	146.876
34.6215	107.6572	147.434
34.8723	107.6637	148.029
35.1250	107.6775	148.426
35.3796	107.6858	148.979
35.6359	107.6911	149.623
35.8942	107.7042	150.047
36.1543	107.7166	150.486
36.4163	107.7220	151.138
36.6802	107.7288	151.755
36.9460	107.7412	152.232
37.2137	107.7490	152.849
37.4834	107.7538	153.552
37.7550	107.7661	154.057
38.0286	107.7774	154.573
38.3041	107.7834	155.232
38.5817	107.7876	155.959
38.8613	107.7970	156.513
39.1429	107.8064	157.084
39.4265	107.8161	157.665
39.7122	107.8203	158.415
40.0000	107.8257	159.138
40.2899	107.8343	159.736
40.5818	107.8415	160.343
40.8759	107.8478	160.964
41.1721	107.8506	161.759
41.4704	107.8543	162.521
41.7710	107.8617	163.178
42.0736	107.8701	163.843
42.3785	107.8788	164.513
42.6856	107.8833	165.308
42.9949	107.8868	166.144
43.3065	107.8942	166.845
43.6203	107.9015	167.566
43.9364	107.9094	168.304
44.2548	107.9180	169.055
44.5755	107.9268	169.811
44.8985	107.9347	170.572
45.2238	107.9378	171.460
45.5515	107.9410	172.351
45.8816	107.9461	173.142
46.2141	107.9508	173.947
46.5490	107.9557	174.766
46.8863	107.9610	175.593
47.2261	107.9662	176.429
47.5683	107.9713	177.277
47.9130	107.9766	178.139
48.2602	107.9827	179.016
48.6099	107.9900	179.902
48.9621	107.9982	-179.209
49.3169	108.0059	-178.322
49.6743	108.0118	-177.431
50.0343	108.0156	-176.529
50.3968	108.0179	-175.605
50.7620	108.0204	-174.657
51.1299	108.0244	-173.691
51.5004	108.0300	-172.716
51.8736	108.0364	-171.739
52.2495	108.0422	-170.758
52.6281	108.0468	-169.769
53.0095	108.0504	-168.763
53.3936	108.0539	-167.740
53.7805	108.0580	-166.704
54.1702	108.0625	-165.659
54.5628	108.0666	-164.609
54.9581	108.0698	-163.547
55.3564	108.0725	-162.469
55.7575	108.0757	-161.372
56.1616	108.0804	-160.262
56.5685	108.0901	-159.221
56.9785	108.0991	-158.193
57.3914	108.1023	-157.085
57.8072	108.1032	-155.960
58.2261	108.1029	-154.809
58.6481	108.1031	-153.631
59.0730	108.1052	-152.434
59.5011	108.1125	-151.285
59.9323	108.1214	-150.144
60.3666	108.1263	-148.942
60.8040	108.1293	-147.731
61.2446	108.1308	-146.503
61.6884	108.1323	-145.307
62.1355	108.1356	-144.090
62.5857	108.1392	-142.815
63.0392	108.1431	-141.539
63.4960	108.1472	-140.323
63.9562	108.1500	-139.087
64.4196	108.1526	-137.770
64.8864	108.1565	-136.439
65.3566	108.1632	-135.157
65.8302	108.1679	-133.869
66.3073	108.1688	-132.505
66.7877	108.1699	-131.162
67.2717	108.1730	-129.801
67.7592	108.1763	-128.398
68.2502	108.1799	-127.054
68.7448	108.1809	-125.703
69.2429	108.1809	-124.271
69.7447	108.1832	-122.860
70.2501	108.1883	-121.429
70.7591	108.1926	-119.946
71.2719	108.1980	-118.495
71.7884	108.2017	-117.030
72.3086	108.2039	-115.548
72.8325	108.2059	-114.055
73.3603	108.2081	-112.558
73.8919	108.2104	-111.054
74.4274	108.2120	-109.493
74.9667	108.2148	-107.957
75.5099	108.2187	-106.402
76.0571	108.2231	-104.833
76.6083	108.2262	-103.256
77.1634	108.2263	-101.661
77.7226	108.2254	-100.071
78.2858	108.2273	-98.428
78.8531	108.2316	-96.787
79.4245	108.2356	-95.143
80.0000	108.2379	-93.484
80.5797	108.2394	-91.798
81.1636	108.2412	-90.087
81.7518	108.2445	-88.392
82.3442	108.2475	-86.661
82.9409	108.2502	-84.929
83.5419	108.2519	-83.188
84.1473	108.2527	-81.425
84.7570	108.2548	-79.665
85.3712	108.2576	-77.858
85.9899	108.2602	-76.041
86.6130	108.2621	-74.238
87.2406	108.2641	-72.419
87.8728	108.2658	-70.561
88.5096	108.2665	-68.689
89.1509	108.2671	-66.820
89.7970	108.2691	-64.927
90.4477	108.2711	-63.000
91.1031	108.2724	-61.058
91.7633	108.2745	-59.123
92.4282	108.2775	-57.173
93.0980	108.2801	-55.211
93.7726	108.2816	-53.206
94.4521	108.2829	-51.186
95.1366	108.2838	-49.178
95.8260	108.2849	-47.142
96.5204	108.2901	-45.087
97.2198	108.2945	-43.040
97.9243	108.2922	-40.961
98.6339	108.2898	-38.822
99.3486	108.2924	-36.682
100.0685	108.2939	-34.567
100.7937	108.2945	-32.427
101.5241	108.3000	-30.262
102.2598	108.3056	-28.089
103.0008	108.3078	-25.876
103.7472	108.3101	-23.632
104.4990	108.3105	-21.392
105.2562	108.3080	-19.133
106.0189	108.3089	-16.848
106.7872	108.3129	-14.562
107.5610	108.3154	-12.260
108.3404	108.3169	-9.927
109.1255	108.3162	-7.584
109.9163	108.3162	-5.209
110.7128	108.3195	-2.822
111.5151	108.3207	-0.433
112.3231	108.3207	1.996
113.1371	108.3235	4.436
113.9569	108.3253	6.882
114.7827	108.3260	9.363
115.6145	108.3259	11.860
116.4523	108.3250	14.389
117.2961	108.3288	16.948
118.1461	108.3316	19.507
119.0022	108.3315	22.074
119.8646	108.3335	24.665
120.7332	108.3353	27.279
121.6080	108.3363	29.908
122.4893	108.3364	32.565
123.3769	108.3357	35.247
124.2709	108.3360	37.946
125.1714	108.3382	40.663
126.0785	108.3434	43.394
126.9921	108.3458	46.130
127.9123	108.3443	48.911
128.8392	108.3452	51.730
129.7728	108.3468	54.553
130.7132	108.3471	57.401
131.6604	108.3480	60.273
132.6145	108.3490	63.168
133.5755	108.3527	66.069
134.5434	108.3557	68.987
135.5184	108.3555	71.935
136.5004	108.3543	74.923
137.4895	108.3555	77.942
138.4858	108.3581	80.959
139.4894	108.3596	83.963
140.5002	108.3546	87.010
141.5183	108.3531	90.150
142.5438	108.3602	93.282
143.5767	108.3608	96.399
144.6171	108.3631	99.582
145.6651	108.3668	102.736
146.7206	108.3634	105.932
147.7838	108.3651	109.181
148.8547	108.3674	112.457
149.9334	108.3702	115.766
151.0199	108.3723	119.067
152.1142	108.3701	122.394
153.2165	108.3721	125.748
154.3268	108.3721	129.113
155.4451	108.3733	132.539
156.5715	108.3782	135.957
157.7061	108.3746	139.414
158.8489	108.3729	142.930
160.0000	108.3734	146.445
161.1594	108.3747	149.959
162.3273	108.3734	153.516
163.5035	108.3804	157.141
164.6884	108.3827	160.740
165.8818	108.3818	164.406
167.0838	108.3833	168.079
168.2946	108.3830	171.781
169.5141	108.3814	175.503
170.7425	108.3814	179.253
171.9797	108.3845	-176.972
173.2260	108.3884	-173.142
174.4812	108.3874	-169.270
175.7456	108.3845	-165.400
177.0191	108.3830	-161.515
178.3019	108.3903	-157.604
179.5939	108.3905	-153.635
180.8953	108.3937	-149.656
182.2062	108.3912	-145.676
183.5265	108.3979	-141.646
184.8564	108.3945	-137.559
186.1960	108.3933	-133.405
187.5452	108.3869	-129.279
188.9043	108.3891	-125.093
190.2731	108.3928	-120.929
191.6519	108.3958	-116.686
193.0407	108.3937	-112.420
194.4396	108.3978	-108.125
195.8486	108.4010	-103.804
197.2678	108.4033	-99.438
198.6972	108.3976	-95.058
200.1371	108.3934	-90.631
201.5874	108.4009	-86.180
203.0482	108.4041	-81.662
204.5195	108.4040	-77.151
206.0016	108.4010	-72.600
207.4943	108.4020	-68.051
208.9979	108.4033	-63.423
210.5124	108.4040	-58.768
212.0379	108.4029	-54.061
213.5744	108.4094	-49.321
215.1220	108.4059	-44.560
216.6809	108.4102	-39.804
218.2510	108.4062	-34.955
219.8326	108.4101	-30.082
221.4256	108.4055	-25.211
223.0301	108.4123	-20.258
224.6463	108.4122	-15.232
226.2742	108.4238	-10.296
227.9138	108.4112	-5.231
229.5654	108.4088	-0.136
231.2289	108.4108	4.961
232.9045	108.4121	10.176
234.5922	108.4101	15.310
236.2922	108.4093	20.585
238.0045	108.4157	25.870
239.7291	108.4190	31.179
241.4663	108.4202	36.537
243.2161	108.4186	41.924
244.9785	108.4225	47.374
246.7537	108.4201	52.823
248.5418	108.4206	58.369
250.3428	108.4168	63.884
252.1569	108.4227	69.437
253.9842	108.4194	75.080
255.8246	108.4138	80.811
257.6785	108.4250	86.512
259.5457	108.4246	92.286
261.4265	108.4202	98.107
263.3209	108.4288	103.955
265.2290	108.4045	109.674
267.1510	108.4700	115.736
269.0869	108.4699	121.563
271.0368	108.4287	127.666
273.0008	108.4337	133.761
274.9791	108.4284	139.969
276.9717	108.4285	146.100
278.9788	108.4260	152.248
281.0003	108.4256	158.462
283.0366	108.4350	164.807
285.0876	108.4317	171.128
287.1535	108.4304	177.448
289.2343	108.4266	-176.149
291.3302	108.4281	-169.651
293.4413	108.4298	-163.125
295.5677	108.4314	-156.574
297.7095	108.4322	-149.940
299.8668	108.4311	-143.271
302.0398	108.4326	-136.560
304.2285	108.4315	-129.843
306.4330	108.4332	-123.002
308.6536	108.4306	-116.133
310.8902	108.4409	-109.278
313.1431	108.4353	-102.279
315.4122	108.4324	-95.280
317.6978	108.4258	-88.175
320.0000	108.4361	-81.088
322.3189	108.4378	-73.882
324.6545	108.4401	-66.718
327.0071	108.4357	-59.420
329.3767	108.4350	-52.134
331.7635	108.4369	-44.736
334.1676	108.4384	-37.306
336.5891	108.4330	-29.791
339.0282	108.4371	-22.292
341.4849	108.4414	-14.696
343.9595	108.4378	-7.005
346.4519	108.4390	0.658
348.9625	108.4435	8.445
351.4912	108.4299	16.248
354.0383	108.4368	24.113
356.6038	108.4374	32.074
359.1879	108.4373	40.067
361.7907	108.4416	48.085
364.4124	108.4375	56.199
367.0530	108.4481	64.374
369.7129	108.4428	72.591
372.3920	108.4427	80.869
375.0905	108.4369	89.200
377.8085	108.4379	97.612
380.5463	108.4371	106.091
383.3039	108.4394	114.620
386.0814	108.4400	123.219
388.8792	108.4440	131.854
391.6971	108.4474	140.550
394.5355	108.4413	149.360
397.3945	108.4447	158.199
400.2742	108.4414	167.094
403.1747	108.4413	176.039
406.0963	108.4433	-174.905
409.0390	108.4413	-165.838
412.0031	108.4412	-156.680
414.9887	108.4408	-147.388
417.9958	108.4456	-138.098
421.0248	108.4420	-128.724
424.0757	108.4420	-119.309
427.1488	108.4378	-109.786
430.2440	108.4421	-100.226
433.3618	108.4394	-90.580
436.5021	108.4382	-80.905
439.6652	108.4439	-71.096
442.8512	108.4429	-61.261
446.0602	108.4412	-51.296
449.2926	108.4411	-41.323
452.5483	108.4412	-31.257
455.8277	108.4422	-21.127
459.1308	108.4320	-10.899
462.4579	108.4419	-0.637
465.8090	108.4377	9.783
469.1845	108.4411	20.195
472.5844	108.4375	30.696
476.0089	108.4376	41.300
479.4583	108.4355	51.945
482.9326	108.4373	62.706
486.4321	108.4445	73.538
489.9570	108.4326	84.392
493.5075	108.4347	95.385
497.0836	108.4369	106.443
500.6857	108.4329	117.587
504.3139	108.4341	128.814
507.9683	108.4346	140.137
511.6493	108.4368	151.483
515.3569	108.4321	162.955
519.0914	108.4318	174.478
522.8529	108.4298	-173.875
526.6418	108.4327	-162.179
530.4580	108.4298	-150.382
534.3019	108.4369	-138.514
538.1737	108.4257	-126.557
542.0735	108.4284	-114.461
546.0016	108.4282	-102.322
549.9582	108.4223	-90.101
553.9434	108.4189	-77.825
557.9575	108.4202	-65.388
562.0007	108.4182	-52.900
566.0732	108.4179	-40.303
570.1752	108.4193	-27.645
574.3069	108.4156	-14.881
578.4686	108.4156	-2.063
582.6604	108.4132	10.945
586.8826	108.4137	23.947
591.1354	108.4081	37.099
595.4190	108.4068	50.308
599.7336	108.4072	63.652
604.0796	108.4027	77.079
608.4570	108.3998	90.595
612.8661	108.3989	104.197
617.3072	108.3969	117.924
621.7804	108.3951	131.738
626.2861	108.3958	145.631
630.8244	108.3913	159.662
635.3957	108.3873	173.766
640.0000	108.3832	-172.000
644.6377	108.3855	-157.714
649.3090	108.3814	-143.301
654.0142	108.3825	-128.766
658.7534	108.3765	-114.143
663.5270	108.3750	-99.418
668.3352	108.3682	-84.619
673.1783	108.3681	-69.660
678.0564	108.3642	-54.601
682.9699	108.3591	-39.436
687.9189	108.3554	-24.194
692.9039	108.3497	-8.817
697.9249	108.3470	6.678
702.9824	108.3415	22.273
708.0765	108.3399	37.966
713.2075	108.3352	53.788
718.3757	108.3314	69.705
723.5814	108.3277	85.776
728.8247	108.3242	101.932
734.1061	108.3203	118.195
739.4257	108.3161	134.596
744.7839	108.3102	151.081
750.1809	108.3090	167.714
755.6170	108.3010	-175.551
761.0926	108.2941	-158.653
766.6077	108.2898	-141.678
772.1629	108.2840	-124.571
777.7583	108.2773	-107.343
783.3943	108.2712	-89.998
789.0711	108.2637	-72.549
794.7890	108.2599	-54.955
800.5484	108.2552	-37.224
806.3495	108.2387	-19.362
812.1926	108.2374	-1.391
818.0781	108.2314	16.709
824.0062	108.2231	34.924
829.9773	108.2168	53.303
835.9917	108.2091	71.796
842.0496	108.2016	90.422
848.1515	108.1903	109.161
854.2975	108.1833	128.090
860.4881	108.1696	147.120
866.7236	108.1651	166.251
873.0042	108.1589	-174.437
879.3303	108.1461	-155.024
885.7023	108.1369	-135.443
892.1205	108.1250	-115.734
898.5852	108.1154	-95.890
905.0967	108.1062	-75.870
911.6554	108.0940	-55.772
918.2616	108.0770	-35.507
924.9157	108.0730	-15.088
931.6180	108.0589	5.495
938.3689	108.0523	26.202
945.1687	108.0321	47.024
952.0178	108.0179	68.057
958.9165	108.0081	89.174
965.8652	107.9953	110.489
972.8643	107.9822	131.949
979.9141	107.9699	153.537
987.0149	107.9516	175.280
994.1672	107.9384	-162.809
1001.3714	107.9220	-140.705
1008.6277	107.9054	-118.501
1015.9367	107.8895	-96.162
1023.2986	107.8755	-73.621
1030.7138	107.8548	-50.921
1038.1828	107.8336	-28.066
1045.7059	107.8203	-5.068
1053.2835	107.8000	18.141
1060.9160	107.7804	41.456
1068.6039	107.7682	64.937
1076.3474	107.7429	88.608
1084.1471	107.7255	112.454
1092.0032	107.7042	136.423
1099.9164	107.6836	160.620
1107.8868	107.6613	-175.050
1115.9150	107.6405	-150.538
1124.0014	107.6155	-125.819
1132.1464	107.5876	-100.956
1140.3504	107.5674	-75.957
1148.6138	107.5453	-50.715
1156.9371	107.5160	-25.327
1165.3208	107.4946	0.206
1173.7652	107.4646	25.968
1182.2708	107.4381	51.871
1190.8380	107.4089	78.005
1199.4673	107.3807	104.253
1208.1591	107.3489	130.775
1216.9139	107.3238	157.438
1225.7322	107.2840	-175.731
1234.6144	107.2576	-148.661
1243.5609	107.2273	-121.452
1252.5722	107.1901	-93.995
1261.6489	107.1610	-66.403
1270.7913	107.1260	-38.609
1280.0000	107.0940	-10.565
1289.2754	107.0557	17.622
1298.6180	107.0162	46.063
1308.0284	106.9831	74.668
1317.5069	106.9420	103.472
1327.0541	106.8976	132.456
1336.6704	106.8585	161.675
1346.3565	106.8226	-168.889
1356.1128	106.7743	-139.280
1365.9397	106.7376	-109.414
1375.8379	106.6926	-79.337
1385.8078	106.6402	-49.110
1395.8499	106.5981	-18.624
1405.9648	106.5465	12.084
1416.1530	106.5017	42.981
1426.4150	106.4522	74.107
1436.7514	106.4009	105.466
1447.1627	106.3464	137.029
1457.6495	106.2898	168.835
1468.2122	106.2394	-159.119
1478.8515	106.1887	-126.837
1489.5678	106.1218	-94.354
1500.3618	106.0692	-61.639
1511.2341	106.0101	-28.689
1522.1851	105.9520	4.533
1533.2155	105.8866	37.962
1544.3258	105.8171	71.613
1555.5166	105.7581	105.572
1566.7885	105.6916	139.713
1578.1421	105.6243	174.108
1589.5780	105.5493	-151.212
1601.0967	105.4776	-116.314
1612.6989	105.4092	-81.135
1624.3852	105.3377	-45.705
1636.1562	105.2571	-10.061
1648.0125	105.1775	25.913
1659.9546	105.0952	62.061
1671.9833	105.0192	98.545
1684.0992	104.9375	135.288
1696.3029	104.8514	172.300
1708.5950	104.7656	-150.454
1720.9762	104.6778	-112.896
1733.4471	104.5855	-75.045
1746.0084	104.4949	-36.949
1758.6607	104.3969	1.423
1771.4046	104.3120	40.078
1784.2410	104.2065	79.075
1797.1703	104.1108	118.303
1810.1934	104.0060	157.880
1823.3108	103.9030	-162.317
1836.5232	103.7966	-122.137
1849.8314	103.6928	-81.718
1863.2361	103.5775	-41.003
1876.7379	103.4686	0.074
1890.3375	103.3555	41.459
1904.0356	103.2464	83.115
1917.8331	103.1286	125.092
1931.7305	103.0106	167.403
1945.7286	102.8873	-149.969
1959.8281	102.7664	-106.989
1974.0299	102.6416	-63.754
1988.3345	102.5097	-20.110
2002.7428	102.3797	23.853
2017.2555	102.2552	68.139
2031.8733	102.1248	112.719
2046.5971	101.9867	157.685
2061.4276	101.8558	-157.005
2076.3656	101.7113	-111.323
2091.4118	101.5692	-65.290
2106.5670	101.4341	-18.953
2121.8321	101.2859	27.817
2137.2077	101.1510	74.912
2152.6948	101.0035	122.408
2168.2941	100.8516	170.203
2184.0065	100.7057	-141.603
2199.8327	100.5510	-92.958
2215.7736	100.4013	-43.984
2231.8300	100.2503	5.343
2248.0028	100.0955	55.063
2264.2927	99.9433	105.217
2280.7007	99.7736	155.805
2297.2276	99.6125	-153.289
2313.8743	99.4613	-101.947
2330.6416	99.2921	-50.217
2347.5304	99.1319	1.923
2364.5415	98.9636	54.446
2381.6760	98.8063	107.462
2398.9346	98.6428	160.837
2416.3182	98.4731	-145.323
2433.8279	98.3003	-91.130
2451.4644	98.1213	-36.414
2469.2287	97.9634	18.711
2487.1218	97.7811	74.254
2505.1445	97.6128	130.326
2523.2978	97.4454	-173.326
2541.5826	97.2667	-116.420
2560.0000	97.0908	-59.200
2578.5508	96.9049	-1.263
2597.2361	96.7265	56.982
2616.0567	96.5426	115.734
2635.0137	96.3553	174.842
2654.1081	96.1726	-125.505
2673.3409	95.9952	-65.346
2692.7130	95.8082	-4.753
2712.2255	95.6043	56.389
2731.8794	95.4208	117.978
2751.6758	95.2365	179.949
2771.6155	95.0484	-117.469
2791.6998	94.8379	-54.466
2811.9296	94.6585	9.089
2832.3060	94.4485	73.037
2852.8301	94.2489	137.622
2873.5028	94.0421	-157.388
2894.3254	93.8385	-91.773
2915.2989	93.6398	-25.763
2936.4244	93.4281	40.858
2957.7029	93.2087	107.973
2979.1356	92.9994	175.586
3000.7237	92.8059	-116.201
3022.4682	92.5786	-47.710
3044.3702	92.3494	21.529
3066.4310	92.1490	91.244
3088.6516	91.9166	161.522
3111.0332	91.7151	-127.682
3133.5771	91.4758	-56.305
3156.2843	91.2393	15.591
3179.1560	91.0366	88.035
3202.1935	90.7983	161.086
3225.3979	90.5723	-125.333
3248.7705	90.3256	-51.164
3272.3124	90.1029	23.410
3296.0249	89.8750	98.556
3319.9093	89.6078	174.523
3343.9667	89.3706	-109.042
3368.1985	89.1327	-32.098
3392.6058	88.9038	45.272
3417.1900	88.6439	123.569
3441.9524	88.4120	-157.810
3466.8942	88.1881	-78.441
3492.0167	87.9333	1.345
3517.3213	87.6810	81.964
3542.8093	87.4513	162.990
3568.4820	87.1983	-115.319
3594.3406	86.9495	-32.901
3620.3867	86.6975	49.707
3646.6215	86.4713	133.629
3673.0465	86.2165	-142.268
3699.6629	86.0174	-57.643
3726.4721	85.7482	27.557
3753.4757	85.5079	113.830
3780.6749	85.2592	-159.342
3808.0713	85.0682	-72.101
3835.6661	84.8433	15.836
3863.4609	84.6219	104.551
3891.4572	84.3838	-165.973
3919.6563	84.0979	-76.287
3948.0597	83.9521	14.872
3976.6690	83.7027	106.013
4005.4856	83.4560	-161.510
4034.5110	83.2907	-69.186
4063.7467	83.0840	24.305
4093.1943	82.8674	118.562
4122.8552	82.6734	-146.267
4152.7312	82.4538	-50.877
4182.8236	82.2916	45.414
4213.1340	82.0247	142.590
4243.6641	81.8450	-119.029
4274.4155	81.6212	-20.644
4305.3896	81.4156	79.016
4336.5883	81.2588	179.295
4368.0130	81.0737	-79.766
4399.6654	80.8142	22.021
4431.5472	80.6486	124.346
4463.6600	80.4478	-132.199
4496.0055	80.2387	-28.043
4528.5854	80.0269	77.005
4561.4014	79.8331	-177.478
4594.4552	79.6228	-70.857
4627.7485	79.3775	36.381
4661.2831	79.1765	144.318
4695.0607	78.9295	-106.330
4729.0830	78.6856	3.052
4763.3519	78.3967	113.756
4797.8691	78.0803	-134.731
4832.6365	77.8643	-22.273
4867.6558	77.6978	90.571
4902.9288	77.4014	-155.802
4938.4574	77.1634	-40.604
4974.2435	76.8257	75.607
5010.2890	76.5216	-168.474
5046.5956	76.1372	-50.649
5083.1653	75.8975	67.269
5120.0000	75.5811	-173.797
5157.1016	75.3685	-53.856
5194.4721	75.0234	66.186
5232.1134	74.5645	-171.849
5270.0275	74.2171	-48.678
5308.2162	73.8088	74.267
5346.6818	73.4177	-161.752
5385.4260	73.1449	-37.796
5424.4510	72.8560	88.962
5463.7589	72.4056	-144.928
5503.3515	71.8995	-17.565
5543.2311	71.6191	108.711
5583.3996	71.3141	-120.597
5623.8592	70.8613	9.014
5664.6120	70.5534	140.591
5705.6601	70.2909	-88.654
5747.0057	69.8881	44.445
5788.6509	69.4867	174.971
5830.5978	69.4008	-49.215
5872.8487	69.0792	86.120
5915.4058	68.5178	-137.823
5958.2713	68.8611	-2.662
6001.4474	68.5292	137.486
6044.9363	68.3688	-84.529
6088.7404	68.4464	56.948
6132.8620	68.2871	-162.959
6177.3032	68.3521	-17.022
6222.0665	68.2326	124.204
6267.1541	68.2157	-88.252
6312.5685	68.1374	56.101
6358.3120	67.8812	-156.019
6404.3869	67.9775	-6.520
6450.7958	67.7508	144.168
6497.5409	68.0195	-63.402
6544.6248	68.0047	89.375
6592.0498	67.9584	-116.768
6639.8185	67.9239	37.899
6687.9334	67.7741	-163.814
6736.3969	67.4832	-6.571
6785.2116	67.3849	151.715
6834.3801	67.5026	-45.911
6883.9048	67.2786	114.305
6933.7884	67.0754	-80.226
6984.0335	66.6116	80.816
7034.6427	66.3965	-112.301
7085.6186	66.1830	54.932
7136.9639	65.8439	-136.009
7188.6813	65.2299	32.386
7240.7734	64.9700	-156.361
7293.2431	64.7610	16.106
7346.0929	64.3506	-172.153
7399.3257	63.4463	3.112
7452.9443	62.4191	177.995
7506.9514	62.3669	-6.412
7561.3499	61.4347	172.139
7616.1425	60.9665	-11.132
7671.3322	60.2552	170.721
7726.9219	59.4912	-11.162
7782.9143	58.1841	174.210
7839.3125	56.8481	-3.734
7896.1194	57.1869	175.390
7953.3380	53.6462	0.145
8010.9711	54.2484	159.503
8069.0219	52.5472	-2.134
8127.4934	52.5965	168.563
8186.3886	52.9492	-12.608
8245.7105	52.5330	174.323
8305.4623	53.7370	-1.389
8365.6471	55.0563	-168.212
8426.2680	56.6449	28.326
8487.3283	57.4058	-126.678
8548.8309	56.9055	67.568
8610.7793	59.0065	-94.746
8673.1765	58.7329	112.861
8736.0260	58.8297	-40.291
8799.3308	59.7455	165.165
8863.0944	59.5921	15.371
8927.3200	60.1208	-129.181
8992.0111	59.5436	84.693
9057.1709	59.9366	-61.352
9122.8029	60.1049	156.087
9188.9105	59.9354	14.078
9255.4971	59.8375	-125.626
9322.5662	59.9770	100.608
9390.1214	59.3588	-36.187
9458.1661	58.7948	-176.642
9526.7039	58.5416	52.968
9595.7383	58.3532	-79.081
9665.2730	57.6145	150.609
9735.3115	57.2817	27.858
9805.8576	56.0421	-92.477
9876.9149	55.7007	137.614
9948.4871	54.5310	23.063
10020.5779	51.1310	-95.762
10093.1912	51.4437	143.072
10166.3306	50.5278	43.220
10240.0000	47.2639	-71.960
10314.2033	46.0192	-166.807
10388.9442	42.9816	83.742
10464.2268	45.1706	0.398
10540.0549	45.1718	-73.305
10616.4325	45.4520	-154.658
10693.3635	47.9101	109.903
10770.8521	50.6712	7.178
10848.9021	52.3014	-85.067
10927.5177	50.3457	-175.376
11006.7030	53.6481	83.860
11086.4621	54.7369	-11.728
11166.7992	54.0046	-96.545
11247.7184	54.0152	178.188
11329.2240	55.4143	78.000
11411.3202	55.9643	0.293
11494.0114	54.9199	-82.695
11577.3017	55.5427	-165.329
11661.1956	55.4292	107.327
11745.6975	54.7024	32.305
11830.8116	53.2049	-31.439
11916.5426	54.7760	-109.807
12002.8947	54.5703	171.502
12089.8727	55.0052	107.021
12177.4809	54.7956	43.830
12265.7239	52.9085	-12.662
12354.6064	49.8301	-83.352
12444.1330	51.4754	-131.818
12534.3083	49.7827	176.753
12625.1370	49.2036	123.299
12716.6240	50.7456	78.909
12808.7739	46.7149	25.067
12901.5916	48.1862	2.819
12995.0818	49.9508	-37.356
13089.2495	50.1107	-59.200
13184.0996	51.4888	-111.457
13279.6370	50.4349	-141.854
13375.8668	51.8868	-178.835
13472.7938	51.1780	147.940
13570.4232	52.8991	123.390
13668.7601	53.1968	93.301
13767.8096	54.1828	69.991
13867.5768	53.8841	46.284
13968.0670	52.9629	21.366
14069.2853	53.0024	2.407
14171.2372	52.6142	-16.916
14273.9278	52.4996	-28.753
14377.3626	50.8256	-41.672
14481.5469	52.4985	-44.828
14586.4861	52.1481	-53.161
14692.1858	49.9336	-58.926
14798.6515	51.4006	-48.711
14905.8886	49.5046	-49.578
15013.9028	47.4473	-34.597
15122.6997	48.9320	-36.944
15232.2851	50.5187	-10.991
15342.6645	50.6394	9.685
15453.8437	48.8154	16.952
15565.8287	51.4920	54.559
15678.6251	50.2497	70.970
15792.2389	50.8426	91.812
15906.6759	51.9333	120.431
16021.9423	51.9772	142.733
16138.0439	52.4446	-175.528
16254.9868	50.7609	-138.338
16372.7771	50.7615	-110.427
16491.4210	52.3094	-65.489
16610.9246	51.6464	-15.567
16731.2942	51.8789	30.857
16852.5361	49.7731	85.846
16974.6565	51.2737	128.435
17097.6619	52.6379	-171.151
17221.5586	51.0712	-101.766
17346.3531	50.2853	-42.489
17472.0519	50.8561	17.159
17598.6616	49.5999	92.946
17726.1888	49.6041	173.080
17854.6400	48.5222	-111.579
17984.0221	49.5338	-23.302
18114.3418	49.9761	55.581
18245.6057	49.6081	127.598
18377.8209	49.5735	-152.000
18510.9942	50.9556	-49.490
18645.1325	50.2684	32.645
18780.2428	51.3788	130.837
18916.3322	49.4805	-109.543
19053.4077	50.4357	-18.532
19191.4766	49.3196	100.076
19330.5459	50.5248	-157.225
19470.6230	51.7726	-37.888
19611.7152	49.7445	72.917
19753.8298	51.3643	-158.583
19896.9742	50.3794	-43.867
