* Helix DSP Ultra S, output layer - phase control at 354.375 deg, LPF 5000 Hz active.
* ELECTRICAL loop, no microphone: Scarlett 2i2 out L -> Helix line in,
* Helix line out -> Scarlett in 1; out R -> in 2 direct as the timing
* reference, timing offset 0. Everything else in the channel off; no gain,
* level or routing changed within a set, so the ratio to the set's reference
* is the filter alone.
* REW V5.40 beta 134 measurement #67 'k7_phase_354.375_lp5000_LR24', 2026-Sep-02 10:51:11, 512k sweep, 1 average, 96 kHz,
* 20 Hz - 20 kHz, loopback timing reference. SNR 37.6 dB, delay -8.8973 ms.
* Levels are REW's electrical dB (splOffset 120.00); only ratios within a set carry meaning.
* This capture carries an EXTRA first-order all-pass, an AP1 the operator left engaged at 8 kHz (measured corner 7611.6 Hz) from REW #55 to #67. It is present in this set's own reference as well, so it divides out of any ratio taken within the set; see README.
* frequency_Hz<TAB>dB<TAB>phase_deg - REW's UNSMOOTHED raw spectrum (linear bins) resampled to 1/96 octave by complex averaging within each cell,
* with the measurement's own delay removed before averaging and restored after, so the cell average carries no rotation loss.
20.0000	107.5548	120.122
20.1449	107.5548	120.586
20.2909	107.5785	120.570
20.4379	107.6136	120.350
20.5860	107.6237	120.581
20.7352	107.6434	120.600
20.8855	107.6620	120.658
21.0368	107.6817	120.648
21.1893	107.7069	120.526
21.3428	107.7190	120.706
21.4975	107.7376	120.736
21.6532	107.7509	120.911
21.8102	107.7747	120.798
21.9682	107.7942	120.821
22.1274	107.8119	120.869
22.2877	107.8367	120.759
22.4492	107.8491	120.955
22.6119	107.8677	121.006
22.7758	107.8785	121.264
22.9408	107.9048	121.130
23.1071	107.9198	121.301
23.2745	107.9423	121.284
23.4432	107.9607	121.386
23.6130	107.9797	121.466
23.7841	108.0009	121.517
23.9565	108.0168	121.674
24.1301	108.0396	121.685
24.3049	108.0529	121.902
24.4811	108.0761	121.886
24.6585	108.0873	122.149
24.8372	108.1100	122.118
25.0171	108.1196	122.413
25.1984	108.1412	122.382
25.3810	108.1498	122.696
25.5649	108.1699	122.680
25.7502	108.1782	123.002
25.9368	108.1970	123.016
26.1247	108.2059	123.335
26.3141	108.2237	123.393
26.5047	108.2338	123.697
26.6968	108.2509	123.808
26.8903	108.2627	124.086
27.0851	108.2788	124.257
27.2814	108.2925	124.494
27.4791	108.3067	124.734
27.6782	108.3220	124.921
27.8788	108.3333	125.239
28.0808	108.3498	125.368
28.2843	108.3578	125.777
28.4892	108.3801	125.692
28.6957	108.3876	126.094
28.9036	108.4014	126.299
29.1131	108.4118	126.617
29.3240	108.4225	126.941
29.5365	108.4363	127.165
29.7506	108.4438	127.612
29.9661	108.4646	127.609
30.1833	108.4727	128.014
30.4020	108.4841	128.316
30.6223	108.4951	128.601
30.8442	108.5021	129.055
31.0677	108.5191	129.109
31.2929	108.5268	129.539
31.5196	108.5364	129.913
31.7480	108.5547	130.012
31.9781	108.5606	130.546
32.2098	108.5735	130.861
32.4432	108.5841	131.235
32.6783	108.5916	131.731
32.9151	108.6075	131.862
33.1536	108.6144	132.299
33.3939	108.6208	132.783
33.6359	108.6324	132.967
33.8796	108.6383	133.457
34.1251	108.6441	133.969
34.3724	108.6571	134.214
34.6215	108.6650	134.720
34.8723	108.6719	135.276
35.1250	108.6876	135.543
35.3796	108.6967	136.022
35.6359	108.7027	136.630
35.8942	108.7161	136.904
36.1543	108.7273	137.186
36.4163	108.7314	137.785
36.6802	108.7369	138.328
36.9460	108.7460	138.648
37.2137	108.7519	139.181
37.4834	108.7556	139.845
37.7550	108.7660	140.195
38.0286	108.7770	140.553
38.3041	108.7836	141.128
38.5817	108.7882	141.810
38.8613	108.7990	142.196
39.1429	108.8095	142.601
39.4265	108.8200	143.026
39.7122	108.8246	143.732
40.0000	108.8306	144.391
40.2899	108.8411	144.856
40.5818	108.8512	145.332
40.8759	108.8602	145.818
41.1721	108.8634	146.574
41.4704	108.8679	147.272
41.7710	108.8746	147.789
42.0736	108.8808	148.320
42.3785	108.8873	148.863
42.6856	108.8912	149.604
42.9949	108.8944	150.405
43.3065	108.9023	150.970
43.6203	108.9108	151.540
43.9364	108.9193	152.116
44.2548	108.9276	152.700
44.5755	108.9353	153.297
44.8985	108.9424	153.910
45.2238	108.9457	154.749
45.5515	108.9493	155.590
45.8816	108.9567	156.245
46.2141	108.9647	156.911
46.5490	108.9726	157.581
46.8863	108.9793	158.254
47.2261	108.9841	158.935
47.5683	108.9869	159.631
47.9130	108.9889	160.350
48.2602	108.9918	161.089
48.6099	108.9967	161.842
48.9621	109.0037	162.598
49.3169	109.0113	163.352
49.6743	109.0183	164.107
50.0343	109.0238	164.871
50.3968	109.0283	165.653
50.7620	109.0329	166.456
51.1299	109.0382	167.274
51.5004	109.0442	168.100
51.8736	109.0499	168.932
52.2495	109.0544	169.770
52.6281	109.0576	170.621
53.0095	109.0604	171.487
53.3936	109.0636	172.369
53.7805	109.0677	173.260
54.1702	109.0724	174.157
54.5628	109.0769	175.061
54.9581	109.0806	175.976
55.3564	109.0839	176.909
55.7575	109.0878	177.863
56.1616	109.0928	178.832
56.5685	109.1024	179.643
56.9785	109.1114	-179.554
57.3914	109.1149	-178.579
57.8072	109.1161	-177.590
58.2261	109.1161	-176.581
58.6481	109.1160	-175.549
59.0730	109.1172	-174.498
59.5011	109.1224	-173.594
59.9323	109.1296	-172.693
60.3666	109.1343	-171.632
60.8040	109.1379	-170.564
61.2446	109.1405	-169.482
61.6884	109.1434	-168.539
62.1355	109.1469	-167.572
62.5857	109.1501	-166.436
63.0392	109.1536	-165.290
63.4960	109.1586	-164.290
63.9562	109.1628	-163.280
64.4196	109.1651	-162.102
64.8864	109.1674	-160.911
65.3566	109.1709	-159.862
65.8302	109.1742	-158.801
66.3073	109.1762	-157.575
66.7877	109.1799	-156.482
67.2717	109.1850	-155.380
67.7592	109.1887	-154.124
68.2502	109.1924	-153.020
68.7448	109.1927	-151.901
69.2429	109.1916	-150.602
69.7447	109.1914	-149.417
70.2501	109.1949	-148.214
70.7591	109.1989	-146.869
71.2719	109.2046	-145.670
71.7884	109.2085	-144.459
72.3086	109.2117	-143.221
72.8325	109.2161	-141.964
73.3603	109.2203	-140.704
73.8919	109.2224	-139.435
74.4274	109.2223	-138.003
74.9667	109.2229	-136.682
75.5099	109.2263	-135.346
76.0571	109.2318	-134.017
76.6083	109.2356	-132.693
77.1634	109.2361	-131.352
77.7226	109.2365	-130.118
78.2858	109.2390	-128.728
78.8531	109.2418	-127.338
79.4245	109.2431	-125.938
80.0000	109.2434	-124.509
80.5797	109.2454	-123.055
81.1636	109.2499	-121.590
81.7518	109.2565	-120.262
82.3442	109.2602	-118.789
82.9409	109.2624	-117.301
83.5419	109.2637	-115.795
84.1473	109.2639	-114.268
84.7570	109.2642	-112.848
85.3712	109.2656	-111.276
85.9899	109.2676	-109.696
86.6130	109.2691	-108.246
87.2406	109.2702	-106.775
87.8728	109.2727	-105.146
88.5096	109.2779	-103.506
89.1509	109.2861	-102.005
89.7970	109.2900	-100.510
90.4477	109.2878	-98.852
91.1031	109.2826	-97.152
91.7633	109.2792	-95.539
92.4282	109.2841	-93.927
93.0980	109.2917	-92.346
93.7726	109.2951	-90.616
94.4521	109.2966	-88.849
95.1366	109.2994	-87.170
95.8260	109.3038	-85.473
96.5204	109.3058	-83.784
97.2198	109.3049	-82.084
97.9243	109.3065	-80.366
98.6339	109.3114	-78.652
99.3486	109.3137	-76.927
100.0685	109.3140	-75.149
100.7937	109.3167	-73.339
101.5241	109.3187	-71.535
102.2598	109.3172	-69.715
103.0008	109.3187	-67.864
103.7472	109.3237	-66.021
104.4990	109.3245	-64.176
105.2562	109.3230	-62.277
106.0189	109.3267	-60.353
106.7872	109.3302	-58.455
107.5610	109.3272	-56.541
108.3404	109.3248	-54.573
109.1255	109.3286	-52.733
109.9163	109.3309	-50.901
110.7128	109.3322	-48.894
111.5151	109.3353	-46.863
112.3231	109.3373	-44.813
113.1371	109.3376	-42.879
113.9569	109.3359	-40.939
114.7827	109.3348	-38.839
115.6145	109.3385	-36.717
116.4523	109.3458	-34.733
117.2961	109.3491	-32.726
118.1461	109.3494	-30.550
119.0022	109.3486	-28.503
119.8646	109.3476	-26.442
120.7332	109.3481	-24.211
121.6080	109.3517	-22.085
122.4893	109.3577	-19.952
123.3769	109.3611	-17.835
124.2709	109.3611	-15.694
125.1714	109.3627	-13.510
126.0785	109.3642	-11.302
126.9921	109.3655	-9.065
127.9123	109.3692	-6.832
128.8392	109.3699	-4.592
129.7728	109.3710	-2.301
130.7132	109.3733	0.014
131.6604	109.3731	2.347
132.6145	109.3718	4.689
133.5755	109.3690	6.901
134.5434	109.3677	9.267
135.5184	109.3647	11.658
136.5004	109.3714	13.931
137.4895	109.3775	16.310
138.4858	109.3760	18.765
139.4894	109.3804	21.124
140.5002	109.3800	23.515
141.5183	109.3875	26.084
142.5438	109.3929	28.592
143.5767	109.3877	30.979
144.6171	109.3823	33.397
145.6651	109.3810	35.855
146.7206	109.3900	38.296
147.7838	109.3893	40.749
148.8547	109.3883	43.460
149.9334	109.3942	46.176
151.0199	109.3933	48.713
152.1142	109.3911	51.304
153.2165	109.3960	53.877
154.3268	109.3992	56.467
155.4451	109.4021	58.958
156.5715	109.4032	61.505
157.7061	109.4022	64.171
158.8489	109.3958	66.874
160.0000	109.4034	69.619
161.1594	109.4072	72.345
162.3273	109.4058	75.167
163.5035	109.4067	77.803
164.6884	109.4067	80.450
165.8818	109.4087	83.253
167.0838	109.4051	86.146
168.2946	109.4047	88.892
169.5141	109.4041	91.629
170.7425	109.4091	94.541
171.9797	109.4160	97.337
173.2260	109.4128	100.164
174.4812	109.4137	103.014
175.7456	109.4118	105.863
177.0191	109.4168	108.796
178.3019	109.4139	111.697
179.5939	109.4189	114.642
180.8953	109.4198	117.630
182.2062	109.4225	120.603
183.5265	109.4030	123.573
184.8564	109.4171	126.669
186.1960	109.4264	129.553
187.5452	109.4261	132.663
188.9043	109.4212	135.801
190.2731	109.4267	138.778
191.6519	109.4281	141.827
193.0407	109.4278	144.813
194.4396	109.4247	148.063
195.8486	109.4296	151.316
197.2678	109.4315	154.464
198.6972	109.4327	157.611
200.1371	109.4302	160.734
201.5874	109.4290	163.923
203.0482	109.4332	167.224
204.5195	109.4358	170.460
206.0016	109.4307	173.771
207.4943	109.4317	177.111
208.9979	109.4306	-179.547
210.5124	109.4318	-176.137
212.0379	109.4353	-172.843
213.5744	109.4380	-169.591
215.1220	109.4329	-166.121
216.6809	109.4354	-162.567
218.2510	109.4334	-159.183
219.8326	109.4318	-155.745
221.4256	109.4376	-152.109
223.0301	109.4370	-148.609
224.6463	109.4384	-145.036
226.2742	109.4467	-141.410
227.9138	109.4331	-137.854
229.5654	109.4321	-134.217
231.2289	109.4403	-130.492
232.9045	109.4311	-126.719
234.5922	109.4416	-122.962
236.2922	109.4427	-119.104
238.0045	109.4486	-115.357
239.7291	109.4457	-111.477
241.4663	109.4476	-107.484
243.2161	109.4414	-103.640
244.9785	109.4411	-99.748
246.7537	109.4465	-95.817
248.5418	109.4434	-91.823
250.3428	109.4418	-87.795
252.1569	109.4285	-83.643
253.9842	109.4403	-79.515
255.8246	109.4361	-75.314
257.6785	109.4372	-71.023
259.5457	109.4421	-66.710
261.4265	109.4263	-62.326
263.3209	109.4382	-57.969
265.2290	109.4425	-53.516
267.1510	109.3617	-49.066
269.0869	109.4203	-44.540
271.0368	109.4380	-40.025
273.0008	109.4423	-35.315
274.9791	109.4438	-30.808
276.9717	109.4331	-26.014
278.9788	109.4348	-21.268
281.0003	109.4284	-16.414
283.0366	109.4268	-11.544
285.0876	109.4400	-6.603
287.1535	109.4398	-1.549
289.2343	109.4303	3.537
291.3302	109.4358	8.546
293.4413	109.4335	13.697
295.5677	109.4320	18.795
297.7095	109.4451	24.229
299.8668	109.4388	29.669
302.0398	109.4354	35.047
304.2285	109.4370	40.486
306.4330	109.4363	46.030
308.6536	109.4298	51.577
310.8902	109.4278	57.145
313.1431	109.4332	62.825
315.4122	109.4369	68.635
317.6978	109.4294	74.557
320.0000	109.4286	80.502
322.3189	109.4261	86.483
324.6545	109.4289	92.491
327.0071	109.4303	98.609
329.3767	109.4236	104.789
331.7635	109.4289	111.046
334.1676	109.4326	117.371
336.5891	109.4265	123.814
339.0282	109.4291	130.192
341.4849	109.4309	136.758
343.9595	109.4224	143.424
346.4519	109.4300	150.048
348.9625	109.4316	156.816
351.4912	109.4320	163.631
354.0383	109.4273	170.505
356.6038	109.4351	177.463
359.1879	109.4302	-175.464
361.7907	109.4264	-168.355
364.4124	109.4287	-161.121
367.0530	109.4205	-153.835
369.7129	109.4303	-146.526
372.3920	109.4270	-139.110
375.0905	109.4273	-131.587
377.8085	109.4267	-123.995
380.5463	109.4228	-116.395
383.3039	109.4294	-108.626
386.0814	109.4292	-100.904
388.8792	109.4298	-92.983
391.6971	109.4291	-84.991
394.5355	109.4244	-76.987
397.3945	109.4297	-68.918
400.2742	109.4297	-60.662
403.1747	109.4284	-52.372
406.0963	109.4292	-44.003
409.0390	109.4312	-35.562
412.0031	109.4317	-27.093
414.9887	109.4294	-18.548
417.9958	109.4316	-9.841
421.0248	109.4306	-1.024
424.0757	109.4357	7.785
427.1488	109.4315	16.702
430.2440	109.4291	25.683
433.3618	109.4323	34.776
436.5021	109.4366	43.981
439.6652	109.4330	53.238
442.8512	109.4336	62.622
446.0602	109.4295	71.994
449.2926	109.4292	81.482
452.5483	109.4306	91.077
455.8277	109.4304	100.783
459.1308	109.4321	110.531
462.4579	109.4329	120.388
465.8090	109.4304	130.361
469.1845	109.4340	140.396
472.5844	109.4331	150.527
476.0089	109.4340	160.679
479.4583	109.4339	171.017
482.9326	109.4365	-178.573
486.4321	109.4348	-168.154
489.9570	109.4321	-157.602
493.5075	109.4378	-146.913
497.0836	109.4376	-136.172
500.6857	109.4377	-125.353
504.3139	109.4312	-114.420
507.9683	109.4373	-103.426
511.6493	109.4365	-92.295
515.3569	109.4387	-81.092
519.0914	109.4380	-69.739
522.8529	109.4331	-58.371
526.6418	109.4397	-46.854
530.4580	109.4378	-35.329
534.3019	109.4403	-23.596
538.1737	109.4463	-11.843
542.0735	109.4430	0.071
546.0016	109.4410	11.999
549.9582	109.4376	24.120
553.9434	109.4393	36.265
557.9575	109.4434	48.486
562.0007	109.4391	60.862
566.0732	109.4403	73.358
570.1752	109.4403	85.950
574.3069	109.4421	98.618
578.4686	109.4436	111.405
582.6604	109.4459	124.253
586.8826	109.4442	137.263
591.1354	109.4431	150.323
595.4190	109.4452	163.506
599.7336	109.4447	176.848
604.0796	109.4471	-169.808
608.4570	109.4453	-156.271
612.8661	109.4453	-142.646
617.3072	109.4402	-128.927
621.7804	109.4446	-115.113
626.2861	109.4475	-101.237
630.8244	109.4502	-87.170
635.3957	109.4518	-72.965
640.0000	109.4522	-58.705
644.6377	109.4457	-44.322
649.3090	109.4436	-29.829
654.0142	109.4528	-15.264
658.7534	109.4533	-0.530
663.5270	109.4495	14.314
668.3352	109.4477	29.257
673.1783	109.4524	44.360
678.0564	109.4547	59.541
682.9699	109.4509	74.821
687.9189	109.4503	90.224
692.9039	109.4543	105.758
697.9249	109.4504	121.427
702.9824	109.4533	137.223
708.0765	109.4490	153.141
713.2075	109.4524	169.170
718.3757	109.4566	-174.693
723.5814	109.4540	-158.444
728.8247	109.4579	-142.046
734.1061	109.4560	-125.494
739.4257	109.4588	-108.857
744.7839	109.4569	-92.103
750.1809	109.4555	-75.180
755.6170	109.4552	-58.179
761.0926	109.4560	-41.046
766.6077	109.4604	-23.717
772.1629	109.4596	-6.325
777.7583	109.4614	11.233
783.3943	109.4558	28.950
789.0711	109.4589	46.762
794.7890	109.4596	64.696
800.5484	109.4617	82.829
806.3495	109.4579	101.066
812.1926	109.4588	119.406
818.0781	109.4636	137.927
824.0062	109.4649	156.543
829.9773	109.4615	175.324
835.9917	109.4631	-165.736
842.0496	109.4591	-146.654
848.1515	109.4645	-127.465
854.2975	109.4608	-108.106
860.4881	109.4629	-88.600
866.7236	109.4585	-68.945
873.0042	109.4631	-49.155
879.3303	109.4615	-29.220
885.7023	109.4630	-9.089
892.1205	109.4647	11.122
898.5852	109.4613	31.551
905.0967	109.4647	52.084
911.6554	109.4655	72.782
918.2616	109.4637	93.649
924.9157	109.4622	114.657
931.6180	109.4647	135.841
938.3689	109.4633	157.164
945.1687	109.4630	178.639
952.0178	109.4621	-159.716
958.9165	109.4614	-137.915
965.8652	109.4632	-115.921
972.8643	109.4601	-93.807
979.9141	109.4619	-71.483
987.0149	109.4603	-49.051
994.1672	109.4621	-26.393
1001.3714	109.4600	-3.574
1008.6277	109.4571	19.350
1015.9367	109.4618	42.495
1023.2986	109.4579	65.808
1030.7138	109.4582	89.295
1038.1828	109.4567	112.967
1045.7059	109.4570	136.791
1053.2835	109.4575	160.776
1060.9160	109.4583	-175.031
1068.6039	109.4564	-150.632
1076.3474	109.4596	-126.097
1084.1471	109.4575	-101.373
1092.0032	109.4553	-76.483
1099.9164	109.4559	-51.371
1107.8868	109.4538	-26.108
1115.9150	109.4518	-0.655
1124.0014	109.4480	24.988
1132.1464	109.4524	50.855
1140.3504	109.4523	76.908
1148.6138	109.4517	103.112
1156.9371	109.4486	129.509
1165.3208	109.4472	156.135
1173.7652	109.4460	-177.043
1182.2708	109.4426	-150.033
1190.8380	109.4492	-122.842
1199.4673	109.4484	-95.445
1208.1591	109.4449	-67.836
1216.9139	109.4420	-40.016
1225.7322	109.4421	-12.024
1234.6144	109.4395	16.200
1243.5609	109.4427	44.651
1252.5722	109.4361	73.285
1261.6489	109.4365	102.108
1270.7913	109.4312	131.155
1280.0000	109.4344	160.455
1289.2754	109.4361	-170.088
1298.6180	109.4290	-140.383
1308.0284	109.4277	-110.460
1317.5069	109.4257	-80.306
1327.0541	109.4228	-49.929
1336.6704	109.4227	-19.380
1346.3565	109.4193	11.420
1356.1128	109.4156	42.470
1365.9397	109.4215	73.748
1375.8379	109.4152	105.228
1385.8078	109.4090	136.920
1395.8499	109.4089	168.899
1405.9648	109.4051	-158.926
1416.1530	109.4066	-126.525
1426.4150	109.4059	-93.888
1436.7514	109.4009	-60.978
1447.1627	109.3969	-27.829
1457.6495	109.3933	5.549
1468.2122	109.3935	39.186
1478.8515	109.3893	73.025
1489.5678	109.3873	107.155
1500.3618	109.3811	141.503
1511.2341	109.3821	176.134
1522.1851	109.3779	-148.990
1533.2155	109.3738	-113.892
1544.3258	109.3707	-78.517
1555.5166	109.3719	-42.865
1566.7885	109.3612	-6.966
1578.1421	109.3646	29.178
1589.5780	109.3543	65.596
1601.0967	109.3531	102.312
1612.6989	109.3547	139.266
1624.3852	109.3475	176.493
1636.1562	109.3469	-146.018
1648.0125	109.3381	-108.264
1659.9546	109.3353	-70.240
1671.9833	109.3305	-31.890
1684.0992	109.3268	6.695
1696.3029	109.3238	45.601
1708.5950	109.3215	84.766
1720.9762	109.3155	124.193
1733.4471	109.3090	163.949
1746.0084	109.3058	-156.032
1758.6607	109.3017	-115.705
1771.4046	109.2992	-75.108
1784.2410	109.2917	-34.186
1797.1703	109.2868	7.028
1810.1934	109.2839	48.546
1823.3108	109.2774	90.341
1836.5232	109.2735	132.465
1849.8314	109.2675	174.859
1863.2361	109.2613	-142.398
1876.7379	109.2610	-99.378
1890.3375	109.2509	-55.985
1904.0356	109.2446	-12.337
1917.8331	109.2414	31.650
1931.7305	109.2327	75.939
1945.7286	109.2302	120.565
1959.8281	109.2215	165.513
1974.0299	109.2152	-149.204
1988.3345	109.2129	-103.600
2002.7428	109.2018	-57.646
2017.2555	109.1965	-11.364
2031.8733	109.1902	35.234
2046.5971	109.1879	82.171
2061.4276	109.1776	129.465
2076.3656	109.1728	177.089
2091.4118	109.1637	-134.933
2106.5670	109.1561	-86.584
2121.8321	109.1485	-37.913
2137.2077	109.1396	11.145
2152.6948	109.1315	60.535
2168.2941	109.1260	110.271
2184.0065	109.1199	160.367
2199.8327	109.1086	-149.119
2215.7736	109.0986	-98.291
2231.8300	109.0922	-47.087
2248.0028	109.0818	4.514
2264.2927	109.0735	56.455
2280.7007	109.0661	108.805
2297.2276	109.0574	161.522
2313.8743	109.0442	-145.372
2330.6416	109.0363	-91.882
2347.5304	109.0235	-38.002
2364.5415	109.0135	16.274
2381.6760	108.9990	70.917
2398.9346	108.9869	125.976
2416.3182	108.9793	-178.556
2433.8279	108.9656	-122.693
2451.4644	108.9532	-66.412
2469.2287	108.9405	-9.726
2487.1218	108.9273	47.348
2505.1445	108.9179	104.859
2523.2978	108.8981	162.782
2541.5826	108.8852	-138.867
2560.0000	108.8729	-80.107
2578.5508	108.8591	-20.880
2597.2361	108.8378	38.724
2616.0567	108.8247	98.773
2635.0137	108.8055	159.281
2654.1081	108.7895	-139.771
2673.3409	108.7727	-78.410
2692.7130	108.7522	-16.577
2712.2255	108.7353	45.689
2731.8794	108.7151	108.417
2751.6758	108.6964	171.596
2771.6155	108.6722	-124.731
2791.6998	108.6547	-60.651
2811.9296	108.6339	3.916
2832.3060	108.6081	68.976
2852.8301	108.5861	134.453
2873.5028	108.5562	-159.537
2894.3254	108.5364	-93.084
2915.2989	108.5097	-26.149
2936.4244	108.4866	41.294
2957.7029	108.4574	109.215
2979.1356	108.4297	177.636
3000.7237	108.4011	-113.459
3022.4682	108.3709	-44.051
3044.3702	108.3396	25.867
3066.4310	108.3087	96.273
3088.6516	108.2762	167.218
3111.0332	108.2435	-121.307
3133.5771	108.2053	-49.389
3156.2843	108.1727	23.138
3179.1560	108.1360	96.160
3202.1935	108.1022	169.701
3225.3979	108.0631	-116.215
3248.7705	108.0226	-41.620
3272.3124	107.9815	33.550
3296.0249	107.9426	109.231
3319.9093	107.9026	-174.507
3343.9667	107.8599	-97.710
3368.1985	107.8167	-20.329
3392.6058	107.7711	57.587
3417.1900	107.7307	136.075
3441.9524	107.6800	-144.864
3466.8942	107.6313	-65.218
3492.0167	107.5807	14.968
3517.3213	107.5333	95.777
3542.8093	107.4789	177.154
3568.4820	107.4312	-100.870
3594.3406	107.3787	-18.308
3620.3867	107.3210	64.868
3646.6215	107.2713	148.646
3673.0465	107.2116	-126.969
3699.6629	107.1539	-41.980
3726.4721	107.0944	43.620
3753.4757	107.0335	129.860
3780.6749	106.9739	-143.266
3808.0713	106.9143	-55.786
3835.6661	106.8506	32.364
3863.4609	106.7876	121.165
3891.4572	106.7201	-149.420
3919.6563	106.6539	-59.353
3948.0597	106.5862	31.395
3976.6690	106.5171	122.769
4005.4856	106.4446	-145.163
4034.5110	106.3765	-52.403
4063.7467	106.2995	40.993
4093.1943	106.2280	135.116
4122.8552	106.1562	-130.101
4152.7312	106.0738	-34.628
4182.8236	105.9970	61.553
4213.1340	105.9193	158.442
4243.6641	105.8362	-103.965
4274.4155	105.7506	-5.636
4305.3896	105.6618	93.361
4336.5883	105.5800	-166.854
4368.0130	105.4940	-66.396
4399.6654	105.3992	34.836
4431.5472	105.3060	136.825
4463.6600	105.2151	-120.498
4496.0055	105.1158	-17.002
4528.5854	105.0219	87.222
4561.4014	104.9245	-167.765
4594.4552	104.8175	-62.040
4627.7485	104.7158	44.504
4661.2831	104.6118	151.837
4695.0607	104.4968	-100.033
4729.0830	104.3920	8.817
4763.3519	104.2756	118.563
4797.8691	104.1619	-130.959
4832.6365	104.0422	-19.616
4867.6558	103.9248	92.500
4902.9288	103.8001	-154.579
4938.4574	103.6755	-40.765
4974.2435	103.5481	73.806
5010.2890	103.4178	-170.704
5046.5956	103.2893	-54.411
5083.1653	103.1535	62.739
5120.0000	103.0174	-179.245
5157.1016	102.8799	-60.396
5194.4721	102.7423	59.314
5232.1134	102.5938	179.961
5270.0275	102.4559	-58.569
5308.2162	102.3053	63.821
5346.6818	102.1540	-172.907
5385.4260	102.0022	-48.733
5424.4510	101.8458	76.346
5463.7589	101.7011	-157.617
5503.3515	101.5438	-30.694
5543.2311	101.3859	97.160
5583.3996	101.2288	-134.044
5623.8592	101.0681	-4.332
5664.6120	100.9024	126.383
5705.6601	100.7512	-102.075
5747.0057	100.5798	30.575
5788.6509	100.4249	164.145
5830.5978	100.2567	-61.260
5872.8487	100.0946	74.262
5915.4058	99.9254	-149.160
5958.2713	99.7566	-11.624
6001.4474	99.5991	126.933
6044.9363	99.4241	-93.409
6088.7404	99.2579	47.191
6132.8620	99.0833	-171.114
6177.3032	98.9089	-28.408
6222.0665	98.7403	115.396
6267.1541	98.5660	-99.768
6312.5685	98.3857	46.113
6358.3120	98.2111	-166.866
6404.3869	98.0265	-18.784
6450.7958	97.8479	130.412
6497.5409	97.6570	-79.296
6544.6248	97.4813	72.081
6592.0498	97.2922	-135.420
6639.8185	97.0830	18.236
6687.9334	96.8883	173.013
6736.3969	96.6861	-30.994
6785.2116	96.4948	126.018
6834.3801	96.2975	-75.738
6883.9048	96.0791	83.751
6933.7884	95.8769	-115.769
6984.0335	95.6631	46.078
7034.6427	95.4400	-150.999
7085.6186	95.2100	13.000
7136.9639	94.9935	178.284
7188.6813	94.7725	-15.184
7240.7734	94.5452	152.578
7293.2431	94.3158	-38.476
7346.0929	94.0764	131.704
7399.3257	93.8531	-56.955
7452.9443	93.6190	115.749
7506.9514	93.3814	-70.384
7561.3499	93.1355	104.703
7616.1425	92.9038	-78.772
7671.3322	92.6668	98.758
7726.9219	92.4134	-82.160
7782.9143	92.2113	98.126
7839.3125	91.9701	-80.109
7896.1194	91.7430	102.834
7953.3380	91.5336	-73.060
8010.9711	91.2978	111.912
8069.0219	91.0790	-60.286
8127.4934	90.8437	128.369
8186.3886	90.6713	-41.893
8245.7105	90.4218	149.221
8305.4623	90.2373	-18.254
8365.6471	90.0025	175.968
8426.2680	89.8255	11.530
8487.3283	89.6075	-151.292
8548.8309	89.3773	47.083
8610.7793	89.1693	-113.093
8673.1765	88.9445	88.342
8736.0260	88.7077	-68.434
8799.3308	88.5036	136.049
8863.0944	88.2526	-18.063
8927.3200	88.0349	-170.556
8992.0111	87.7276	38.626
9057.1709	87.4878	-110.967
9122.8029	87.2160	101.115
9188.9105	86.9287	-45.202
9255.4971	86.7019	169.746
9322.5662	86.4103	26.387
9390.1214	86.0619	-115.199
9458.1661	85.8034	104.628
9526.7039	85.5488	-33.931
9595.7383	85.2366	-171.001
9665.2730	84.9433	53.497
9735.3115	84.6770	-80.456
9805.8576	84.3697	147.035
9876.9149	84.0227	16.230
9948.4871	83.7855	-113.077
10020.5779	83.5203	119.839
10093.1912	83.2942	-6.055
10166.3306	83.0113	-130.023
10240.0000	82.8820	107.394
10314.2033	82.6193	-13.031
10388.9442	82.4268	-131.462
10464.2268	82.2347	111.449
10540.0549	82.0963	-3.834
10616.4325	81.9410	-116.284
10693.3635	81.7089	132.388
10770.8521	81.5114	23.104
10848.9021	81.3211	-84.140
10927.5177	81.0755	170.473
11006.7030	80.8763	66.583
11086.4621	80.5624	-34.747
11166.7992	80.3318	-134.639
11247.7184	80.0222	128.147
11329.2240	79.7386	32.132
11411.3202	79.4658	-61.410
11494.0114	79.0675	-153.662
11577.3017	78.7131	116.214
11661.1956	78.4783	27.777
11745.6975	78.0141	-58.655
11830.8116	77.6531	-143.725
11916.5426	77.1612	132.631
12002.8947	76.8152	52.360
12089.8727	76.4532	-26.976
12177.4809	76.1225	-105.355
12265.7239	75.8339	179.690
12354.6064	75.5313	106.377
12444.1330	75.3676	34.870
12534.3083	75.1889	-34.155
12625.1370	75.0683	-101.099
12716.6240	75.0195	-164.794
12808.7739	74.8161	133.176
12901.5916	74.6394	73.615
12995.0818	74.6247	16.294
13089.2495	74.4069	-38.521
13184.0996	74.3725	-90.532
13279.6370	74.2391	-140.449
13375.8668	73.9628	172.783
13472.7938	73.6568	128.181
13570.4232	73.2825	86.242
13668.7601	72.6945	43.907
13767.8096	72.5080	7.167
13867.5768	72.0679	-29.341
13968.0670	71.4370	-63.146
14069.2853	70.8664	-94.297
14171.2372	70.2010	-125.658
14273.9278	69.7915	-152.667
14377.3626	69.1213	-179.941
14481.5469	68.5820	156.224
14586.4861	68.3087	130.812
14692.1858	68.0224	111.423
14798.6515	68.2716	95.217
14905.8886	68.1307	80.746
15013.9028	67.9838	68.195
15122.6997	68.3639	59.951
15232.2851	68.3135	56.775
15342.6645	68.2216	52.750
15453.8437	68.6195	54.560
15565.8287	68.2995	59.594
15678.6251	68.1378	68.311
15792.2389	68.0319	78.733
15906.6759	67.6053	92.385
16021.9423	67.2052	111.199
16138.0439	66.3574	124.513
16254.9868	66.0667	149.708
16372.7771	64.7714	172.528
16491.4210	63.9041	-164.895
16610.9246	62.4429	-135.470
16731.2942	61.8320	-110.559
16852.5361	61.7429	-86.699
16974.6565	60.7545	-58.574
17097.6619	60.5834	-26.829
17221.5586	61.1055	14.467
17346.3531	61.5312	56.108
17472.0519	62.4489	96.780
17598.6616	63.5349	150.227
17726.1888	63.4929	-154.036
17854.6400	62.7106	-91.606
17984.0221	62.7750	-24.282
18114.3418	63.4252	38.209
18245.6057	62.6408	111.221
18377.8209	62.4024	-175.993
18510.9942	60.9424	-97.814
18645.1325	60.0397	-25.672
18780.2428	58.1647	52.675
18916.3322	54.6604	132.024
19053.4077	54.3750	-138.307
19191.4766	50.9264	-64.838
19330.5459	54.0431	17.450
19470.6230	52.3412	96.555
19611.7152	52.0490	-172.255
19753.8298	56.9307	-77.192
19896.9742	58.9596	26.449
