* Helix DSP Ultra S, output layer - one step up from zero, i.e. the setting the PC-Tool calls 5.625 deg. It measures 29.5 deg: the all-pass corner is capped at 18.0 kHz and this setting cannot be reached at a 5 kHz reference. See README..
* ELECTRICAL loop, no microphone: Scarlett 2i2 out L -> Helix line in,
* Helix line out -> Scarlett in 1; out R -> in 2 direct as the timing
* reference, timing offset 0. Everything else in the channel off; no gain,
* level or routing changed within a set, so the ratio to the set's reference
* is the filter alone.
* REW V5.40 beta 134 measurement #62 'k2_phase_5.625_lp5000_byp', 2026-Sep-02 10:49:42, 512k sweep, 1 average, 96 kHz,
* 20 Hz - 20 kHz, loopback timing reference. SNR 45.9 dB, delay -8.9713 ms.
* Levels are REW's electrical dB (splOffset 120.00); only ratios within a set carry meaning.
* This capture carries an EXTRA first-order all-pass, an AP1 the operator left engaged at 8 kHz (measured corner 7611.6 Hz) from REW #55 to #67. It is present in this set's own reference as well, so it divides out of any ratio taken within the set; see README.
* frequency_Hz<TAB>dB<TAB>phase_deg - REW's UNSMOOTHED raw spectrum (linear bins) resampled to 1/96 octave by complex averaging within each cell,
* with the measurement's own delay removed before averaging and restored after, so the cell average carries no rotation loss.
20.0000	107.5454	129.699
20.1449	107.5454	130.167
20.2909	107.5689	130.230
20.4379	107.6033	130.119
20.5860	107.6136	130.394
20.7352	107.6333	130.491
20.8855	107.6519	130.622
21.0368	107.6724	130.695
21.1893	107.6983	130.676
21.3428	107.7111	130.908
21.4975	107.7306	131.012
21.6532	107.7444	131.240
21.8102	107.7692	131.217
21.9682	107.7893	131.310
22.1274	107.8071	131.424
22.2877	107.8318	131.401
22.4492	107.8438	131.645
22.6119	107.8616	131.766
22.7758	107.8720	132.065
22.9408	107.8972	132.036
23.1071	107.9114	132.265
23.2745	107.9334	132.345
23.4432	107.9513	132.524
23.6130	107.9706	132.689
23.7841	107.9918	132.830
23.9565	108.0082	133.061
24.1301	108.0314	133.172
24.3049	108.0449	133.455
24.4811	108.0682	133.547
24.6585	108.0792	133.871
24.8372	108.1014	133.959
25.0171	108.1107	134.315
25.1984	108.1315	134.413
25.3810	108.1403	134.791
25.5649	108.1604	134.912
25.7502	108.1695	135.300
25.9368	108.1895	135.449
26.1247	108.1995	135.833
26.3141	108.2193	136.014
26.5047	108.2305	136.385
26.6968	108.2492	136.602
26.8903	108.2615	136.951
27.0851	108.2781	137.215
27.2814	108.2913	137.534
27.4791	108.3050	137.857
27.6782	108.3192	138.143
27.8788	108.3297	138.535
28.0808	108.3452	138.785
28.2843	108.3527	139.254
28.4892	108.3744	139.346
28.6957	108.3818	139.814
28.9036	108.3953	140.133
29.1131	108.4054	140.541
29.3240	108.4157	140.954
29.5365	108.4289	141.295
29.7506	108.4359	141.805
29.9661	108.4558	141.984
30.1833	108.4640	142.470
30.4020	108.4754	142.882
30.6223	108.4873	143.281
30.8442	108.4946	143.807
31.0677	108.5131	144.036
31.2929	108.5212	144.546
31.5196	108.5311	145.016
31.7480	108.5487	145.288
31.9781	108.5544	145.885
32.2098	108.5664	146.327
32.4432	108.5768	146.817
32.6783	108.5840	147.396
32.9151	108.6011	147.722
33.1536	108.6096	148.261
33.3939	108.6171	148.834
33.6359	108.6316	149.190
33.8796	108.6386	149.763
34.1251	108.6453	150.354
34.3724	108.6588	150.747
34.6215	108.6662	151.336
34.8723	108.6726	151.964
35.1250	108.6865	152.385
35.3796	108.6946	152.967
35.6359	108.6999	153.643
35.8942	108.7119	154.092
36.1543	108.7227	154.562
36.4163	108.7272	155.252
36.6802	108.7330	155.907
36.9460	108.7437	156.428
37.2137	108.7508	157.088
37.4834	108.7552	157.833
37.7550	108.7673	158.380
38.0286	108.7789	158.928
38.3041	108.7849	159.617
38.5817	108.7890	160.378
38.8613	108.7976	160.948
39.1429	108.8053	161.535
39.4265	108.8131	162.140
39.7122	108.8169	162.929
40.0000	108.8218	163.690
40.2899	108.8315	164.329
40.5818	108.8416	164.976
40.8759	108.8513	165.632
41.1721	108.8550	166.465
41.4704	108.8600	167.263
41.7710	108.8678	167.954
42.0736	108.8752	168.663
42.3785	108.8829	169.387
42.6856	108.8875	170.235
42.9949	108.8912	171.122
43.3065	108.8999	171.870
43.6203	108.9085	172.624
43.9364	108.9165	173.383
44.2548	108.9238	174.153
44.5755	108.9306	174.937
44.8985	108.9375	175.737
45.2238	108.9411	176.671
45.5515	108.9448	177.609
45.8816	108.9526	178.443
46.2141	108.9603	179.285
46.5490	108.9676	-179.863
46.8863	108.9741	-179.002
47.2261	108.9796	-178.130
47.5683	108.9842	-177.245
47.9130	108.9882	-176.347
48.2602	108.9921	-175.434
48.6099	108.9963	-174.508
48.9621	109.0013	-173.573
49.3169	109.0069	-172.631
49.6743	109.0126	-171.686
50.0343	109.0178	-170.735
50.3968	109.0218	-169.773
50.7620	109.0251	-168.794
51.1299	109.0285	-167.795
51.5004	109.0327	-166.778
51.8736	109.0379	-165.750
52.2495	109.0437	-164.714
52.6281	109.0493	-163.671
53.0095	109.0542	-162.620
53.3936	109.0585	-161.557
53.7805	109.0626	-160.479
54.1702	109.0670	-159.390
54.5628	109.0719	-158.291
54.9581	109.0771	-157.186
55.3564	109.0819	-156.075
55.7575	109.0858	-154.956
56.1616	109.0884	-153.823
56.5685	109.0904	-152.745
56.9785	109.0925	-151.628
57.3914	109.0955	-150.418
57.8072	109.1001	-149.200
58.2261	109.1055	-147.980
58.6481	109.1103	-146.764
59.0730	109.1133	-145.546
59.5011	109.1144	-144.392
59.9323	109.1154	-143.211
60.3666	109.1180	-141.943
60.8040	109.1225	-140.669
61.2446	109.1280	-139.394
61.6884	109.1350	-138.189
62.1355	109.1399	-136.962
62.5857	109.1423	-135.636
63.0392	109.1450	-134.289
63.4960	109.1494	-132.984
63.9562	109.1533	-131.671
64.4196	109.1551	-130.290
64.8864	109.1565	-128.897
65.3566	109.1598	-127.544
65.8302	109.1658	-126.182
66.3073	109.1711	-124.763
66.7877	109.1774	-123.407
67.2717	109.1799	-122.032
67.7592	109.1796	-120.565
68.2502	109.1796	-119.114
68.7448	109.1819	-117.645
69.2429	109.1842	-116.132
69.7447	109.1864	-114.670
70.2501	109.1876	-113.196
70.7591	109.1893	-111.652
71.2719	109.1949	-110.147
71.7884	109.2018	-108.641
72.3086	109.2063	-107.128
72.8325	109.2081	-105.590
73.3603	109.2088	-104.019
73.8919	109.2097	-102.430
74.4274	109.2103	-100.787
74.9667	109.2112	-99.175
75.5099	109.2130	-97.548
76.0571	109.2163	-95.910
76.6083	109.2203	-94.263
77.1634	109.2240	-92.602
77.7226	109.2291	-90.970
78.2858	109.2331	-89.285
78.8531	109.2361	-87.590
79.4245	109.2386	-85.877
80.0000	109.2416	-84.143
80.5797	109.2450	-82.399
81.1636	109.2462	-80.644
81.7518	109.2443	-78.897
82.3442	109.2434	-77.077
82.9409	109.2460	-75.245
83.5419	109.2497	-73.415
84.1473	109.2516	-71.581
84.7570	109.2524	-69.753
85.3712	109.2543	-67.861
85.9899	109.2577	-65.958
86.6130	109.2621	-64.091
87.2406	109.2649	-62.225
87.8728	109.2659	-60.303
88.5096	109.2666	-58.346
89.1509	109.2707	-56.376
89.7970	109.2787	-54.396
90.4477	109.2823	-52.398
91.1031	109.2798	-50.389
91.7633	109.2726	-48.374
92.4282	109.2698	-46.325
93.0980	109.2732	-44.279
93.7726	109.2771	-42.202
94.4521	109.2801	-40.110
95.1366	109.2824	-38.024
95.8260	109.2836	-35.902
96.5204	109.2859	-33.755
97.2198	109.2900	-31.598
97.9243	109.2944	-29.440
98.6339	109.2963	-27.276
99.3486	109.2944	-25.079
100.0685	109.2938	-22.838
100.7937	109.2978	-20.588
101.5241	109.3005	-18.348
102.2598	109.2998	-16.075
103.0008	109.3010	-13.765
103.7472	109.3039	-11.452
104.4990	109.3056	-9.126
105.2562	109.3086	-6.778
106.0189	109.3114	-4.421
106.7872	109.3111	-2.028
107.5610	109.3130	0.411
108.3404	109.3172	2.839
109.1255	109.3140	5.234
109.9163	109.3098	7.697
110.7128	109.3132	10.196
111.5151	109.3158	12.691
112.3231	109.3166	15.219
113.1371	109.3218	17.746
113.9569	109.3257	20.266
114.7827	109.3253	22.855
115.6145	109.3279	25.484
116.4523	109.3299	28.087
117.2961	109.3260	30.718
118.1461	109.3270	33.403
119.0022	109.3316	36.060
119.8646	109.3347	38.746
120.7332	109.3378	41.476
121.6080	109.3365	44.209
122.4893	109.3363	46.987
123.3769	109.3382	49.743
124.2709	109.3348	52.538
125.1714	109.3384	55.394
126.0785	109.3435	58.232
126.9921	109.3445	61.098
127.9123	109.3475	63.975
128.8392	109.3463	66.868
129.7728	109.3447	69.824
130.7132	109.3467	72.802
131.6604	109.3479	75.784
132.6145	109.3501	78.771
133.5755	109.3510	81.751
134.5434	109.3508	84.816
135.5184	109.3527	87.920
136.5004	109.3510	91.027
137.4895	109.3503	94.164
138.4858	109.3521	97.300
139.4894	109.3542	100.441
140.5002	109.3532	103.633
141.5183	109.3549	106.877
142.5438	109.3577	110.099
143.5767	109.3550	113.337
144.6171	109.3580	116.625
145.6651	109.3609	119.900
146.7206	109.3615	123.228
147.7838	109.3662	126.596
148.8547	109.3655	130.000
149.9334	109.3639	133.450
151.0199	109.3651	136.881
152.1142	109.3677	140.330
153.2165	109.3715	143.812
154.3268	109.3714	147.350
155.4451	109.3708	150.873
156.5715	109.3685	154.440
157.7061	109.3732	158.030
158.8489	109.3703	161.655
160.0000	109.3726	165.343
161.1594	109.3779	169.009
162.3273	109.3765	172.703
163.5035	109.3748	176.432
164.6884	109.3731	-179.818
165.8818	109.3734	-176.022
167.0838	109.3763	-172.198
168.2946	109.3779	-168.377
169.5141	109.3778	-164.497
170.7425	109.3811	-160.572
171.9797	109.3802	-156.637
173.2260	109.3792	-152.653
174.4812	109.3814	-148.679
175.7456	109.3823	-144.674
177.0191	109.3816	-140.627
178.3019	109.3855	-136.530
179.5939	109.3887	-132.457
180.8953	109.3821	-128.304
182.2062	109.3848	-124.107
183.5265	109.3800	-119.950
184.8564	109.3835	-115.668
186.1960	109.3887	-111.412
187.5452	109.3857	-107.075
188.9043	109.3871	-102.766
190.2731	109.3839	-98.407
191.6519	109.3910	-94.026
193.0407	109.3868	-89.607
194.4396	109.3908	-85.119
195.8486	109.3895	-80.637
197.2678	109.3914	-76.099
198.6972	109.3904	-71.590
200.1371	109.3931	-66.916
201.5874	109.4035	-62.363
203.0482	109.3940	-57.641
204.5195	109.3954	-52.935
206.0016	109.3958	-48.222
207.4943	109.4010	-43.464
208.9979	109.4002	-38.674
210.5124	109.3962	-33.773
212.0379	109.4013	-28.962
213.5744	109.3979	-24.033
215.1220	109.4024	-19.088
216.6809	109.3995	-14.107
218.2510	109.4040	-9.078
219.8326	109.4081	-4.075
221.4256	109.4000	1.056
223.0301	109.4059	6.161
224.6463	109.4103	11.296
226.2742	109.4081	16.492
227.9138	109.4057	21.806
229.5654	109.4029	27.114
231.2289	109.4036	32.419
232.9045	109.4050	37.795
234.5922	109.4031	43.169
236.2922	109.4069	48.599
238.0045	109.4028	54.090
239.7291	109.4052	59.641
241.4663	109.4033	65.230
243.2161	109.4047	70.798
244.9785	109.4110	76.457
246.7537	109.4057	82.098
248.5418	109.4025	87.867
250.3428	109.4086	93.606
252.1569	109.4164	99.438
253.9842	109.4167	105.259
255.8246	109.4117	111.141
257.6785	109.4147	117.070
259.5457	109.4168	123.076
261.4265	109.4253	129.087
263.3209	109.4113	135.209
265.2290	109.4127	141.190
267.1510	109.4683	147.442
269.0869	109.4436	153.540
271.0368	109.4059	159.921
273.0008	109.4145	166.250
274.9791	109.4111	172.567
276.9717	109.4166	178.955
278.9788	109.4224	-174.581
281.0003	109.4192	-168.056
283.0366	109.4200	-161.607
285.0876	109.4180	-154.981
287.1535	109.4195	-148.347
289.2343	109.4182	-141.714
291.3302	109.4225	-134.940
293.4413	109.4191	-128.158
295.5677	109.4208	-121.311
297.7095	109.4185	-114.468
299.8668	109.4255	-107.538
302.0398	109.4193	-100.568
304.2285	109.4277	-93.554
306.4330	109.4245	-86.440
308.6536	109.4203	-79.356
310.8902	109.4355	-72.185
313.1431	109.4257	-64.911
315.4122	109.4305	-57.618
317.6978	109.4328	-50.281
320.0000	109.4308	-42.882
322.3189	109.4299	-35.422
324.6545	109.4247	-27.921
327.0071	109.4296	-20.357
329.3767	109.4289	-12.747
331.7635	109.4294	-5.062
334.1676	109.4305	2.632
336.5891	109.4314	10.410
339.0282	109.4273	18.278
341.4849	109.4308	26.140
343.9595	109.4316	34.160
346.4519	109.4275	42.120
348.9625	109.4361	50.162
351.4912	109.4315	58.354
354.0383	109.4299	66.545
356.6038	109.4322	74.775
359.1879	109.4336	83.066
361.7907	109.4360	91.474
364.4124	109.4349	99.870
367.0530	109.4278	108.357
369.7129	109.4365	116.945
372.3920	109.4414	125.564
375.0905	109.4367	134.252
377.8085	109.4347	142.948
380.5463	109.4360	151.813
383.3039	109.4349	160.639
386.0814	109.4373	169.541
388.8792	109.4353	178.551
391.6971	109.4326	-172.359
394.5355	109.4381	-163.260
397.3945	109.4440	-154.042
400.2742	109.4451	-144.793
403.1747	109.4442	-135.396
406.0963	109.4391	-126.008
409.0390	109.4370	-116.556
412.0031	109.4392	-107.033
414.9887	109.4427	-97.422
417.9958	109.4469	-87.759
421.0248	109.4430	-77.997
424.0757	109.4408	-68.168
427.1488	109.4406	-58.305
430.2440	109.4407	-48.319
433.3618	109.4452	-38.267
436.5021	109.4423	-28.161
439.6652	109.4439	-17.993
442.8512	109.4455	-7.748
446.0602	109.4449	2.641
449.2926	109.4443	12.994
452.5483	109.4429	23.498
455.8277	109.4490	34.065
459.1308	109.4522	44.667
462.4579	109.4444	55.412
465.8090	109.4490	66.198
469.1845	109.4469	77.068
472.5844	109.4466	88.014
476.0089	109.4486	99.036
479.4583	109.4489	110.126
482.9326	109.4476	121.322
486.4321	109.4496	132.600
489.9570	109.4511	143.926
493.5075	109.4461	155.383
497.0836	109.4485	166.905
500.6857	109.4530	178.503
504.3139	109.4538	-169.805
507.9683	109.4493	-158.078
511.6493	109.4533	-146.204
515.3569	109.4484	-134.241
519.0914	109.4523	-122.181
522.8529	109.4514	-110.065
526.6418	109.4524	-97.895
530.4580	109.4517	-85.593
534.3019	109.4593	-73.188
538.1737	109.4496	-60.727
542.0735	109.4565	-48.180
546.0016	109.4527	-35.513
549.9582	109.4532	-22.787
553.9434	109.4567	-9.932
557.9575	109.4540	3.015
562.0007	109.4565	16.042
566.0732	109.4571	29.164
570.1752	109.4577	42.390
574.3069	109.4614	55.689
578.4686	109.4596	69.106
582.6604	109.4571	82.619
586.8826	109.4560	96.229
591.1354	109.4563	109.924
595.4190	109.4579	123.729
599.7336	109.4565	137.624
604.0796	109.4620	151.627
608.4570	109.4615	165.762
612.8661	109.4577	179.965
617.3072	109.4580	-165.743
621.7804	109.4604	-151.343
626.2861	109.4662	-136.793
630.8244	109.4594	-122.181
635.3957	109.4595	-107.434
640.0000	109.4632	-92.594
644.6377	109.4622	-77.633
649.3090	109.4597	-62.580
654.0142	109.4620	-47.431
658.7534	109.4626	-32.117
663.5270	109.4604	-16.763
668.3352	109.4664	-1.258
673.1783	109.4646	14.366
678.0564	109.4687	30.102
682.9699	109.4645	45.915
687.9189	109.4673	61.891
692.9039	109.4624	77.955
697.9249	109.4650	94.139
702.9824	109.4656	110.448
708.0765	109.4686	126.871
713.2075	109.4667	143.419
718.3757	109.4675	160.079
723.5814	109.4668	176.865
728.8247	109.4661	-166.240
734.1061	109.4685	-149.221
739.4257	109.4714	-132.042
744.7839	109.4678	-114.782
750.1809	109.4672	-97.387
755.6170	109.4687	-79.841
761.0926	109.4666	-62.195
766.6077	109.4644	-44.414
772.1629	109.4729	-26.498
777.7583	109.4708	-8.462
783.3943	109.4669	9.730
789.0711	109.4703	28.037
794.7890	109.4715	46.479
800.5484	109.4724	65.009
806.3495	109.4694	83.779
812.1926	109.4715	102.621
818.0781	109.4692	121.583
824.0062	109.4711	140.688
829.9773	109.4719	159.957
835.9917	109.4703	179.339
842.0496	109.4731	-161.112
848.1515	109.4714	-141.430
854.2975	109.4713	-121.623
860.4881	109.4757	-101.668
866.7236	109.4727	-81.518
873.0042	109.4689	-61.290
879.3303	109.4682	-40.877
885.7023	109.4712	-20.329
892.1205	109.4741	0.360
898.5852	109.4765	21.212
905.0967	109.4736	42.217
911.6554	109.4728	63.377
918.2616	109.4729	84.705
924.9157	109.4753	106.143
931.6180	109.4738	127.765
938.3689	109.4744	149.530
945.1687	109.4745	171.464
952.0178	109.4778	-166.451
958.9165	109.4752	-144.182
965.8652	109.4795	-121.767
972.8643	109.4734	-99.193
979.9141	109.4699	-76.451
987.0149	109.4767	-53.534
994.1672	109.4761	-30.460
1001.3714	109.4777	-7.266
1008.6277	109.4802	16.185
1015.9367	109.4782	39.749
1023.2986	109.4750	63.500
1030.7138	109.4760	87.439
1038.1828	109.4724	111.523
1045.7059	109.4789	135.782
1053.2835	109.4758	160.224
1060.9160	109.4696	-175.149
1068.6039	109.4776	-150.358
1076.3474	109.4803	-125.369
1084.1471	109.4742	-100.199
1092.0032	109.4758	-74.885
1099.9164	109.4715	-49.326
1107.8868	109.4766	-23.611
1115.9150	109.4778	2.277
1124.0014	109.4732	28.404
1132.1464	109.4711	54.652
1140.3504	109.4741	81.106
1148.6138	109.4741	107.753
1156.9371	109.4738	134.628
1165.3208	109.4780	161.681
1173.7652	109.4716	-171.115
1182.2708	109.4723	-143.644
1190.8380	109.4712	-115.986
1199.4673	109.4722	-88.166
1208.1591	109.4694	-60.086
1216.9139	109.4736	-31.881
1225.7322	109.4727	-3.416
1234.6144	109.4718	25.215
1243.5609	109.4726	54.110
1252.5722	109.4688	83.179
1261.6489	109.4700	112.464
1270.7913	109.4714	141.964
1280.0000	109.4693	171.670
1289.2754	109.4707	-158.399
1298.6180	109.4699	-128.271
1308.0284	109.4692	-97.875
1317.5069	109.4678	-67.327
1327.0541	109.4680	-36.524
1336.6704	109.4659	-5.504
1346.3565	109.4704	25.782
1356.1128	109.4653	57.257
1365.9397	109.4641	88.982
1375.8379	109.4672	120.908
1385.8078	109.4645	153.080
1395.8499	109.4670	-174.557
1405.9648	109.4645	-141.860
1416.1530	109.4607	-109.042
1426.4150	109.4597	-75.887
1436.7514	109.4577	-42.571
1447.1627	109.4591	-8.965
1457.6495	109.4663	24.878
1468.2122	109.4589	58.970
1478.8515	109.4574	93.292
1489.5678	109.4647	127.880
1500.3618	109.4618	162.696
1511.2341	109.4579	-162.244
1522.1851	109.4549	-126.881
1533.2155	109.4561	-91.290
1544.3258	109.4529	-55.461
1555.5166	109.4524	-19.334
1566.7885	109.4520	17.037
1578.1421	109.4504	53.665
1589.5780	109.4473	90.559
1601.0967	109.4494	127.746
1612.6989	109.4516	165.151
1624.3852	109.4549	-157.084
1636.1562	109.4452	-119.165
1648.0125	109.4402	-80.899
1659.9546	109.4477	-42.326
1671.9833	109.4444	-3.521
1684.0992	109.4448	35.568
1696.3029	109.4430	74.941
1708.5950	109.4452	114.625
1720.9762	109.4368	154.557
1733.4471	109.4407	-165.204
1746.0084	109.4397	-124.680
1758.6607	109.4397	-83.833
1771.4046	109.4378	-42.715
1784.2410	109.4360	-1.278
1797.1703	109.4372	40.404
1810.1934	109.4373	82.439
1823.3108	109.4380	124.783
1836.5232	109.4324	167.415
1849.8314	109.4321	-149.646
1863.2361	109.4311	-106.402
1876.7379	109.4309	-62.822
1890.3375	109.4303	-18.940
1904.0356	109.4269	25.240
1917.8331	109.4267	69.781
1931.7305	109.4271	114.610
1945.7286	109.4264	159.794
1959.8281	109.4249	-154.717
1974.0299	109.4223	-108.885
1988.3345	109.4232	-62.716
2002.7428	109.4209	-16.212
2017.2555	109.4204	30.589
2031.8733	109.4212	77.776
2046.5971	109.4211	125.290
2061.4276	109.4204	173.121
2076.3656	109.4210	-138.663
2091.4118	109.4168	-90.127
2106.5670	109.4199	-41.211
2121.8321	109.4159	8.070
2137.2077	109.4160	57.669
2152.6948	109.4195	107.642
2168.2941	109.4135	157.982
2184.0065	109.4179	-151.289
2199.8327	109.4161	-100.239
2215.7736	109.4132	-48.786
2231.8300	109.4120	3.008
2248.0028	109.4148	55.204
2264.2927	109.4113	107.776
2280.7007	109.4145	160.743
2297.2276	109.4118	-145.940
2313.8743	109.4150	-92.211
2330.6416	109.4125	-38.083
2347.5304	109.4151	16.413
2364.5415	109.4137	71.304
2381.6760	109.4119	126.616
2398.9346	109.4142	-177.726
2416.3182	109.4132	-121.612
2433.8279	109.4164	-65.098
2451.4644	109.4152	-8.163
2469.2287	109.4111	49.168
2487.1218	109.4132	106.927
2505.1445	109.4153	165.069
2523.2978	109.4143	-136.343
2541.5826	109.4187	-77.313
2560.0000	109.4177	-17.893
2578.5508	109.4174	41.982
2597.2361	109.4176	102.317
2616.0567	109.4183	163.057
2635.0137	109.4146	-135.757
2654.1081	109.4190	-74.122
2673.3409	109.4210	-12.068
2692.7130	109.4191	50.462
2712.2255	109.4209	113.450
2731.8794	109.4212	176.909
2751.6758	109.4229	-119.187
2771.6155	109.4220	-54.852
2791.6998	109.4195	9.997
2811.9296	109.4257	75.293
2832.3060	109.4245	141.092
2852.8301	109.4268	-152.668
2873.5028	109.4292	-85.928
2894.3254	109.4292	-18.720
2915.2989	109.4280	48.986
2936.4244	109.4291	117.194
2957.7029	109.4310	-174.108
2979.1356	109.4297	-104.923
3000.7237	109.4314	-35.233
3022.4682	109.4310	34.966
3044.3702	109.4335	105.670
3066.4310	109.4354	176.866
3088.6516	109.4364	-111.370
3111.0332	109.4351	-39.097
3133.5771	109.4354	33.678
3156.2843	109.4328	106.991
3179.1560	109.4376	-179.177
3202.1935	109.4337	-104.787
3225.3979	109.4380	-29.872
3248.7705	109.4389	45.601
3272.3124	109.4393	121.598
3296.0249	109.4369	-161.826
3319.9093	109.4385	-84.716
3343.9667	109.4400	-7.051
3368.1985	109.4368	71.212
3392.6058	109.4397	150.012
3417.1900	109.4391	-130.614
3441.9524	109.4379	-50.640
3466.8942	109.4389	29.885
3492.0167	109.4388	110.991
3517.3213	109.4365	-167.297
3542.8093	109.4358	-84.992
3568.4820	109.4341	-2.099
3594.3406	109.4365	81.406
3620.3867	109.4334	165.527
3646.6215	109.4335	-109.761
3673.0465	109.4310	-24.470
3699.6629	109.4313	61.485
3726.4721	109.4331	148.042
3753.4757	109.4302	-124.749
3780.6749	109.4299	-36.902
3808.0713	109.4288	51.562
3835.6661	109.4288	140.660
3863.4609	109.4261	-129.585
3891.4572	109.4238	-39.200
3919.6563	109.4228	51.843
3948.0597	109.4228	143.555
3976.6690	109.4224	-124.060
4005.4856	109.4194	-31.004
4034.5110	109.4212	62.735
4063.7467	109.4205	157.112
4093.1943	109.4210	-107.786
4122.8552	109.4211	-12.021
4152.7312	109.4209	84.459
4182.8236	109.4158	-178.360
4213.1340	109.4185	-80.499
4243.6641	109.4184	18.081
4274.4155	109.4186	117.378
4305.3896	109.4184	-142.601
4336.5883	109.4196	-41.859
4368.0130	109.4192	59.633
4399.6654	109.4205	161.836
4431.5472	109.4221	-95.208
4463.6600	109.4223	8.496
4496.0055	109.4218	112.955
4528.5854	109.4241	-141.841
4561.4014	109.4261	-35.862
4594.4552	109.4273	70.866
4627.7485	109.4291	178.392
4661.2831	109.4293	-73.295
4695.0607	109.4305	35.777
4729.0830	109.4338	145.646
4763.3519	109.4358	-103.684
4797.8691	109.4406	7.793
4832.6365	109.4394	120.091
4867.6558	109.4444	-126.796
4902.9288	109.4475	-12.864
4938.4574	109.4519	101.890
4974.2435	109.4525	-142.541
5010.2890	109.4520	-26.101
5046.5956	109.4602	91.184
5083.1653	109.4597	-150.702
5120.0000	109.4649	-31.715
5157.1016	109.4655	88.124
5194.4721	109.4712	-151.147
5232.1134	109.4711	-29.548
5270.0275	109.4765	92.962
5308.2162	109.4772	-143.683
5346.6818	109.4794	-19.417
5385.4260	109.4801	105.754
5424.4510	109.4845	-128.180
5463.7589	109.4868	-1.189
5503.3515	109.4875	126.731
5543.2311	109.4879	-104.414
5583.3996	109.4895	25.365
5623.8592	109.4898	156.087
5664.6120	109.4888	-72.239
5705.6601	109.4911	60.373
5747.0057	109.4895	-166.028
5788.6509	109.4904	-31.473
5830.5978	109.4906	104.048
5872.8487	109.4884	-119.431
5915.4058	109.4880	18.067
5958.2713	109.4859	156.563
6001.4474	109.4844	-63.918
6044.9363	109.4819	76.580
6088.7404	109.4822	-141.870
6132.8620	109.4808	0.672
6177.3032	109.4791	144.262
6222.0665	109.4757	-71.112
6267.1541	109.4720	74.581
6312.5685	109.4725	-138.707
6358.3120	109.4701	9.091
6404.3869	109.4674	157.955
6450.7958	109.4682	-52.104
6497.5409	109.4648	98.915
6544.6248	109.4626	-108.939
6592.0498	109.4640	44.278
6639.8185	109.4621	-161.377
6687.9334	109.4629	-5.914
6736.3969	109.4609	150.658
6785.2116	109.4605	-51.591
6834.3801	109.4608	107.257
6883.9048	109.4602	-92.714
6933.7884	109.4635	68.452
6984.0335	109.4645	-129.186
7034.6427	109.4620	34.323
7085.6186	109.4626	-160.967
7136.9639	109.4650	4.966
7188.6813	109.4681	172.090
7240.7734	109.4668	-19.586
7293.2431	109.4684	149.982
7346.0929	109.4718	-39.239
7399.3257	109.4705	132.806
7452.9443	109.4720	-53.924
7506.9514	109.4727	120.622
7561.3499	109.4723	-63.566
7616.1425	109.4727	113.525
7671.3322	109.4726	-68.111
7726.9219	109.4711	111.543
7782.9143	109.4707	-67.489
7839.3125	109.4681	114.806
7896.1194	109.4707	-61.592
7953.3380	109.4646	123.345
8010.9711	109.4661	-50.358
8069.0219	109.4613	137.251
8127.4934	109.4566	-33.781
8186.3886	109.4533	156.585
8245.7105	109.4471	-11.696
8305.4623	109.4446	-178.589
8365.6471	109.4393	15.935
8426.2680	109.4356	-148.147
8487.3283	109.4329	49.194
8548.8309	109.4272	-112.052
8610.7793	109.4231	88.153
8673.1765	109.4167	-70.179
8736.0260	109.4162	132.914
8799.3308	109.4133	-22.508
8863.0944	109.4086	-176.431
8927.3200	109.4100	31.092
8992.0111	109.4055	-119.855
9057.1709	109.4057	90.730
9122.8029	109.4051	-57.183
9188.9105	109.4053	156.443
9255.4971	109.4056	11.627
9322.5662	109.4070	-131.633
9390.1214	109.4065	86.693
9458.1661	109.4103	-53.393
9526.7039	109.4118	168.073
9595.7383	109.4157	31.176
9665.2730	109.4174	-104.094
9735.3115	109.4225	122.254
9805.8576	109.4243	-9.739
9876.9149	109.4238	-140.090
9948.4871	109.4263	91.232
10020.5779	109.4292	-35.798
10093.1912	109.4273	-161.113
10166.3306	109.4300	75.267
10240.0000	109.4310	-46.651
10314.2033	109.4293	-166.847
10388.9442	109.4303	74.691
10464.2268	109.4280	-42.013
10540.0549	109.4255	-156.977
10616.4325	109.4238	89.831
10693.3635	109.4238	-21.573
10770.8521	109.4215	-131.193
10848.9021	109.4224	121.026
10927.5177	109.4185	15.026
11006.7030	109.4214	-89.152
11086.4621	109.4185	168.542
11166.7992	109.4226	68.116
11247.7184	109.4235	-30.458
11329.2240	109.4253	-127.148
11411.3202	109.4309	138.075
11494.0114	109.4330	45.235
11577.3017	109.4389	-45.698
11661.1956	109.4444	-134.667
11745.6975	109.4503	138.335
11830.8116	109.4558	53.294
11916.5426	109.4583	-29.751
12002.8947	109.4656	-110.779
12089.8727	109.4685	170.200
12177.4809	109.4722	93.204
12265.7239	109.4758	18.281
12354.6064	109.4754	-54.592
12444.1330	109.4753	-125.392
12534.3083	109.4758	165.884
12625.1370	109.4752	99.274
12716.6240	109.4715	34.769
12808.7739	109.4719	-27.601
12901.5916	109.4674	-87.840
12995.0818	109.4633	-145.898
13089.2495	109.4585	158.202
13184.0996	109.4530	104.488
13279.6370	109.4501	52.978
13375.8668	109.4480	3.697
13472.7938	109.4471	-43.336
13570.4232	109.4470	-88.104
13668.7601	109.4439	-130.623
13767.8096	109.4450	-170.832
13867.5768	109.4458	151.298
13968.0670	109.4426	115.720
14069.2853	109.4445	82.508
14171.2372	109.4465	51.645
14273.9278	109.4457	23.178
14377.3626	109.4457	-2.907
14481.5469	109.4423	-26.571
14586.4861	109.4401	-47.810
14692.1858	109.4339	-66.613
14798.6515	109.4323	-82.919
14905.8886	109.4247	-96.776
15013.9028	109.4194	-108.145
15122.6997	109.4095	-117.005
15232.2851	109.4008	-123.314
15342.6645	109.3946	-127.100
15453.8437	109.3935	-128.309
15565.8287	109.3882	-126.946
15678.6251	109.3833	-122.966
15792.2389	109.3813	-116.377
15906.6759	109.3850	-107.102
16021.9423	109.3906	-95.195
16138.0439	109.3908	-80.542
16254.9868	109.3919	-63.202
16372.7771	109.3883	-43.140
16491.4210	109.4058	-20.297
16610.9246	109.4035	5.331
16731.2942	109.4035	33.721
16852.5361	109.3973	64.979
16974.6565	109.4006	99.048
17097.6619	109.4017	135.888
17221.5586	109.4060	175.639
17346.3531	109.3991	-141.705
17472.0519	109.3973	-96.174
17598.6616	109.3967	-47.671
17726.1888	109.3950	3.801
17854.6400	109.3994	58.189
17984.0221	109.3980	115.629
18114.3418	109.4070	176.080
18245.6057	109.4107	-120.386
18377.8209	109.4181	-53.736
18510.9942	109.4182	15.963
18645.1325	109.4287	88.852
18780.2428	109.4216	164.857
18916.3322	109.4268	-115.952
19053.4077	109.4275	-33.535
19191.4766	109.4236	52.054
19330.5459	109.4210	140.902
19470.6230	109.4116	-127.019
19611.7152	109.4036	-31.655
19753.8298	109.4013	67.038
19896.9742	109.3929	169.062
