* Helix DSP Ultra S, output layer - phase control at 270 deg, low-pass active at 5000 Hz.
* ELECTRICAL loop, no microphone: Scarlett 2i2 out L -> Helix line in,
* Helix line out -> Scarlett in 1; out R -> in 2 direct as the timing
* reference, timing offset 0. Everything else in the channel off; no gain,
* level or routing changed within a set, so the ratio to the set's reference
* is the filter alone.
* REW V5.40 beta 132 measurement #41 'v0 LP=5000 phase=270deg', 2026-Sep-01 17:32:07, 512k sweep, 1 average, 96 kHz,
* 10 Hz - 30 kHz, loopback timing reference. SNR 35.6 dB, delay 0.6328 ms.
* Levels are REW's electrical dB (splOffset 102.34); only ratios within a set carry meaning.
* frequency_Hz<TAB>dB<TAB>phase_deg - REW's UNSMOOTHED raw spectrum (linear bins) resampled to 1/96 octave by complex averaging within each cell,
* with the measurement's own delay removed before averaging and restored after, so the cell average carries no rotation loss.
20.0000	88.8530	61.606
20.1449	88.8756	61.162
20.2909	88.8979	60.701
20.4379	88.9308	60.055
20.5860	88.9419	59.804
20.7352	88.9632	59.358
20.8855	88.9833	58.946
21.0368	89.0054	58.474
21.1893	89.0333	57.901
21.3428	89.0466	57.599
21.4975	89.0667	57.165
21.6532	89.0811	56.851
21.8102	89.1064	56.304
21.9682	89.1268	55.865
22.1274	89.1453	55.453
22.2877	89.1710	54.909
22.4492	89.1839	54.611
22.6119	89.2031	54.193
22.7758	89.2142	53.940
22.9408	89.2413	53.362
23.1071	89.2564	53.028
23.2745	89.2790	52.534
23.4432	89.2973	52.134
23.6130	89.3160	51.709
23.7841	89.3365	51.255
23.9565	89.3519	50.887
24.1301	89.3736	50.393
24.3049	89.3863	50.070
24.4811	89.4084	49.549
24.6585	89.4192	49.260
24.8372	89.4410	48.727
25.0171	89.4506	48.459
25.1984	89.4718	47.926
25.3810	89.4807	47.670
25.5649	89.5010	47.149
25.7502	89.5099	46.895
25.9368	89.5292	46.396
26.1247	89.5386	46.134
26.3141	89.5571	45.666
26.5047	89.5676	45.386
26.6968	89.5853	44.953
26.8903	89.5974	44.645
27.0851	89.6138	44.251
27.2814	89.6278	43.903
27.4791	89.6421	43.553
27.6782	89.6576	43.156
27.8788	89.6689	42.858
28.0808	89.6854	42.407
28.2843	89.6932	42.171
28.4892	89.7150	41.547
28.6957	89.7222	41.301
28.9036	89.7352	40.900
29.1131	89.7452	40.588
29.3240	89.7554	40.276
29.5365	89.7693	39.891
29.7506	89.7767	39.666
29.9661	89.7990	39.110
30.1833	89.8082	38.846
30.4020	89.8210	38.502
30.6223	89.8335	38.138
30.8442	89.8412	37.895
31.0677	89.8592	37.348
31.2929	89.8665	37.081
31.5196	89.8755	36.767
31.7480	89.8915	36.256
31.9781	89.8968	36.060
32.2098	89.9081	35.706
32.4432	89.9182	35.393
32.6783	89.9253	35.161
32.9151	89.9422	34.672
33.1536	89.9505	34.388
33.3939	89.9578	34.132
33.6359	89.9721	33.656
33.8796	89.9790	33.391
34.1251	89.9855	33.139
34.3724	89.9989	32.691
34.6215	90.0063	32.427
34.8723	90.0127	32.195
35.1250	90.0266	31.761
35.3796	90.0349	31.476
35.6359	90.0403	31.273
35.8942	90.0533	30.849
36.1543	90.0658	30.431
36.4163	90.0712	30.216
36.6802	90.0781	29.961
36.9460	90.0902	29.555
37.2137	90.0975	29.281
37.4834	90.1020	29.090
37.7550	90.1130	28.688
38.0286	90.1230	28.291
38.3041	90.1284	28.033
38.5817	90.1320	27.839
38.8613	90.1403	27.458
39.1429	90.1483	27.087
39.4265	90.1564	26.726
39.7122	90.1602	26.533
40.0000	90.1650	26.307
40.2899	90.1743	25.957
40.5818	90.1844	25.610
40.8759	90.1949	25.260
41.1721	90.1993	25.070
41.4704	90.2053	24.838
41.7710	90.2148	24.480
42.0736	90.2228	24.124
42.3785	90.2292	23.776
42.6856	90.2323	23.557
42.9949	90.2348	23.370
43.3065	90.2406	23.047
43.6203	90.2475	22.735
43.9364	90.2556	22.426
44.2548	90.2645	22.116
44.5755	90.2733	21.802
44.8985	90.2813	21.486
45.2238	90.2847	21.295
45.5515	90.2883	21.100
45.8816	90.2947	20.795
46.2141	90.3011	20.496
46.5490	90.3076	20.201
46.8863	90.3143	19.907
47.2261	90.3205	19.613
47.5683	90.3258	19.320
47.9130	90.3302	19.033
48.2602	90.3343	18.756
48.6099	90.3387	18.487
48.9621	90.3444	18.224
49.3169	90.3514	17.957
49.6743	90.3589	17.683
50.0343	90.3658	17.399
50.3968	90.3709	17.109
50.7620	90.3742	16.824
51.1299	90.3762	16.549
51.5004	90.3783	16.288
51.8736	90.3816	16.036
52.2495	90.3864	15.785
52.6281	90.3921	15.528
53.0095	90.3976	15.264
53.3936	90.4020	14.998
53.7805	90.4053	14.738
54.1702	90.4083	14.486
54.5628	90.4120	14.241
54.9581	90.4167	13.999
55.3564	90.4219	13.753
55.7575	90.4270	13.503
56.1616	90.4312	13.252
56.5685	90.4362	12.930
56.9785	90.4409	12.618
57.3914	90.4443	12.384
57.8072	90.4478	12.149
58.2261	90.4511	11.915
58.6481	90.4542	11.682
59.0730	90.4572	11.450
59.5011	90.4615	11.151
59.9323	90.4650	10.856
60.3666	90.4670	10.631
60.8040	90.4693	10.412
61.2446	90.4724	10.195
61.6884	90.4789	9.913
62.1355	90.4856	9.617
62.5857	90.4887	9.380
63.0392	90.4906	9.144
63.4960	90.4923	8.859
63.9562	90.4948	8.589
64.4196	90.4978	8.378
64.8864	90.5014	8.164
65.3566	90.5070	7.889
65.8302	90.5115	7.611
66.3073	90.5136	7.392
66.7877	90.5164	7.131
67.2717	90.5205	6.876
67.7592	90.5240	6.666
68.2502	90.5286	6.396
68.7448	90.5308	6.124
69.2429	90.5311	5.913
69.7447	90.5326	5.668
70.2501	90.5361	5.422
70.7591	90.5387	5.211
71.2719	90.5408	4.948
71.7884	90.5416	4.695
72.3086	90.5443	4.456
72.8325	90.5493	4.211
73.3603	90.5544	3.948
73.8919	90.5576	3.679
74.4274	90.5588	3.464
74.9667	90.5608	3.212
75.5099	90.5636	2.964
76.0571	90.5669	2.714
76.6083	90.5701	2.463
77.1634	90.5726	2.209
77.7226	90.5740	1.921
78.2858	90.5746	1.685
78.8531	90.5768	1.457
79.4245	90.5802	1.222
80.0000	90.5830	0.975
80.5797	90.5840	0.725
81.1636	90.5838	0.484
81.7518	90.5843	0.219
82.3442	90.5859	-0.011
82.9409	90.5886	-0.241
83.5419	90.5922	-0.476
84.1473	90.5962	-0.721
84.7570	90.5996	-1.008
85.3712	90.6007	-1.249
85.9899	90.6031	-1.476
86.6130	90.6091	-1.739
87.2406	90.6133	-2.020
87.8728	90.6140	-2.259
88.5096	90.6150	-2.482
89.1509	90.6178	-2.737
89.7970	90.6180	-2.992
90.4477	90.6176	-3.201
91.1031	90.6216	-3.404
91.7633	90.6294	-3.671
92.4282	90.6301	-3.971
93.0980	90.6263	-4.234
93.7726	90.6259	-4.455
94.4521	90.6267	-4.686
95.1366	90.6266	-4.936
95.8260	90.6301	-5.171
96.5204	90.6361	-5.440
97.2198	90.6362	-5.716
97.9243	90.6366	-5.949
98.6339	90.6432	-6.195
99.3486	90.6455	-6.479
100.0685	90.6428	-6.726
100.7937	90.6462	-6.952
101.5241	90.6511	-7.227
102.2598	90.6480	-7.506
103.0008	90.6448	-7.736
103.7472	90.6484	-7.966
104.4990	90.6524	-8.232
105.2562	90.6525	-8.498
106.0189	90.6532	-8.741
106.7872	90.6573	-8.988
107.5610	90.6611	-9.253
108.3404	90.6622	-9.517
109.1255	90.6635	-9.790
109.9163	90.6638	-10.063
110.7128	90.6633	-10.299
111.5151	90.6667	-10.536
112.3231	90.6700	-10.808
113.1371	90.6665	-11.094
113.9569	90.6656	-11.338
114.7827	90.6685	-11.591
115.6145	90.6684	-11.850
116.4523	90.6707	-12.105
117.2961	90.6744	-12.387
118.1461	90.6738	-12.646
119.0022	90.6762	-12.902
119.8646	90.6793	-13.182
120.7332	90.6799	-13.439
121.6080	90.6830	-13.719
122.4893	90.6816	-14.016
123.3769	90.6784	-14.267
124.2709	90.6812	-14.508
125.1714	90.6865	-14.775
126.0785	90.6909	-15.062
126.9921	90.6917	-15.351
127.9123	90.6920	-15.632
128.8392	90.6891	-15.908
129.7728	90.6874	-16.144
130.7132	90.6929	-16.403
131.6604	90.6931	-16.695
132.6145	90.6926	-16.946
133.5755	90.6977	-17.243
134.5434	90.6947	-17.539
135.5184	90.6953	-17.793
136.5004	90.6981	-18.104
137.4895	90.6958	-18.374
138.4858	90.7016	-18.643
139.4894	90.7024	-18.961
140.5002	90.7066	-19.229
141.5183	90.7110	-19.552
142.5438	90.7047	-19.836
143.5767	90.7055	-20.089
144.6171	90.7067	-20.369
145.6651	90.7100	-20.655
146.7206	90.7083	-20.967
147.7838	90.7070	-21.243
148.8547	90.7100	-21.529
149.9334	90.7110	-21.838
151.0199	90.7096	-22.144
152.1142	90.7106	-22.444
153.2165	90.7099	-22.748
154.3268	90.7114	-23.041
155.4451	90.7111	-23.358
156.5715	90.7125	-23.647
157.7061	90.7166	-23.956
158.8489	90.7172	-24.273
160.0000	90.7168	-24.567
161.1594	90.7199	-24.853
162.3273	90.7237	-25.170
163.5035	90.7210	-25.482
164.6884	90.7245	-25.780
165.8818	90.7239	-26.117
167.0838	90.7224	-26.419
168.2946	90.7229	-26.749
169.5141	90.7222	-27.049
170.7425	90.7277	-27.359
171.9797	90.7288	-27.703
173.2260	90.7274	-28.016
174.4812	90.7292	-28.324
175.7456	90.7308	-28.665
177.0191	90.7281	-28.993
178.3019	90.7297	-29.331
179.5939	90.7292	-29.657
180.8953	90.7326	-30.009
182.2062	90.7355	-30.313
183.5265	90.7424	-30.721
184.8564	90.7305	-31.015
186.1960	90.7360	-31.333
187.5452	90.7333	-31.632
188.9043	90.7387	-31.975
190.2731	90.7381	-32.329
191.6519	90.7395	-32.683
193.0407	90.7384	-33.042
194.4396	90.7395	-33.358
195.8486	90.7439	-33.715
197.2678	90.7422	-34.078
198.6972	90.7416	-34.420
200.1371	90.7424	-34.793
201.5874	90.7393	-35.142
203.0482	90.7448	-35.504
204.5195	90.7430	-35.887
206.0016	90.7428	-36.217
207.4943	90.7482	-36.594
208.9979	90.7435	-36.948
210.5124	90.7455	-37.326
212.0379	90.7464	-37.682
213.5744	90.7446	-38.085
215.1220	90.7453	-38.423
216.6809	90.7523	-38.790
218.2510	90.7516	-39.194
219.8326	90.7494	-39.566
221.4256	90.7534	-39.954
223.0301	90.7478	-40.351
224.6463	90.7607	-40.703
226.2742	90.7569	-41.163
227.9138	90.7581	-41.515
229.5654	90.7557	-41.880
231.2289	90.7573	-42.272
232.9045	90.7566	-42.682
234.5922	90.7531	-43.101
236.2922	90.7563	-43.495
238.0045	90.7584	-43.902
239.7291	90.7664	-44.288
241.4663	90.7624	-44.729
243.2161	90.7614	-45.120
244.9785	90.7567	-45.538
246.7537	90.7569	-45.961
248.5418	90.7598	-46.375
250.3428	90.7614	-46.773
252.1569	90.7572	-47.213
253.9842	90.7548	-47.646
255.8246	90.7546	-48.061
257.6785	90.7616	-48.529
259.5457	90.7674	-48.914
261.4265	90.7724	-49.296
263.3209	90.7586	-49.780
265.2290	90.7675	-50.268
267.1510	90.7769	-51.127
269.0869	90.7422	-51.216
271.0368	90.7740	-51.740
273.0008	90.7827	-52.025
274.9791	90.7591	-52.487
276.9717	90.7653	-52.916
278.9788	90.7643	-53.410
281.0003	90.7740	-53.877
283.0366	90.7710	-54.355
285.0876	90.7690	-54.773
287.1535	90.7672	-55.278
289.2343	90.7684	-55.749
291.3302	90.7664	-56.237
293.4413	90.7697	-56.687
295.5677	90.7710	-57.171
297.7095	90.7671	-57.694
299.8668	90.7714	-58.169
302.0398	90.7710	-58.665
304.2285	90.7741	-59.151
306.4330	90.7755	-59.663
308.6536	90.7688	-60.178
310.8902	90.7748	-60.613
313.1431	90.7750	-61.198
315.4122	90.7761	-61.693
317.6978	90.7752	-62.222
320.0000	90.7766	-62.717
322.3189	90.7757	-63.256
324.6545	90.7734	-63.773
327.0071	90.7778	-64.301
329.3767	90.7802	-64.850
331.7635	90.7786	-65.393
334.1676	90.7806	-65.917
336.5891	90.7829	-66.476
339.0282	90.7790	-67.018
341.4849	90.7803	-67.558
343.9595	90.7835	-68.089
346.4519	90.7850	-68.637
348.9625	90.7821	-69.203
351.4912	90.7824	-69.787
354.0383	90.7831	-70.347
356.6038	90.7857	-70.912
359.1879	90.7852	-71.491
361.7907	90.7827	-72.074
364.4124	90.7800	-72.647
367.0530	90.7895	-73.290
369.7129	90.7868	-73.835
372.3920	90.7907	-74.411
375.0905	90.7876	-75.018
377.8085	90.7863	-75.619
380.5463	90.7853	-76.243
383.3039	90.7902	-76.849
386.0814	90.7903	-77.442
388.8792	90.7880	-78.046
391.6971	90.7869	-78.687
394.5355	90.7880	-79.329
397.3945	90.7891	-79.958
400.2742	90.7878	-80.594
403.1747	90.7929	-81.263
406.0963	90.7905	-81.900
409.0390	90.7878	-82.540
412.0031	90.7904	-83.185
414.9887	90.7908	-83.809
417.9958	90.7929	-84.481
421.0248	90.7929	-85.151
424.0757	90.7951	-85.821
427.1488	90.7962	-86.510
430.2440	90.7952	-87.181
433.3618	90.7955	-87.835
436.5021	90.7948	-88.528
439.6652	90.7935	-89.247
442.8512	90.7967	-89.940
446.0602	90.7951	-90.614
449.2926	90.7955	-91.331
452.5483	90.7956	-92.071
455.8277	90.7967	-92.801
459.1308	90.7971	-93.537
462.4579	90.7963	-94.236
465.8090	90.8015	-94.964
469.1845	90.7982	-95.716
472.5844	90.8015	-96.439
476.0089	90.8011	-97.183
479.4583	90.8004	-97.929
482.9326	90.7985	-98.694
486.4321	90.7976	-99.469
489.9570	90.8014	-100.264
493.5075	90.8008	-101.025
497.0836	90.8031	-101.782
500.6857	90.8038	-102.559
504.3139	90.8040	-103.351
507.9683	90.8069	-104.174
511.6493	90.8055	-104.958
515.3569	90.8029	-105.765
519.0914	90.8060	-106.595
522.8529	90.8106	-107.404
526.6418	90.8032	-108.221
530.4580	90.8040	-109.078
534.3019	90.8034	-109.917
538.1737	90.7970	-110.727
542.0735	90.8061	-111.606
546.0016	90.8056	-112.466
549.9582	90.8104	-113.318
553.9434	90.8069	-114.199
557.9575	90.8099	-115.035
562.0007	90.8082	-115.930
566.0732	90.8067	-116.801
570.1752	90.8077	-117.692
574.3069	90.8101	-118.611
578.4686	90.8125	-119.479
582.6604	90.8079	-120.379
586.8826	90.8064	-121.292
591.1354	90.8103	-122.241
595.4190	90.8129	-123.186
599.7336	90.8123	-124.123
604.0796	90.8114	-125.075
608.4570	90.8119	-126.004
612.8661	90.8132	-126.955
617.3072	90.8120	-127.927
621.7804	90.8150	-128.903
626.2861	90.8132	-129.868
630.8244	90.8126	-130.845
635.3957	90.8123	-131.863
640.0000	90.8107	-132.858
644.6377	90.8166	-133.886
649.3090	90.8118	-134.874
654.0142	90.8140	-135.890
658.7534	90.8141	-136.893
663.5270	90.8125	-137.947
668.3352	90.8141	-138.993
673.1783	90.8160	-140.050
678.0564	90.8122	-141.093
682.9699	90.8130	-142.161
687.9189	90.8155	-143.253
692.9039	90.8138	-144.334
697.9249	90.8133	-145.415
702.9824	90.8128	-146.528
708.0765	90.8156	-147.638
713.2075	90.8136	-148.721
718.3757	90.8144	-149.858
723.5814	90.8165	-150.983
728.8247	90.8163	-152.108
734.1061	90.8141	-153.248
739.4257	90.8183	-154.410
744.7839	90.8176	-155.572
750.1809	90.8138	-156.734
755.6170	90.8174	-157.953
761.0926	90.8119	-159.127
766.6077	90.8142	-160.328
772.1629	90.8142	-161.533
777.7583	90.8146	-162.763
783.3943	90.8170	-163.989
789.0711	90.8163	-165.194
794.7890	90.8158	-166.465
800.5484	90.8149	-167.743
806.3495	90.8177	-168.994
812.1926	90.8145	-170.262
818.0781	90.8130	-171.549
824.0062	90.8133	-172.842
829.9773	90.8117	-174.130
835.9917	90.8137	-175.427
842.0496	90.8111	-176.750
848.1515	90.8124	-178.074
854.2975	90.8143	-179.437
860.4881	90.8135	179.230
866.7236	90.8150	177.870
873.0042	90.8143	176.489
879.3303	90.8161	175.119
885.7023	90.8167	173.694
892.1205	90.8119	172.302
898.5852	90.8101	170.887
905.0967	90.8116	169.484
911.6554	90.8128	168.032
918.2616	90.8130	166.575
924.9157	90.8143	165.129
931.6180	90.8100	163.669
938.3689	90.8109	162.191
945.1687	90.8129	160.673
952.0178	90.8105	159.196
958.9165	90.8113	157.702
965.8652	90.8078	156.155
972.8643	90.8085	154.611
979.9141	90.8042	153.071
987.0149	90.8038	151.523
994.1672	90.8044	149.907
1001.3714	90.8034	148.342
1008.6277	90.8028	146.736
1015.9367	90.8012	145.118
1023.2986	90.8055	143.484
1030.7138	90.8029	141.879
1038.1828	90.8021	140.240
1045.7059	90.8000	138.562
1053.2835	90.7973	136.865
1060.9160	90.7998	135.205
1068.6039	90.7919	133.501
1076.3474	90.7960	131.761
1084.1471	90.7927	130.064
1092.0032	90.7945	128.306
1099.9164	90.7959	126.539
1107.8868	90.7982	124.796
1115.9150	90.7917	122.991
1124.0014	90.7839	121.179
1132.1464	90.7917	119.378
1140.3504	90.7874	117.571
1148.6138	90.7860	115.720
1156.9371	90.7832	113.839
1165.3208	90.7848	111.993
1173.7652	90.7839	110.093
1182.2708	90.7830	108.171
1190.8380	90.7776	106.286
1199.4673	90.7740	104.328
1208.1591	90.7789	102.396
1216.9139	90.7774	100.430
1225.7322	90.7734	98.446
1234.6144	90.7720	96.437
1243.5609	90.7705	94.457
1252.5722	90.7676	92.384
1261.6489	90.7639	90.338
1270.7913	90.7643	88.269
1280.0000	90.7629	86.204
1289.2754	90.7584	84.105
1298.6180	90.7585	81.975
1308.0284	90.7594	79.867
1317.5069	90.7517	77.692
1327.0541	90.7515	75.535
1336.6704	90.7462	73.350
1346.3565	90.7524	71.158
1356.1128	90.7484	68.922
1365.9397	90.7451	66.676
1375.8379	90.7456	64.394
1385.8078	90.7376	62.119
1395.8499	90.7385	59.828
1405.9648	90.7339	57.527
1416.1530	90.7316	55.177
1426.4150	90.7297	52.788
1436.7514	90.7290	50.447
1447.1627	90.7243	48.044
1457.6495	90.7232	45.614
1468.2122	90.7229	43.172
1478.8515	90.7177	40.725
1489.5678	90.7134	38.248
1500.3618	90.7114	35.734
1511.2341	90.7109	33.197
1522.1851	90.7065	30.655
1533.2155	90.7048	28.118
1544.3258	90.7026	25.513
1555.5166	90.6950	22.879
1566.7885	90.6943	20.258
1578.1421	90.6947	17.585
1589.5780	90.6904	14.912
1601.0967	90.6855	12.239
1612.6989	90.6826	9.500
1624.3852	90.6793	6.736
1636.1562	90.6732	3.967
1648.0125	90.6736	1.135
1659.9546	90.6707	-1.656
1671.9833	90.6703	-4.525
1684.0992	90.6649	-7.392
1696.3029	90.6618	-10.303
1708.5950	90.6575	-13.231
1720.9762	90.6558	-16.178
1733.4471	90.6475	-19.145
1746.0084	90.6445	-22.153
1758.6607	90.6422	-25.155
1771.4046	90.6419	-28.229
1784.2410	90.6344	-31.316
1797.1703	90.6359	-34.443
1810.1934	90.6310	-37.552
1823.3108	90.6240	-40.749
1836.5232	90.6238	-43.931
1849.8314	90.6169	-47.144
1863.2361	90.6157	-50.413
1876.7379	90.6089	-53.699
1890.3375	90.6017	-56.979
1904.0356	90.5951	-60.344
1917.8331	90.5923	-63.704
1931.7305	90.5880	-67.081
1945.7286	90.5841	-70.538
1959.8281	90.5803	-73.960
1974.0299	90.5795	-77.470
1988.3345	90.5717	-81.027
2002.7428	90.5656	-84.572
2017.2555	90.5571	-88.138
2031.8733	90.5564	-91.739
2046.5971	90.5452	-95.392
2061.4276	90.5411	-99.087
2076.3656	90.5335	-102.785
2091.4118	90.5313	-106.530
2106.5670	90.5239	-110.334
2121.8321	90.5140	-114.139
2137.2077	90.5063	-117.972
2152.6948	90.4996	-121.869
2168.2941	90.4937	-125.800
2184.0065	90.4900	-129.738
2199.8327	90.4785	-133.711
2215.7736	90.4683	-137.728
2231.8300	90.4613	-141.800
2248.0028	90.4515	-145.873
2264.2927	90.4394	-150.009
2280.7007	90.4280	-154.172
2297.2276	90.4190	-158.363
2313.8743	90.4098	-162.597
2330.6416	90.4016	-166.867
2347.5304	90.3854	-171.164
2364.5415	90.3781	-175.486
2381.6760	90.3626	-179.877
2398.9346	90.3497	175.683
2416.3182	90.3394	171.249
2433.8279	90.3269	166.766
2451.4644	90.3127	162.207
2469.2287	90.2975	157.642
2487.1218	90.2828	153.031
2505.1445	90.2686	148.387
2523.2978	90.2481	143.711
2541.5826	90.2311	139.003
2560.0000	90.2206	134.246
2578.5508	90.1974	129.448
2597.2361	90.1828	124.607
2616.0567	90.1647	119.726
2635.0137	90.1426	114.838
2654.1081	90.1235	109.874
2673.3409	90.1070	104.921
2692.7130	90.0838	99.867
2712.2255	90.0615	94.814
2731.8794	90.0423	89.705
2751.6758	90.0210	84.559
2771.6155	89.9970	79.382
2791.6998	89.9728	74.179
2811.9296	89.9499	68.959
2832.3060	89.9224	63.644
2852.8301	89.8993	58.318
2873.5028	89.8758	52.953
2894.3254	89.8456	47.616
2915.2989	89.8231	42.186
2936.4244	89.7942	36.709
2957.7029	89.7657	31.211
2979.1356	89.7366	25.662
3000.7237	89.7107	20.119
3022.4682	89.6816	14.539
3044.3702	89.6541	8.937
3066.4310	89.6164	3.276
3088.6516	89.5912	-2.408
3111.0332	89.5582	-8.120
3133.5771	89.5261	-13.881
3156.2843	89.4923	-19.638
3179.1560	89.4578	-25.443
3202.1935	89.4233	-31.288
3225.3979	89.3911	-37.133
3248.7705	89.3532	-43.021
3272.3124	89.3160	-48.930
3296.0249	89.2808	-54.861
3319.9093	89.2388	-60.825
3343.9667	89.1996	-66.829
3368.1985	89.1625	-72.817
3392.6058	89.1224	-78.830
3417.1900	89.0788	-84.911
3441.9524	89.0357	-90.990
3466.8942	88.9946	-97.074
3492.0167	88.9489	-103.209
3517.3213	88.9059	-109.368
3542.8093	88.8577	-115.489
3568.4820	88.8079	-121.692
3594.3406	88.7571	-127.937
3620.3867	88.7073	-134.148
3646.6215	88.6528	-140.402
3673.0465	88.5952	-146.675
3699.6629	88.5453	-152.945
3726.4721	88.4904	-159.259
3753.4757	88.4313	-165.593
3780.6749	88.3678	-171.951
3808.0713	88.3034	-178.338
3835.6661	88.2443	175.291
3863.4609	88.1741	168.879
3891.4572	88.1081	162.412
3919.6563	88.0420	156.008
3948.0597	87.9738	149.500
3976.6690	87.9000	143.032
4005.4856	87.8233	136.479
4034.5110	87.7495	129.946
4063.7467	87.6741	123.381
4093.1943	87.5941	116.779
4122.8552	87.5136	110.185
4152.7312	87.4300	103.552
4182.8236	87.3445	96.906
4213.1340	87.2568	90.218
4243.6641	87.1684	83.515
4274.4155	87.0820	76.761
4305.3896	86.9879	70.033
4336.5883	86.8954	63.271
4368.0130	86.7988	56.492
4399.6654	86.7074	49.670
4431.5472	86.6036	42.818
4463.6600	86.5118	35.936
4496.0055	86.4087	29.055
4528.5854	86.3072	22.156
4561.4014	86.2000	15.196
4594.4552	86.0967	8.244
4627.7485	85.9921	1.271
4661.2831	85.8850	-5.725
4695.0607	85.7787	-12.762
4729.0830	85.6606	-19.820
4763.3519	85.5560	-26.894
4797.8691	85.4421	-34.031
4832.6365	85.3260	-41.122
4867.6558	85.2119	-48.291
4902.9288	85.0916	-55.439
4938.4574	84.9752	-62.646
4974.2435	84.8517	-69.859
5010.2890	84.7311	-77.064
5046.5956	84.6106	-84.320
5083.1653	84.4864	-91.604
5120.0000	84.3621	-98.877
5157.1016	84.2239	-106.162
5194.4721	84.0975	-113.568
5232.1134	83.9696	-120.907
5270.0275	83.8307	-128.286
5308.2162	83.6919	-135.712
5346.6818	83.5544	-143.141
5385.4260	83.4164	-150.588
5424.4510	83.2704	-158.057
5463.7589	83.1268	-165.547
5503.3515	82.9760	-173.092
5543.2311	82.8255	179.384
5583.3996	82.6672	171.834
5623.8592	82.5176	164.215
5664.6120	82.3516	156.549
5705.6601	82.1874	148.953
5747.0057	82.0218	141.198
5788.6509	81.8599	133.489
5830.5978	81.6906	125.751
5872.8487	81.5171	117.949
5915.4058	81.3425	110.115
5958.2713	81.1642	102.333
6001.4474	80.9792	94.382
6044.9363	80.8028	86.472
6088.7404	80.6061	78.487
6132.8620	80.4223	70.489
6177.3032	80.2379	62.387
6222.0665	80.0476	54.243
6267.1541	79.8433	46.160
6312.5685	79.6582	37.938
6358.3120	79.4625	29.733
6404.3869	79.2758	21.471
6450.7958	79.0659	13.162
6497.5409	78.8825	4.880
6544.6248	78.6757	-3.538
6592.0498	78.4856	-11.953
6639.8185	78.2938	-20.410
6687.9334	78.0818	-28.941
6736.3969	77.8886	-37.408
6785.2116	77.6908	-45.984
6834.3801	77.5066	-54.489
6883.9048	77.3027	-63.189
6933.7884	77.1125	-71.786
6984.0335	76.9204	-80.520
7034.6427	76.7288	-89.265
7085.6186	76.5134	-98.040
7136.9639	76.3195	-106.728
7188.6813	76.1208	-115.567
7240.7734	75.9362	-124.302
7293.2431	75.7255	-133.297
7346.0929	75.5169	-142.084
7399.3257	75.3044	-150.958
7452.9443	75.0992	-160.028
7506.9514	74.8931	-168.866
7561.3499	74.6765	-177.843
7616.1425	74.4536	173.099
7671.3322	74.2376	163.982
7726.9219	73.9927	154.913
7782.9143	73.7626	145.762
7839.3125	73.5461	136.471
7896.1194	73.2998	127.232
7953.3380	73.0379	117.919
8010.9711	72.8130	108.716
8069.0219	72.5493	99.121
8127.4934	72.3022	89.612
8186.3886	72.0524	80.000
8245.7105	71.7757	70.409
8305.4623	71.5334	60.510
8365.6471	71.2588	50.795
8426.2680	70.9915	40.827
8487.3283	70.7266	31.031
8548.8309	70.4786	20.886
8610.7793	70.2230	10.729
8673.1765	69.9702	0.500
8736.0260	69.7419	-9.765
8799.3308	69.4790	-19.964
8863.0944	69.2643	-30.372
8927.3200	69.0179	-40.926
8992.0111	68.7854	-51.425
9057.1709	68.5554	-61.867
9122.8029	68.3610	-72.414
9188.9105	68.1422	-83.044
9255.4971	67.9369	-93.579
9322.5662	67.7372	-104.276
9390.1214	67.5215	-114.780
9458.1661	67.3354	-125.278
9526.7039	67.0889	-135.912
9595.7383	66.8737	-146.836
9665.2730	66.6654	-157.335
9735.3115	66.4186	-168.078
9805.8576	66.2226	-178.708
9876.9149	65.9695	170.463
9948.4871	65.7199	159.870
10020.5779	65.3733	148.780
10093.1912	65.1207	137.777
10166.3306	64.8208	127.030
10240.0000	64.5280	115.756
10314.2033	64.2125	105.005
10388.9442	63.8850	93.218
10464.2268	63.5142	81.684
10540.0549	63.2799	69.705
10616.4325	62.9065	58.312
10693.3635	62.6452	46.252
10770.8521	62.3315	33.710
10848.9021	61.9870	21.560
10927.5177	61.6802	9.126
11006.7030	61.3810	-3.740
11086.4621	61.1257	-16.503
11166.7992	60.8526	-29.028
11247.7184	60.6211	-41.942
11329.2240	60.4306	-54.655
11411.3202	60.2850	-68.238
11494.0114	60.1285	-80.176
11577.3017	59.9581	-93.700
11661.1956	59.8206	-105.947
11745.6975	59.7487	-118.532
11830.8116	59.4277	-131.088
11916.5426	59.3311	-143.958
12002.8947	59.0596	-156.043
12089.8727	58.8580	-168.694
12177.4809	58.7000	179.191
12265.7239	58.4474	166.915
12354.6064	58.0525	154.021
12444.1330	57.5874	141.202
12534.3083	57.4904	129.308
12625.1370	56.9734	115.241
12716.6240	56.5545	102.633
12808.7739	56.1394	89.223
12901.5916	55.5753	74.592
12995.0818	55.2477	60.703
13089.2495	54.6316	45.660
13184.0996	54.2960	30.111
13279.6370	53.9141	14.231
13375.8668	53.5376	-0.859
13472.7938	53.4372	-17.122
13570.4232	52.9738	-33.466
13668.7601	52.9073	-49.067
13767.8096	52.8816	-64.119
13867.5768	52.6553	-80.062
13968.0670	53.0248	-95.282
14069.2853	53.0208	-109.059
14171.2372	52.7266	-124.760
14273.9278	52.7609	-137.728
14377.3626	52.6575	-151.893
14481.5469	52.4137	-165.795
14586.4861	52.1008	-179.857
14692.1858	51.7752	165.549
14798.6515	51.4050	153.924
14905.8886	50.8129	137.022
15013.9028	50.3702	123.699
15122.6997	50.0070	107.701
15232.2851	49.0291	95.107
15342.6645	48.4178	76.075
15453.8437	47.5028	57.969
15565.8287	46.6964	41.397
15678.6251	46.6984	22.909
15792.2389	46.3942	-0.203
15906.6759	45.8261	-16.980
16021.9423	44.8198	-43.207
16138.0439	46.1316	-60.734
16254.9868	46.2171	-76.152
16372.7771	46.7881	-94.776
16491.4210	46.6877	-111.936
16610.9246	46.7080	-130.111
16731.2942	46.7729	-142.898
16852.5361	47.0183	-159.881
16974.6565	46.7019	-173.645
17097.6619	46.2605	175.061
17221.5586	45.8669	159.845
17346.3531	44.9839	142.906
17472.0519	43.9141	131.772
17598.6616	43.4951	112.264
17726.1888	41.7964	91.449
17854.6400	40.1669	77.054
17984.0221	39.0586	50.234
18114.3418	37.4851	23.408
18245.6057	37.9730	-5.300
18377.8209	38.1898	-35.797
18510.9942	38.7110	-55.170
18645.1325	40.1035	-80.196
18780.2428	41.1485	-99.926
18916.3322	41.9053	-119.070
19053.4077	42.1745	-134.288
19191.4766	42.4680	-146.770
19330.5459	42.5007	-160.586
19470.6230	42.4612	-175.324
19611.7152	41.1345	172.262
19753.8298	40.6070	155.992
19896.9742	39.3732	145.605
