* Helix DSP Ultra S, output layer - five steps up from zero, LPF 5000 Hz active, LR 24 dB/oct.
* ELECTRICAL loop, no microphone: Scarlett 2i2 out L -> Helix line in,
* Helix line out -> Scarlett in 1; out R -> in 2 direct as the timing
* reference, timing offset 0. Everything else in the channel off; no gain,
* level or routing changed within a set, so the ratio to the set's reference
* is the filter alone.
* REW V5.40 beta 134 measurement #88 'p4_28.125_lp5000_LR24', 2026-Sep-02 12:25:23, 512k sweep, 1 average, 96 kHz,
* 20 Hz - 20 kHz, loopback timing reference. SNR 38.7 dB, delay -8.9155 ms.
* Levels are REW's electrical dB (splOffset 120.00); only ratios within a set carry meaning.
* frequency_Hz<TAB>dB<TAB>phase_deg - REW's UNSMOOTHED raw spectrum (linear bins) resampled to 1/96 octave by complex averaging within each cell,
* with the measurement's own delay removed before averaging and restored after, so the cell average carries no rotation loss.
20.0000	106.5302	129.603
20.1449	106.5302	130.068
20.2909	106.5542	130.118
20.4379	106.5893	129.991
20.5860	106.5993	130.257
20.7352	106.6184	130.341
20.8855	106.6364	130.459
21.0368	106.6552	130.525
21.1893	106.6790	130.495
21.3428	106.6908	130.726
21.4975	106.7088	130.831
21.6532	106.7216	131.058
21.8102	106.7459	131.046
21.9682	106.7656	131.148
22.1274	106.7846	131.269
22.2877	106.8109	131.257
22.4492	106.8244	131.501
22.6119	106.8445	131.622
22.7758	106.8561	131.921
22.9408	106.8843	131.882
23.1071	106.9001	132.105
23.2745	106.9233	132.170
23.4432	106.9422	132.337
23.6130	106.9613	132.492
23.7841	106.9823	132.622
23.9565	106.9981	132.848
24.1301	107.0205	132.955
24.3049	107.0337	133.237
24.4811	107.0566	133.330
24.6585	107.0678	133.652
24.8372	107.0903	133.740
25.0171	107.0999	134.092
25.1984	107.1212	134.184
25.3810	107.1298	134.556
25.5649	107.1496	134.667
25.7502	107.1580	135.049
25.9368	107.1767	135.191
26.1247	107.1858	135.574
26.3141	107.2039	135.755
26.5047	107.2144	136.128
26.6968	107.2322	136.351
26.8903	107.2444	136.702
27.0851	107.2609	136.971
27.2814	107.2744	137.289
27.4791	107.2883	137.610
27.6782	107.3025	137.889
27.8788	107.3128	138.275
28.0808	107.3271	138.515
28.2843	107.3339	138.977
28.4892	107.3529	139.064
28.6957	107.3598	139.531
28.9036	107.3722	139.851
29.1131	107.3826	140.260
29.3240	107.3933	140.674
29.5365	107.4083	141.013
29.7506	107.4163	141.520
29.9661	107.4400	141.684
30.1833	107.4495	142.157
30.4020	107.4627	142.553
30.6223	107.4754	142.935
30.8442	107.4834	143.450
31.0677	107.5025	143.663
31.2929	107.5107	144.167
31.5196	107.5209	144.630
31.7480	107.5393	144.897
31.9781	107.5451	145.488
32.2098	107.5575	145.924
32.4432	107.5677	146.407
32.6783	107.5748	146.979
32.9151	107.5906	147.297
33.1536	107.5981	147.831
33.3939	107.6049	148.400
33.6359	107.6180	148.754
33.8796	107.6245	149.324
34.1251	107.6307	149.912
34.3724	107.6434	150.303
34.6215	107.6504	150.889
34.8723	107.6565	151.513
35.1250	107.6698	151.938
35.3796	107.6782	152.524
35.6359	107.6836	153.199
35.8942	107.6976	153.657
36.1543	107.7114	154.125
36.4163	107.7172	154.806
36.6802	107.7246	155.451
36.9460	107.7366	155.950
37.2137	107.7432	156.595
37.4834	107.7473	157.329
37.7550	107.7572	157.866
38.0286	107.7668	158.420
38.3041	107.7727	159.116
38.5817	107.7767	159.879
38.8613	107.7871	160.463
39.1429	107.7977	161.052
39.4265	107.8079	161.646
39.7122	107.8120	162.422
40.0000	107.8171	163.168
40.2899	107.8251	163.785
40.5818	107.8321	164.417
40.8759	107.8388	165.068
41.1721	107.8418	165.899
41.4704	107.8459	166.696
41.7710	107.8542	167.389
42.0736	107.8634	168.092
42.3785	107.8732	168.803
42.6856	107.8786	169.639
42.9949	107.8828	170.514
43.3065	107.8916	171.249
43.6203	107.8994	171.995
43.9364	107.9062	172.755
44.2548	107.9123	173.529
44.5755	107.9180	174.315
44.8985	107.9234	175.113
45.2238	107.9260	176.041
45.5515	107.9287	176.973
45.8816	107.9342	177.801
46.2141	107.9402	178.640
46.5490	107.9470	179.488
46.8863	107.9544	-179.655
47.2261	107.9619	-178.792
47.5683	107.9689	-177.920
47.9130	107.9747	-177.036
48.2602	107.9791	-176.136
48.6099	107.9826	-175.216
48.9621	107.9860	-174.277
49.3169	107.9903	-173.323
49.6743	107.9958	-172.361
50.0343	108.0022	-171.398
50.3968	108.0088	-170.437
50.7620	108.0148	-169.474
51.1299	108.0201	-168.501
51.5004	108.0251	-167.512
51.8736	108.0303	-166.505
52.2495	108.0361	-165.483
52.6281	108.0419	-164.447
53.0095	108.0470	-163.398
53.3936	108.0507	-162.335
53.7805	108.0533	-161.253
54.1702	108.0556	-160.152
54.5628	108.0588	-159.038
54.9581	108.0631	-157.922
55.3564	108.0679	-156.809
55.7575	108.0718	-155.700
56.1616	108.0743	-154.585
56.5685	108.0770	-153.531
56.9785	108.0822	-152.441
57.3914	108.0884	-151.262
57.8072	108.0954	-150.079
58.2261	108.1011	-148.894
58.6481	108.1040	-147.696
59.0730	108.1046	-146.474
59.5011	108.1052	-145.280
59.9323	108.1093	-144.066
60.3666	108.1142	-142.798
60.8040	108.1189	-141.537
61.2446	108.1226	-140.273
61.6884	108.1262	-139.068
62.1355	108.1301	-137.837
62.5857	108.1337	-136.520
63.0392	108.1376	-135.190
63.4960	108.1423	-133.907
63.9562	108.1459	-132.603
64.4196	108.1481	-131.227
64.8864	108.1503	-129.842
65.3566	108.1530	-128.513
65.8302	108.1546	-127.176
66.3073	108.1556	-125.765
66.7877	108.1585	-124.397
67.2717	108.1628	-123.014
67.7592	108.1664	-121.561
68.2502	108.1720	-120.147
68.7448	108.1774	-118.719
69.2429	108.1803	-117.226
69.7447	108.1829	-115.771
70.2501	108.1841	-114.297
70.7591	108.1849	-112.757
71.2719	108.1874	-111.255
71.7884	108.1906	-109.749
72.3086	108.1932	-108.236
72.8325	108.1955	-106.704
73.3603	108.1983	-105.151
73.8919	108.2012	-103.583
74.4274	108.2026	-101.954
74.9667	108.2045	-100.348
75.5099	108.2077	-98.723
76.0571	108.2125	-97.098
76.6083	108.2165	-95.473
77.1634	108.2176	-93.831
77.7226	108.2189	-92.195
78.2858	108.2224	-90.496
78.8531	108.2271	-88.795
79.4245	108.2305	-87.087
80.0000	108.2327	-85.363
80.5797	108.2353	-83.622
81.1636	108.2380	-81.874
81.7518	108.2385	-80.156
82.3442	108.2369	-78.361
82.9409	108.2378	-76.533
83.5419	108.2418	-74.699
84.1473	108.2455	-72.879
84.7570	108.2446	-71.085
85.3712	108.2433	-69.198
85.9899	108.2489	-67.276
86.6130	108.2619	-65.406
87.2406	108.2661	-63.567
87.8728	108.2618	-61.640
88.5096	108.2588	-59.657
89.1509	108.2611	-57.693
89.7970	108.2629	-55.758
90.4477	108.2630	-53.770
91.1031	108.2666	-51.760
91.7633	108.2738	-49.795
92.4282	108.2753	-47.818
93.0980	108.2744	-45.772
93.7726	108.2772	-43.670
94.4521	108.2801	-41.574
95.1366	108.2788	-39.494
95.8260	108.2776	-37.363
96.5204	108.2832	-35.230
97.2198	108.2860	-33.127
97.9243	108.2813	-30.984
98.6339	108.2793	-28.774
99.3486	108.2838	-26.564
100.0685	108.2877	-24.376
100.7937	108.2890	-22.172
101.5241	108.2903	-19.939
102.2598	108.2912	-17.673
103.0008	108.2930	-15.366
103.7472	108.2973	-13.047
104.4990	108.2996	-10.743
105.2562	108.2978	-8.418
106.0189	108.2981	-6.055
106.7872	108.3023	-3.686
107.5610	108.3049	-1.308
108.3404	108.3067	1.108
109.1255	108.3119	3.516
109.9163	108.3133	5.924
110.7128	108.3111	8.408
111.5151	108.3122	10.932
112.3231	108.3155	13.460
113.1371	108.3169	15.965
113.9569	108.3160	18.491
114.7827	108.3162	21.070
115.6145	108.3185	23.670
116.4523	108.3213	26.258
117.2961	108.3213	28.856
118.1461	108.3197	31.502
119.0022	108.3215	34.168
119.8646	108.3274	36.839
120.7332	108.3275	39.547
121.6080	108.3266	42.316
122.4893	108.3337	45.086
123.3769	108.3346	47.810
124.2709	108.3308	50.595
125.1714	108.3339	53.404
126.0785	108.3336	56.210
126.9921	108.3328	59.077
127.9123	108.3376	61.949
128.8392	108.3367	64.817
129.7728	108.3325	67.751
130.7132	108.3336	70.711
131.6604	108.3332	73.668
132.6145	108.3322	76.675
133.5755	108.3405	79.688
134.5434	108.3448	82.690
135.5184	108.3430	85.750
136.5004	108.3450	88.827
137.4895	108.3450	91.917
138.4858	108.3458	95.037
139.4894	108.3476	98.180
140.5002	108.3536	101.382
141.5183	108.3573	104.586
142.5438	108.3553	107.821
143.5767	108.3558	111.051
144.6171	108.3548	114.311
145.6651	108.3581	117.616
146.7206	108.3565	120.942
147.7838	108.3569	124.289
148.8547	108.3553	127.627
149.9334	108.3505	131.020
151.0199	108.3525	134.455
152.1142	108.3579	137.900
153.2165	108.3612	141.375
154.3268	108.3623	144.876
155.4451	108.3609	148.392
156.5715	108.3608	151.923
157.7061	108.3624	155.504
158.8489	108.3676	159.124
160.0000	108.3715	162.752
161.1594	108.3679	166.399
162.3273	108.3643	170.102
163.5035	108.3661	173.808
164.6884	108.3680	177.531
165.8818	108.3688	-178.691
167.0838	108.3693	-174.886
168.2946	108.3665	-171.048
169.5141	108.3685	-167.209
170.7425	108.3672	-163.323
171.9797	108.3746	-159.373
173.2260	108.3798	-155.445
174.4812	108.3760	-151.511
175.7456	108.3755	-147.481
177.0191	108.3816	-143.445
178.3019	108.3782	-139.375
179.5939	108.3807	-135.300
180.8953	108.3790	-131.173
182.2062	108.3832	-127.042
183.5265	108.3664	-122.896
184.8564	108.3763	-118.582
186.1960	108.3833	-114.409
187.5452	108.3769	-110.105
188.9043	108.3789	-105.799
190.2731	108.3880	-101.457
191.6519	108.3853	-97.064
193.0407	108.3847	-92.684
194.4396	108.3802	-88.211
195.8486	108.3852	-83.730
197.2678	108.3848	-79.255
198.6972	108.3877	-74.704
200.1371	108.3871	-70.157
201.5874	108.3879	-65.566
203.0482	108.3905	-60.947
204.5195	108.3938	-56.254
206.0016	108.3889	-51.517
207.4943	108.3857	-46.773
208.9979	108.3889	-42.032
210.5124	108.3932	-37.180
212.0379	108.4008	-32.384
213.5744	108.4000	-27.485
215.1220	108.3978	-22.575
216.6809	108.3903	-17.549
218.2510	108.3993	-12.613
219.8326	108.3961	-7.566
221.4256	108.4040	-2.511
223.0301	108.3974	2.626
224.6463	108.3910	7.817
226.2742	108.3956	12.995
227.9138	108.3938	18.085
229.5654	108.3957	23.375
231.2289	108.3951	28.708
232.9045	108.4009	34.041
234.5922	108.4033	39.416
236.2922	108.4015	44.819
238.0045	108.4076	50.266
239.7291	108.4056	55.762
241.4663	108.4027	61.296
243.2161	108.4102	66.824
244.9785	108.4118	72.496
246.7537	108.3969	78.176
248.5418	108.4082	83.776
250.3428	108.4072	89.572
252.1569	108.4028	95.367
253.9842	108.4039	101.172
255.8246	108.4145	107.085
257.6785	108.4072	112.985
259.5457	108.4132	118.944
261.4265	108.4194	124.884
263.3209	108.4068	130.962
265.2290	108.3933	136.927
267.1510	108.4443	142.745
269.0869	108.3951	149.092
271.0368	108.4054	155.684
273.0008	108.4205	161.815
274.9791	108.4219	168.242
276.9717	108.4220	174.517
278.9788	108.4138	-179.093
281.0003	108.4138	-172.627
283.0366	108.4280	-166.126
285.0876	108.4184	-159.582
287.1535	108.4171	-152.972
289.2343	108.4191	-146.390
291.3302	108.4163	-139.619
293.4413	108.4151	-132.895
295.5677	108.4255	-126.090
297.7095	108.4191	-119.279
299.8668	108.4198	-112.348
302.0398	108.4167	-105.470
304.2285	108.4233	-98.477
306.4330	108.4199	-91.395
308.6536	108.4269	-84.307
310.8902	108.4310	-77.122
313.1431	108.4214	-69.962
315.4122	108.4255	-62.687
317.6978	108.4295	-55.390
320.0000	108.4211	-48.078
322.3189	108.4251	-40.651
324.6545	108.4267	-33.128
327.0071	108.4225	-25.631
329.3767	108.4319	-18.126
331.7635	108.4257	-10.440
334.1676	108.4233	-2.747
336.5891	108.4192	5.008
339.0282	108.4286	12.780
341.4849	108.4258	20.657
343.9595	108.4262	28.554
346.4519	108.4291	36.547
348.9625	108.4260	44.565
351.4912	108.4269	52.647
354.0383	108.4312	60.825
356.6038	108.4310	69.022
359.1879	108.4308	77.261
361.7907	108.4304	85.634
364.4124	108.4274	93.980
367.0530	108.4226	102.481
369.7129	108.4320	110.979
372.3920	108.4289	119.529
375.0905	108.4295	128.149
377.8085	108.4366	136.853
380.5463	108.4329	145.626
383.3039	108.4316	154.439
386.0814	108.4333	163.327
388.8792	108.4339	172.298
391.6971	108.4342	-178.684
394.5355	108.4349	-169.581
397.3945	108.4346	-160.459
400.2742	108.4369	-151.238
403.1747	108.4415	-141.944
406.0963	108.4370	-132.589
409.0390	108.4337	-123.134
412.0031	108.4391	-113.683
414.9887	108.4365	-104.141
417.9958	108.4426	-94.456
421.0248	108.4400	-84.811
424.0757	108.4387	-75.015
427.1488	108.4382	-65.195
430.2440	108.4442	-55.290
433.3618	108.4432	-45.328
436.5021	108.4403	-35.217
439.6652	108.4361	-25.093
442.8512	108.4413	-14.909
446.0602	108.4408	-4.629
449.2926	108.4428	5.724
452.5483	108.4461	16.138
455.8277	108.4458	26.683
459.1308	108.4494	37.288
462.4579	108.4418	47.866
465.8090	108.4479	58.633
469.1845	108.4436	69.416
472.5844	108.4488	80.334
476.0089	108.4498	91.316
479.4583	108.4444	102.309
482.9326	108.4499	113.521
486.4321	108.4491	124.710
489.9570	108.4465	135.982
493.5075	108.4464	147.362
497.0836	108.4490	158.859
500.6857	108.4484	170.347
504.3139	108.4513	-177.984
507.9683	108.4485	-166.287
511.6493	108.4477	-154.503
515.3569	108.4490	-142.614
519.0914	108.4504	-130.579
522.8529	108.4518	-118.537
526.6418	108.4537	-106.432
530.4580	108.4529	-94.207
534.3019	108.4574	-81.985
538.1737	108.4538	-69.481
542.0735	108.4478	-56.941
546.0016	108.4551	-44.387
549.9582	108.4559	-31.705
553.9434	108.4538	-18.918
557.9575	108.4522	-6.067
562.0007	108.4580	6.890
566.0732	108.4558	19.948
570.1752	108.4525	33.106
574.3069	108.4593	46.387
578.4686	108.4565	59.690
582.6604	108.4563	73.149
586.8826	108.4538	86.696
591.1354	108.4551	100.303
595.4190	108.4592	114.025
599.7336	108.4573	127.877
604.0796	108.4620	141.804
608.4570	108.4607	155.818
612.8661	108.4575	169.995
617.3072	108.4596	-175.772
621.7804	108.4627	-161.443
626.2861	108.4598	-146.988
630.8244	108.4608	-132.438
635.3957	108.4581	-117.773
640.0000	108.4615	-103.002
644.6377	108.4672	-88.085
649.3090	108.4620	-73.140
654.0142	108.4612	-58.046
658.7534	108.4636	-42.867
663.5270	108.4642	-27.567
668.3352	108.4624	-12.120
673.1783	108.4639	3.371
678.0564	108.4596	19.051
682.9699	108.4677	34.800
687.9189	108.4650	50.660
692.9039	108.4606	66.649
697.9249	108.4646	82.720
702.9824	108.4646	98.989
708.0765	108.4626	115.322
713.2075	108.4625	131.788
718.3757	108.4646	148.376
723.5814	108.4684	165.041
728.8247	108.4669	-178.111
734.1061	108.4661	-161.198
739.4257	108.4699	-144.122
744.7839	108.4697	-126.957
750.1809	108.4671	-109.631
755.6170	108.4634	-92.207
761.0926	108.4698	-74.638
766.6077	108.4653	-56.947
772.1629	108.4653	-39.130
777.7583	108.4657	-21.154
783.3943	108.4698	-3.114
789.0711	108.4705	15.151
794.7890	108.4674	33.436
800.5484	108.4655	51.957
806.3495	108.4673	70.528
812.1926	108.4654	89.285
818.0781	108.4639	108.139
824.0062	108.4653	127.186
829.9773	108.4691	146.316
835.9917	108.4672	165.661
842.0496	108.4705	-174.927
848.1515	108.4707	-155.330
854.2975	108.4648	-135.642
860.4881	108.4680	-115.772
866.7236	108.4661	-95.776
873.0042	108.4669	-75.618
879.3303	108.4649	-55.319
885.7023	108.4670	-34.870
892.1205	108.4669	-14.313
898.5852	108.4681	6.442
905.0967	108.4670	27.336
911.6554	108.4689	48.394
918.2616	108.4707	69.530
924.9157	108.4651	90.917
931.6180	108.4635	112.435
938.3689	108.4635	134.096
945.1687	108.4670	155.916
952.0178	108.4643	177.866
958.9165	108.4662	-159.996
965.8652	108.4646	-137.719
972.8643	108.4675	-115.266
979.9141	108.4628	-92.598
987.0149	108.4615	-69.857
994.1672	108.4643	-46.914
1001.3714	108.4633	-23.798
1008.6277	108.4622	-0.512
1015.9367	108.4569	22.925
1023.2986	108.4630	46.554
1030.7138	108.4646	70.366
1038.1828	108.4616	94.345
1045.7059	108.4557	118.490
1053.2835	108.4613	142.782
1060.9160	108.4515	167.269
1068.6039	108.4610	-168.084
1076.3474	108.4572	-143.188
1084.1471	108.4594	-118.206
1092.0032	108.4545	-93.017
1099.9164	108.4603	-67.634
1107.8868	108.4562	-42.021
1115.9150	108.4518	-16.304
1124.0014	108.4515	9.638
1132.1464	108.4494	35.765
1140.3504	108.4461	62.118
1148.6138	108.4484	88.642
1156.9371	108.4494	115.316
1165.3208	108.4471	142.233
1173.7652	108.4464	169.335
1182.2708	108.4457	-163.391
1190.8380	108.4430	-135.918
1199.4673	108.4453	-108.218
1208.1591	108.4404	-80.346
1216.9139	108.4399	-52.255
1225.7322	108.4386	-23.946
1234.6144	108.4378	4.538
1243.5609	108.4360	33.273
1252.5722	108.4345	62.139
1261.6489	108.4320	91.264
1270.7913	108.4324	120.586
1280.0000	108.4300	150.123
1289.2754	108.4249	179.902
1298.6180	108.4285	-150.117
1308.0284	108.4211	-119.953
1317.5069	108.4206	-89.551
1327.0541	108.4197	-58.913
1336.6704	108.4195	-28.043
1346.3565	108.4172	3.004
1356.1128	108.4093	34.322
1365.9397	108.4100	65.807
1375.8379	108.4117	97.603
1385.8078	108.4058	129.561
1395.8499	108.4057	161.780
1405.9648	108.4009	-165.775
1416.1530	108.3993	-133.082
1426.4150	108.3954	-100.172
1436.7514	108.3929	-67.040
1447.1627	108.3948	-33.642
1457.6495	108.3885	0.007
1468.2122	108.3864	33.877
1478.8515	108.3844	68.007
1489.5678	108.3790	102.388
1500.3618	108.3800	137.016
1511.2341	108.3737	171.865
1522.1851	108.3698	-153.023
1533.2155	108.3726	-117.636
1544.3258	108.3648	-82.013
1555.5166	108.3599	-46.096
1566.7885	108.3591	-9.977
1578.1421	108.3561	26.492
1589.5780	108.3512	63.133
1601.0967	108.3488	100.076
1612.6989	108.3434	137.276
1624.3852	108.3372	174.761
1636.1562	108.3388	-147.519
1648.0125	108.3274	-109.434
1659.9546	108.3302	-71.188
1671.9833	108.3285	-32.613
1684.0992	108.3243	6.210
1696.3029	108.3165	45.368
1708.5950	108.3162	84.781
1720.9762	108.3072	124.487
1733.4471	108.3042	164.487
1746.0084	108.3011	-155.260
1758.6607	108.2930	-114.698
1771.4046	108.2916	-73.821
1784.2410	108.2873	-32.683
1797.1703	108.2793	8.799
1810.1934	108.2792	50.540
1823.3108	108.2736	92.599
1836.5232	108.2667	134.938
1849.8314	108.2603	177.636
1863.2361	108.2565	-139.406
1876.7379	108.2451	-96.139
1890.3375	108.2408	-52.517
1904.0356	108.2359	-8.594
1917.8331	108.2338	35.648
1931.7305	108.2287	80.159
1945.7286	108.2195	125.048
1959.8281	108.2153	170.257
1974.0299	108.2084	-144.232
1988.3345	108.2039	-98.367
2002.7428	108.1940	-52.163
2017.2555	108.1903	-5.666
2031.8733	108.1822	41.195
2046.5971	108.1726	88.406
2061.4276	108.1708	135.890
2076.3656	108.1671	-176.192
2091.4118	108.1526	-127.961
2106.5670	108.1468	-79.416
2121.8321	108.1418	-30.492
2137.2077	108.1292	18.803
2152.6948	108.1219	68.451
2168.2941	108.1158	118.429
2184.0065	108.1088	168.791
2199.8327	108.0978	-140.468
2215.7736	108.0892	-89.368
2231.8300	108.0855	-37.934
2248.0028	108.0754	13.862
2264.2927	108.0651	66.081
2280.7007	108.0551	118.687
2297.2276	108.0438	171.649
2313.8743	108.0342	-135.026
2330.6416	108.0222	-81.276
2347.5304	108.0139	-27.131
2364.5415	108.0051	27.353
2381.6760	107.9918	82.283
2398.9346	107.9881	137.570
2416.3182	107.9700	-166.711
2433.8279	107.9593	-110.605
2451.4644	107.9436	-54.080
2469.2287	107.9333	2.878
2487.1218	107.9222	60.188
2505.1445	107.9119	117.916
2523.2978	107.8947	176.104
2541.5826	107.8763	-125.300
2560.0000	107.8638	-66.265
2578.5508	107.8455	-6.856
2597.2361	107.8364	52.997
2616.0567	107.8131	113.348
2635.0137	107.8034	174.055
2654.1081	107.7823	-124.733
2673.3409	107.7691	-63.116
2692.7130	107.7454	-1.025
2712.2255	107.7311	61.506
2731.8794	107.7121	124.497
2751.6758	107.6960	-172.127
2771.6155	107.6716	-108.230
2791.6998	107.6542	-43.836
2811.9296	107.6292	20.941
2832.3060	107.6042	86.261
2852.8301	107.5839	151.999
2873.5028	107.5568	-141.773
2894.3254	107.5393	-75.027
2915.2989	107.5123	-7.815
2936.4244	107.4853	59.854
2957.7029	107.4612	128.015
2979.1356	107.4285	-163.302
3000.7237	107.4006	-94.140
3022.4682	107.3722	-24.477
3044.3702	107.3424	45.726
3066.4310	107.3157	116.373
3088.6516	107.2798	-172.423
3111.0332	107.2502	-100.735
3133.5771	107.2097	-28.503
3156.2843	107.1788	44.246
3179.1560	107.1421	117.508
3202.1935	107.1067	-168.697
3225.3979	107.0669	-94.344
3248.7705	107.0261	-19.474
3272.3124	106.9899	55.943
3296.0249	106.9527	131.915
3319.9093	106.9091	-151.590
3343.9667	106.8640	-74.510
3368.1985	106.8219	3.096
3392.6058	106.7792	81.301
3417.1900	106.7315	160.022
3441.9524	106.6846	-120.609
3466.8942	106.6361	-40.743
3492.0167	106.5858	39.749
3517.3213	106.5352	120.787
3542.8093	106.4837	-157.534
3568.4820	106.4333	-75.344
3594.3406	106.3747	7.483
3620.3867	106.3258	90.920
3646.6215	106.2642	174.945
3673.0465	106.2082	-100.432
3699.6629	106.1503	-15.146
3726.4721	106.0917	70.742
3753.4757	106.0332	157.180
3780.6749	105.9678	-115.669
3808.0713	105.9054	-27.920
3835.6661	105.8386	60.466
3863.4609	105.7773	149.487
3891.4572	105.7053	-120.839
3919.6563	105.6384	-30.469
3948.0597	105.5746	60.492
3976.6690	105.4975	152.131
4005.4856	105.4305	-115.539
4034.5110	105.3575	-22.586
4063.7467	105.2835	71.100
4093.1943	105.2064	165.447
4122.8552	105.1351	-99.516
4152.7312	105.0468	-3.775
4182.8236	104.9686	92.632
4213.1340	104.8901	-170.241
4243.6641	104.8150	-72.390
4274.4155	104.7292	26.164
4305.3896	104.6502	125.416
4336.5883	104.5607	-134.585
4368.0130	104.4703	-33.835
4399.6654	104.3847	67.598
4431.5472	104.2863	169.836
4463.6600	104.1980	-87.221
4496.0055	104.1039	16.488
4528.5854	104.0089	120.948
4561.4014	103.9057	-133.789
4594.4552	103.8130	-27.813
4627.7485	103.7058	78.970
4661.2831	103.5990	-173.439
4695.0607	103.4954	-65.112
4729.0830	103.3902	44.048
4763.3519	103.2775	153.994
4797.8691	103.1639	-95.259
4832.6365	103.0498	16.276
4867.6558	102.9253	128.676
4902.9288	102.8098	-118.163
4938.4574	102.6973	-4.057
4974.2435	102.5702	110.792
5010.2890	102.4368	-133.531
5046.5956	102.3144	-16.989
5083.1653	102.1781	100.420
5120.0000	102.0432	-141.304
5157.1016	101.9036	-22.176
5194.4721	101.7658	97.762
5232.1134	101.6293	-141.335
5270.0275	101.4795	-19.594
5308.2162	101.3308	103.064
5346.6818	101.1850	-133.382
5385.4260	101.0344	-8.960
5424.4510	100.8721	116.409
5463.7589	100.7160	-117.404
5503.3515	100.5627	9.797
5543.2311	100.3992	137.909
5583.3996	100.2342	-93.067
5623.8592	100.0781	36.901
5664.6120	99.9082	167.788
5705.6601	99.7389	-60.355
5747.0057	99.5775	72.535
5788.6509	99.4016	-153.675
5830.5978	99.2389	-18.942
5872.8487	99.0693	116.871
5915.4058	98.8843	-106.412
5958.2713	98.7243	31.303
6001.4474	98.5378	170.126
6044.9363	98.3727	-50.079
6088.7404	98.2013	90.669
6132.8620	98.0272	-127.388
6177.3032	97.8440	15.361
6222.0665	97.6723	159.307
6267.1541	97.4963	-55.672
6312.5685	97.3205	90.358
6358.3120	97.1311	-122.461
6404.3869	96.9544	25.699
6450.7958	96.7806	175.022
6497.5409	96.5971	-34.550
6544.6248	96.4219	117.085
6592.0498	96.2315	-90.289
6639.8185	96.0553	63.537
6687.9334	95.8619	-141.628
6736.3969	95.6761	14.454
6785.2116	95.4985	171.747
6834.3801	95.2928	-29.873
6883.9048	95.0853	129.706
6933.7884	94.8942	-69.568
6984.0335	94.6928	92.370
7034.6427	94.4774	-104.498
7085.6186	94.2813	59.660
7136.9639	94.0648	-134.654
7188.6813	93.8397	32.049
7240.7734	93.6061	-160.029
7293.2431	93.3923	9.246
7346.0929	93.1542	179.544
7399.3257	92.9231	-8.917
7452.9443	92.6904	164.018
7506.9514	92.4485	-21.819
7561.3499	92.2007	153.417
7616.1425	91.9612	-30.074
7671.3322	91.7179	147.846
7726.9219	91.4688	-32.970
7782.9143	91.2133	147.389
7839.3125	90.9775	-30.816
7896.1194	90.7292	152.314
7953.3380	90.4783	-23.530
8010.9711	90.2206	162.211
8069.0219	90.0014	-10.797
8127.4934	89.7549	177.711
8186.3886	89.5506	7.518
8245.7105	89.3242	-161.352
8305.4623	89.1013	31.027
8365.6471	88.9068	-134.774
8426.2680	88.6634	60.789
8487.3283	88.4645	-102.516
8548.8309	88.2586	95.831
8610.7793	88.0223	-64.309
8673.1765	87.8709	137.056
8736.0260	87.6755	-20.037
8799.3308	87.4476	-175.856
8863.0944	87.2335	30.098
8927.3200	86.9951	-122.441
8992.0111	86.7636	86.604
9057.1709	86.5701	-63.004
9122.8029	86.3304	149.178
9188.9105	86.0637	2.775
9255.4971	85.8325	-141.971
9322.5662	85.5527	74.981
9390.1214	85.3013	-66.797
9458.1661	85.0385	153.016
9526.7039	84.7225	14.378
9595.7383	84.4178	-121.991
9665.2730	84.1312	102.442
9735.3115	83.8436	-31.465
9805.8576	83.5805	-163.786
9876.9149	83.2389	65.846
9948.4871	82.9385	-63.341
10020.5779	82.6564	169.264
10093.1912	82.2889	43.023
10166.3306	81.9636	-80.754
10240.0000	81.7024	156.403
10314.2033	81.4491	35.327
10388.9442	81.1627	-83.963
10464.2268	80.8902	158.561
10540.0549	80.6734	43.041
10616.4325	80.5172	-70.493
10693.3635	80.3764	177.831
10770.8521	80.1179	67.456
10848.9021	80.0037	-40.561
10927.5177	79.9339	-146.314
11006.7030	79.6482	109.216
11086.4621	79.5182	7.257
11166.7992	79.3960	-92.665
11247.7184	79.1613	168.662
11329.2240	78.9799	73.189
11411.3202	78.6548	-20.614
11494.0114	78.4379	-112.468
11577.3017	78.1507	156.948
11661.1956	77.7982	69.006
11745.6975	77.3760	-17.581
11830.8116	77.1064	-101.494
11916.5426	76.5909	175.653
12002.8947	76.0619	93.577
12089.8727	75.7406	15.491
12177.4809	75.1218	-62.945
12265.7239	74.8257	-139.010
12354.6064	74.5236	146.879
12444.1330	73.9563	73.972
12534.3083	73.7980	4.970
12625.1370	73.4039	-63.888
12716.6240	73.4154	-129.149
12808.7739	73.2558	166.906
12901.5916	73.1543	107.090
12995.0818	73.1332	47.751
13089.2495	73.2110	-8.772
13184.0996	73.1714	-61.766
13279.6370	73.0165	-110.465
13375.8668	72.9090	-159.512
13472.7938	72.8196	154.925
13570.4232	72.6082	111.955
13668.7601	72.2177	71.532
13767.8096	71.8940	32.724
13867.5768	71.2684	-3.922
13968.0670	71.1514	-38.330
14069.2853	70.2961	-68.339
14171.2372	69.8356	-99.288
14273.9278	69.0350	-128.278
14377.3626	68.1661	-156.047
14481.5469	68.0234	179.323
14586.4861	66.7039	153.887
14692.1858	66.6334	132.642
14798.6515	66.3005	114.037
14905.8886	66.2982	97.155
15013.9028	66.7729	81.855
15122.6997	66.6503	71.464
15232.2851	67.2777	67.130
15342.6645	67.3114	61.735
15453.8437	67.3014	63.917
15565.8287	67.6816	64.436
15678.6251	67.6969	73.684
15792.2389	67.0715	84.656
15906.6759	67.0061	99.674
16021.9423	66.3760	112.626
16138.0439	65.5898	131.229
16254.9868	65.1606	151.167
16372.7771	63.7568	170.399
16491.4210	62.9816	-160.673
16610.9246	61.1737	-140.022
16731.2942	60.7850	-116.980
16852.5361	59.2100	-94.096
16974.6565	58.6210	-64.319
17097.6619	59.6045	-35.847
17221.5586	60.7746	-2.289
17346.3531	61.1124	39.281
17472.0519	62.0206	83.801
17598.6616	62.3719	138.963
17726.1888	63.4307	-162.498
17854.6400	63.5910	-103.969
17984.0221	62.5718	-43.102
18114.3418	62.3181	25.718
18245.6057	62.0757	96.255
18377.8209	60.8642	171.644
18510.9942	59.7606	-116.922
18645.1325	57.7012	-33.560
18780.2428	55.7140	36.764
18916.3322	52.4660	112.179
19053.4077	52.0097	162.114
19191.4766	50.4934	-122.896
19330.5459	54.6689	-61.269
19470.6230	55.7888	40.474
19611.7152	59.5787	140.923
19753.8298	58.8174	-120.399
19896.9742	58.6259	-5.372
