* Helix DSP Ultra S, output layer - phase control at 354.375 deg, the last step of the range.
* ELECTRICAL loop, no microphone: Scarlett 2i2 out L -> Helix line in,
* Helix line out -> Scarlett in 1; out R -> in 2 direct as the timing
* reference, timing offset 0. Everything else in the channel off; no gain,
* level or routing changed within a set, so the ratio to the set's reference
* is the filter alone.
* REW V5.40 beta 134 measurement #63 'k3_phase_354.375_lp5000_byp', 2026-Sep-02 10:49:58, 512k sweep, 1 average, 96 kHz,
* 20 Hz - 20 kHz, loopback timing reference. SNR 46.2 dB, delay -8.9991 ms.
* Levels are REW's electrical dB (splOffset 120.00); only ratios within a set carry meaning.
* This capture carries an EXTRA first-order all-pass, an AP1 the operator left engaged at 8 kHz (measured corner 7611.6 Hz) from REW #55 to #67. It is present in this set's own reference as well, so it divides out of any ratio taken within the set; see README.
* frequency_Hz<TAB>dB<TAB>phase_deg - REW's UNSMOOTHED raw spectrum (linear bins) resampled to 1/96 octave by complex averaging within each cell,
* with the measurement's own delay removed before averaging and restored after, so the cell average carries no rotation loss.
20.0000	107.5525	120.792
20.1449	107.5525	121.262
20.2909	107.5761	121.250
20.4379	107.6109	121.033
20.5860	107.6210	121.269
20.7352	107.6404	121.291
20.8855	107.6588	121.354
21.0368	107.6782	121.348
21.1893	107.7032	121.231
21.3428	107.7153	121.416
21.4975	107.7339	121.451
21.6532	107.7473	121.630
21.8102	107.7712	121.520
21.9682	107.7908	121.546
22.1274	107.8085	121.597
22.2877	107.8333	121.489
22.4492	107.8456	121.690
22.6119	107.8640	121.745
22.7758	107.8748	122.009
22.9408	107.9013	121.882
23.1071	107.9163	122.059
23.2745	107.9395	122.051
23.4432	107.9585	122.161
23.6130	107.9784	122.245
23.7841	108.0005	122.300
23.9565	108.0170	122.458
24.1301	108.0404	122.468
24.3049	108.0533	122.686
24.4811	108.0760	122.666
24.6585	108.0861	122.932
24.8372	108.1068	122.903
25.0171	108.1153	123.207
25.1984	108.1345	123.190
25.3810	108.1426	123.518
25.5649	108.1616	123.525
25.7502	108.1706	123.862
25.9368	108.1906	123.900
26.1247	108.2008	124.228
26.3141	108.2214	124.298
26.5047	108.2330	124.604
26.6968	108.2527	124.714
26.8903	108.2651	124.986
27.0851	108.2821	125.150
27.2814	108.2950	125.383
27.4791	108.3084	125.619
27.6782	108.3220	125.809
27.8788	108.3321	126.133
28.0808	108.3472	126.277
28.2843	108.3545	126.697
28.4892	108.3770	126.634
28.6957	108.3851	127.046
28.9036	108.3999	127.262
29.1131	108.4109	127.585
29.3240	108.4223	127.913
29.5365	108.4360	128.136
29.7506	108.4434	128.586
29.9661	108.4626	128.583
30.1833	108.4700	128.995
30.4020	108.4805	129.307
30.6223	108.4913	129.603
30.8442	108.4981	130.068
31.0677	108.5162	130.136
31.2929	108.5246	130.573
31.5196	108.5351	130.954
31.7480	108.5542	131.055
31.9781	108.5600	131.596
32.2098	108.5726	131.918
32.4432	108.5826	132.302
32.6783	108.5897	132.809
32.9151	108.6051	132.959
33.1536	108.6124	133.410
33.3939	108.6190	133.906
33.6359	108.6319	134.097
33.8796	108.6383	134.587
34.1251	108.6445	135.101
34.3724	108.6572	135.330
34.6215	108.6642	135.831
34.8723	108.6703	136.384
35.1250	108.6837	136.641
35.3796	108.6919	137.125
35.6359	108.6972	137.739
35.8942	108.7104	138.023
36.1543	108.7231	138.323
36.4163	108.7284	138.936
36.6802	108.7354	139.493
36.9460	108.7475	139.832
37.2137	108.7548	140.380
37.4834	108.7595	141.058
37.7550	108.7712	141.429
38.0286	108.7824	141.808
38.3041	108.7885	142.400
38.5817	108.7927	143.096
38.8613	108.8022	143.502
39.1429	108.8111	143.921
39.4265	108.8200	144.352
39.7122	108.8240	145.065
40.0000	108.8293	145.729
40.2899	108.8388	146.190
40.5818	108.8483	146.662
40.8759	108.8575	147.145
41.1721	108.8612	147.907
41.4704	108.8662	148.610
41.7710	108.8745	149.132
42.0736	108.8828	149.669
42.3785	108.8912	150.219
42.6856	108.8958	150.969
42.9949	108.8995	151.780
43.3065	108.9075	152.353
43.6203	108.9148	152.933
43.9364	108.9214	153.521
44.2548	108.9276	154.122
44.5755	108.9336	154.736
44.8985	108.9398	155.364
45.2238	108.9430	156.215
45.5515	108.9464	157.067
45.8816	108.9534	157.728
46.2141	108.9605	158.400
46.5490	108.9675	159.082
46.8863	108.9740	159.774
47.2261	108.9797	160.476
47.5683	108.9845	161.188
47.9130	108.9886	161.914
48.2602	108.9927	162.653
48.6099	108.9973	163.404
48.9621	109.0028	164.163
49.3169	109.0090	164.928
49.6743	109.0152	165.698
50.0343	109.0209	166.478
50.3968	109.0258	167.274
50.7620	109.0307	168.090
51.1299	109.0364	168.924
51.5004	109.0430	169.769
51.8736	109.0501	170.619
52.2495	109.0565	171.470
52.6281	109.0611	172.326
53.0095	109.0636	173.195
53.3936	109.0650	174.084
53.7805	109.0666	174.995
54.1702	109.0698	175.924
54.5628	109.0748	176.860
54.9581	109.0808	177.798
55.3564	109.0867	178.735
55.7575	109.0912	179.676
56.1616	109.0940	-179.372
56.5685	109.0965	-178.571
56.9785	109.0992	-177.743
57.3914	109.1019	-176.732
57.8072	109.1054	-175.711
58.2261	109.1094	-174.679
58.6481	109.1137	-173.638
59.0730	109.1180	-172.587
59.5011	109.1241	-171.690
59.9323	109.1296	-170.783
60.3666	109.1323	-169.702
60.8040	109.1346	-168.607
61.2446	109.1368	-167.497
61.6884	109.1410	-166.532
62.1355	109.1464	-165.557
62.5857	109.1503	-164.416
63.0392	109.1540	-163.265
63.4960	109.1584	-162.258
63.9562	109.1622	-161.229
64.4196	109.1646	-160.029
64.8864	109.1669	-158.816
65.3566	109.1706	-157.743
65.8302	109.1746	-156.664
66.3073	109.1770	-155.430
66.7877	109.1792	-154.345
67.2717	109.1800	-153.242
67.7592	109.1804	-151.961
68.2502	109.1837	-150.802
68.7448	109.1901	-149.633
69.2429	109.1948	-148.319
69.7447	109.1991	-147.154
70.2501	109.2004	-145.969
70.7591	109.2008	-144.609
71.2719	109.2037	-143.373
71.7884	109.2088	-142.134
72.3086	109.2131	-140.898
72.8325	109.2153	-139.646
73.3603	109.2163	-138.364
73.8919	109.2180	-137.059
74.4274	109.2197	-135.600
74.9667	109.2225	-134.271
75.5099	109.2252	-132.934
76.0571	109.2281	-131.590
76.6083	109.2311	-130.239
77.1634	109.2336	-128.880
77.7226	109.2363	-127.647
78.2858	109.2390	-126.246
78.8531	109.2429	-124.829
79.4245	109.2465	-123.401
80.0000	109.2482	-121.954
80.5797	109.2492	-120.480
81.1636	109.2518	-118.983
81.7518	109.2571	-117.625
82.3442	109.2595	-116.137
82.9409	109.2589	-114.632
83.5419	109.2586	-113.097
84.1473	109.2614	-111.538
84.7570	109.2677	-110.114
85.3712	109.2713	-108.548
85.9899	109.2722	-106.963
86.6130	109.2716	-105.492
87.2406	109.2716	-103.998
87.8728	109.2733	-102.357
88.5096	109.2762	-100.715
89.1509	109.2789	-99.201
89.7970	109.2804	-97.643
90.4477	109.2836	-95.916
91.1031	109.2888	-94.183
91.7633	109.2932	-92.588
92.4282	109.2931	-90.977
93.0980	109.2936	-89.337
93.7726	109.2958	-87.556
94.4521	109.2974	-85.770
95.1366	109.2976	-84.099
95.8260	109.2986	-82.393
96.5204	109.3023	-80.676
97.2198	109.3051	-78.961
97.9243	109.3044	-77.228
98.6339	109.3038	-75.457
99.3486	109.3068	-73.672
100.0685	109.3104	-71.896
100.7937	109.3120	-70.107
101.5241	109.3134	-68.285
102.2598	109.3160	-66.437
103.0008	109.3191	-64.571
103.7472	109.3218	-62.694
104.4990	109.3233	-60.803
105.2562	109.3251	-58.891
106.0189	109.3281	-56.967
106.7872	109.3290	-55.034
107.5610	109.3274	-53.065
108.3404	109.3278	-51.068
109.1255	109.3296	-49.214
109.9163	109.3298	-47.341
110.7128	109.3329	-45.303
111.5151	109.3365	-43.259
112.3231	109.3376	-41.189
113.1371	109.3407	-39.219
113.9569	109.3448	-37.257
114.7827	109.3439	-35.146
115.6145	109.3422	-32.999
116.4523	109.3431	-30.976
117.2961	109.3439	-28.950
118.1461	109.3443	-26.752
119.0022	109.3469	-24.660
119.8646	109.3501	-22.544
120.7332	109.3523	-20.274
121.6080	109.3546	-18.143
122.4893	109.3540	-16.015
123.3769	109.3520	-13.849
124.2709	109.3540	-11.650
125.1714	109.3575	-9.443
126.0785	109.3596	-7.218
126.9921	109.3604	-4.976
127.9123	109.3609	-2.710
128.8392	109.3629	-0.421
129.7728	109.3658	1.887
130.7132	109.3673	4.212
131.6604	109.3655	6.564
132.6145	109.3651	8.947
133.5755	109.3678	11.179
134.5434	109.3701	13.581
135.5184	109.3740	16.011
136.5004	109.3748	18.310
137.4895	109.3749	20.783
138.4858	109.3766	23.254
139.4894	109.3776	25.608
140.5002	109.3820	28.016
141.5183	109.3845	30.577
142.5438	109.3836	33.142
143.5767	109.3809	35.556
144.6171	109.3810	38.022
145.6651	109.3887	40.510
146.7206	109.3901	43.014
147.7838	109.3896	45.556
148.8547	109.3874	48.261
149.9334	109.3883	50.996
151.0199	109.3919	53.562
152.1142	109.3926	56.164
153.2165	109.3947	58.800
154.3268	109.3958	61.471
155.4451	109.3987	63.954
156.5715	109.3947	66.477
157.7061	109.3983	69.209
158.8489	109.3968	71.965
160.0000	109.3981	74.758
161.1594	109.3994	77.535
162.3273	109.4040	80.343
163.5035	109.4046	83.006
164.6884	109.4066	85.745
165.8818	109.4067	88.605
167.0838	109.4038	91.517
168.2946	109.4061	94.278
169.5141	109.4109	97.085
170.7425	109.4120	100.045
171.9797	109.4085	102.889
173.2260	109.4076	105.718
174.4812	109.4082	108.641
175.7456	109.4143	111.531
177.0191	109.4104	114.440
178.3019	109.4171	117.407
179.5939	109.4226	120.417
180.8953	109.4174	123.415
182.2062	109.4180	126.446
183.5265	109.4287	129.408
184.8564	109.4181	132.572
186.1960	109.4226	135.553
187.5452	109.4206	138.669
188.9043	109.4280	141.862
190.2731	109.4239	144.915
191.6519	109.4217	147.942
193.0407	109.4212	151.006
194.4396	109.4287	154.297
195.8486	109.4243	157.588
197.2678	109.4223	160.779
198.6972	109.4278	163.969
200.1371	109.4293	167.169
201.5874	109.4313	170.447
203.0482	109.4379	173.720
204.5195	109.4303	177.033
206.0016	109.4322	-179.619
207.4943	109.4313	-176.251
208.9979	109.4364	-172.838
210.5124	109.4310	-169.396
212.0379	109.4312	-166.073
213.5744	109.4320	-162.765
215.1220	109.4353	-159.195
216.6809	109.4332	-155.605
218.2510	109.4360	-152.164
219.8326	109.4392	-148.696
221.4256	109.4335	-145.006
223.0301	109.4355	-141.455
224.6463	109.4316	-137.907
226.2742	109.4251	-134.223
227.9138	109.4384	-130.604
229.5654	109.4409	-126.829
231.2289	109.4396	-123.071
232.9045	109.4381	-119.250
234.5922	109.4393	-115.411
236.2922	109.4431	-111.502
238.0045	109.4447	-107.704
239.7291	109.4383	-103.794
241.4663	109.4389	-99.773
243.2161	109.4459	-95.847
244.9785	109.4426	-91.932
246.7537	109.4490	-87.935
248.5418	109.4405	-83.823
250.3428	109.4410	-79.727
252.1569	109.4524	-75.623
253.9842	109.4444	-71.368
255.8246	109.4441	-67.079
257.6785	109.4383	-62.768
259.5457	109.4386	-58.372
261.4265	109.4421	-54.058
263.3209	109.4415	-49.466
265.2290	109.4542	-44.860
267.1510	109.4778	-40.053
269.0869	109.4630	-35.897
271.0368	109.4212	-31.276
273.0008	109.4501	-26.522
274.9791	109.4393	-21.935
276.9717	109.4377	-17.193
278.9788	109.4396	-12.327
281.0003	109.4393	-7.394
283.0366	109.4345	-2.377
285.0876	109.4415	2.578
287.1535	109.4370	7.690
289.2343	109.4351	12.835
291.3302	109.4419	17.963
293.4413	109.4358	23.143
295.5677	109.4349	28.359
297.7095	109.4424	33.751
299.8668	109.4378	39.300
302.0398	109.4356	44.746
304.2285	109.4403	50.260
306.4330	109.4390	55.887
308.6536	109.4283	61.543
310.8902	109.4272	67.185
313.1431	109.4378	72.880
315.4122	109.4400	78.744
317.6978	109.4356	84.768
320.0000	109.4342	90.844
322.3189	109.4354	96.889
324.6545	109.4314	102.961
327.0071	109.4372	109.142
329.3767	109.4420	115.397
331.7635	109.4328	121.739
334.1676	109.4340	128.165
336.5891	109.4319	134.658
339.0282	109.4323	141.107
341.4849	109.4326	147.799
343.9595	109.4332	154.513
346.4519	109.4327	161.265
348.9625	109.4342	168.058
351.4912	109.4313	174.938
354.0383	109.4324	-178.090
356.6038	109.4322	-171.062
359.1879	109.4307	-163.909
361.7907	109.4352	-156.690
364.4124	109.4321	-149.347
367.0530	109.4399	-141.988
369.7129	109.4324	-134.599
372.3920	109.4338	-127.115
375.0905	109.4300	-119.474
377.8085	109.4336	-111.825
380.5463	109.4341	-104.083
383.3039	109.4325	-96.259
386.0814	109.4342	-88.455
388.8792	109.4337	-80.446
391.6971	109.4303	-72.368
394.5355	109.4308	-64.290
397.3945	109.4320	-56.107
400.2742	109.4306	-47.762
403.1747	109.4317	-39.324
406.0963	109.4296	-30.889
409.0390	109.4270	-22.372
412.0031	109.4311	-13.801
414.9887	109.4272	-5.127
417.9958	109.4295	3.663
421.0248	109.4302	12.558
424.0757	109.4285	21.442
427.1488	109.4317	30.478
430.2440	109.4317	39.577
433.3618	109.4290	48.794
436.5021	109.4306	58.060
439.6652	109.4330	67.443
442.8512	109.4341	76.891
446.0602	109.4344	86.391
449.2926	109.4304	96.003
452.5483	109.4311	105.683
455.8277	109.4295	115.444
459.1308	109.4379	125.355
462.4579	109.4299	135.352
465.8090	109.4318	145.395
469.1845	109.4306	155.545
472.5844	109.4301	165.771
476.0089	109.4310	176.087
479.4583	109.4381	-173.475
482.9326	109.4346	-162.985
486.4321	109.4323	-152.461
489.9570	109.4345	-141.769
493.5075	109.4367	-130.951
497.0836	109.4338	-120.146
500.6857	109.4337	-109.188
504.3139	109.4359	-98.144
507.9683	109.4408	-87.005
511.6493	109.4385	-75.725
515.3569	109.4384	-64.413
519.0914	109.4388	-52.987
522.8529	109.4383	-41.458
526.6418	109.4409	-29.852
530.4580	109.4403	-18.174
534.3019	109.4346	-6.294
538.1737	109.4300	5.572
542.0735	109.4386	17.578
546.0016	109.4385	29.642
549.9582	109.4405	41.881
553.9434	109.4401	54.135
557.9575	109.4404	66.539
562.0007	109.4365	79.036
566.0732	109.4349	91.644
570.1752	109.4418	104.356
574.3069	109.4447	117.161
578.4686	109.4389	130.075
582.6604	109.4448	143.091
586.8826	109.4381	156.213
591.1354	109.4400	169.430
595.4190	109.4440	-177.243
599.7336	109.4425	-163.783
604.0796	109.4399	-150.264
608.4570	109.4443	-136.637
612.8661	109.4450	-122.857
617.3072	109.4458	-108.971
621.7804	109.4432	-95.044
626.2861	109.4433	-80.959
630.8244	109.4429	-66.744
635.3957	109.4472	-52.422
640.0000	109.4432	-38.012
644.6377	109.4465	-23.493
649.3090	109.4399	-8.855
654.0142	109.4441	5.901
658.7534	109.4494	20.791
663.5270	109.4501	35.776
668.3352	109.4492	50.880
673.1783	109.4509	66.125
678.0564	109.4425	81.450
682.9699	109.4467	96.909
687.9189	109.4468	112.494
692.9039	109.4486	128.182
697.9249	109.4499	144.042
702.9824	109.4502	159.957
708.0765	109.4478	176.035
713.2075	109.4503	-167.771
718.3757	109.4508	-151.482
723.5814	109.4514	-135.032
728.8247	109.4494	-118.478
734.1061	109.4479	-101.771
739.4257	109.4534	-84.952
744.7839	109.4546	-68.013
750.1809	109.4504	-50.931
755.6170	109.4532	-33.719
761.0926	109.4525	-16.371
766.6077	109.4540	1.095
772.1629	109.4511	18.705
777.7583	109.4597	36.421
783.3943	109.4565	54.314
789.0711	109.4574	72.297
794.7890	109.4559	90.459
800.5484	109.4589	108.748
806.3495	109.4553	127.172
812.1926	109.4575	145.723
818.0781	109.4601	164.410
824.0062	109.4573	-176.763
829.9773	109.4583	-157.781
835.9917	109.4563	-138.644
842.0496	109.4566	-119.396
848.1515	109.4624	-99.949
854.2975	109.4600	-80.413
860.4881	109.4579	-60.709
866.7236	109.4641	-40.835
873.0042	109.4614	-20.825
879.3303	109.4629	-0.689
885.7023	109.4618	19.620
892.1205	109.4627	40.076
898.5852	109.4618	60.684
905.0967	109.4630	81.441
911.6554	109.4644	102.352
918.2616	109.4661	123.439
924.9157	109.4645	144.691
931.6180	109.4649	166.041
938.3689	109.4660	-172.374
945.1687	109.4672	-150.674
952.0178	109.4640	-128.788
958.9165	109.4637	-106.771
965.8652	109.4669	-84.581
972.8643	109.4676	-62.193
979.9141	109.4656	-39.693
987.0149	109.4656	-16.968
994.1672	109.4694	5.900
1001.3714	109.4711	28.956
1008.6277	109.4656	52.123
1015.9367	109.4707	75.527
1023.2986	109.4705	99.081
1030.7138	109.4732	122.808
1038.1828	109.4660	146.684
1045.7059	109.4682	170.776
1053.2835	109.4659	-164.949
1060.9160	109.4646	-140.518
1068.6039	109.4697	-115.880
1076.3474	109.4670	-91.044
1084.1471	109.4691	-66.101
1092.0032	109.4703	-40.904
1099.9164	109.4733	-15.578
1107.8868	109.4711	9.979
1115.9150	109.4745	35.685
1124.0014	109.4692	61.684
1132.1464	109.4696	87.738
1140.3504	109.4767	114.072
1148.6138	109.4747	140.564
1156.9371	109.4743	167.283
1165.3208	109.4712	-165.839
1173.7652	109.4747	-138.763
1182.2708	109.4703	-111.457
1190.8380	109.4677	-83.988
1199.4673	109.4737	-56.267
1208.1591	109.4715	-28.375
1216.9139	109.4741	-0.260
1225.7322	109.4703	28.060
1234.6144	109.4697	56.573
1243.5609	109.4755	85.321
1252.5722	109.4747	114.229
1261.6489	109.4722	143.391
1270.7913	109.4698	172.759
1280.0000	109.4725	-157.633
1289.2754	109.4717	-127.837
1298.6180	109.4745	-97.811
1308.0284	109.4704	-67.610
1317.5069	109.4683	-37.119
1327.0541	109.4763	-6.449
1336.6704	109.4728	24.475
1346.3565	109.4689	55.627
1356.1128	109.4687	86.988
1365.9397	109.4709	118.581
1375.8379	109.4687	150.401
1385.8078	109.4675	-177.518
1395.8499	109.4706	-145.248
1405.9648	109.4703	-112.712
1416.1530	109.4690	-79.927
1426.4150	109.4661	-46.916
1436.7514	109.4699	-13.661
1447.1627	109.4659	19.821
1457.6495	109.4661	53.579
1468.2122	109.4630	87.573
1478.8515	109.4671	121.821
1489.5678	109.4639	156.294
1500.3618	109.4603	-168.978
1511.2341	109.4658	-133.965
1522.1851	109.4589	-98.732
1533.2155	109.4624	-63.200
1544.3258	109.4615	-27.443
1555.5166	109.4625	8.602
1566.7885	109.4635	44.899
1578.1421	109.4602	81.450
1589.5780	109.4599	118.294
1601.0967	109.4584	155.345
1612.6989	109.4570	-167.269
1624.3852	109.4564	-129.648
1636.1562	109.4552	-91.708
1648.0125	109.4526	-53.532
1659.9546	109.4539	-15.066
1671.9833	109.4531	23.676
1684.0992	109.4500	62.708
1696.3029	109.4515	102.054
1708.5950	109.4509	141.660
1720.9762	109.4485	-178.450
1733.4471	109.4464	-138.264
1746.0084	109.4501	-97.783
1758.6607	109.4461	-57.014
1771.4046	109.4461	-15.920
1784.2410	109.4461	25.424
1797.1703	109.4418	67.108
1810.1934	109.4423	109.093
1823.3108	109.4418	151.381
1836.5232	109.4397	-166.032
1849.8314	109.4393	-123.146
1863.2361	109.4402	-79.927
1876.7379	109.4369	-36.394
1890.3375	109.4380	7.463
1904.0356	109.4380	51.623
1917.8331	109.4348	96.092
1931.7305	109.4329	140.930
1945.7286	109.4317	-173.937
1959.8281	109.4339	-128.463
1974.0299	109.4330	-82.682
1988.3345	109.4321	-36.524
2002.7428	109.4324	9.912
2017.2555	109.4280	56.717
2031.8733	109.4311	103.867
2046.5971	109.4266	151.384
2061.4276	109.4246	-160.797
2076.3656	109.4238	-112.597
2091.4118	109.4235	-64.085
2106.5670	109.4214	-15.184
2121.8321	109.4222	34.064
2137.2077	109.4216	83.670
2152.6948	109.4190	133.632
2168.2941	109.4168	-176.040
2184.0065	109.4197	-125.343
2199.8327	109.4175	-74.274
2215.7736	109.4185	-22.848
2231.8300	109.4167	28.954
2248.0028	109.4149	81.161
2264.2927	109.4174	133.707
2280.7007	109.4149	-173.345
2297.2276	109.4142	-120.004
2313.8743	109.4131	-66.288
2330.6416	109.4121	-12.169
2347.5304	109.4131	42.363
2364.5415	109.4096	97.259
2381.6760	109.4106	152.552
2398.9346	109.4129	-151.769
2416.3182	109.4114	-95.634
2433.8279	109.4112	-39.117
2451.4644	109.4089	17.853
2469.2287	109.4113	75.174
2487.1218	109.4140	132.934
2505.1445	109.4124	-168.874
2523.2978	109.4107	-110.273
2541.5826	109.4109	-51.227
2560.0000	109.4088	8.222
2578.5508	109.4113	68.130
2597.2361	109.4094	128.443
2616.0567	109.4104	-170.762
2635.0137	109.4122	-109.560
2654.1081	109.4134	-47.920
2673.3409	109.4129	14.185
2692.7130	109.4131	76.761
2712.2255	109.4135	139.784
2731.8794	109.4143	-156.767
2751.6758	109.4127	-92.813
2771.6155	109.4143	-28.417
2791.6998	109.4175	36.453
2811.9296	109.4154	101.778
2832.3060	109.4171	167.601
2852.8301	109.4179	-126.101
2873.5028	109.4201	-59.320
2894.3254	109.4176	7.941
2915.2989	109.4198	75.691
2936.4244	109.4222	143.939
2957.7029	109.4263	-147.316
2979.1356	109.4243	-78.061
3000.7237	109.4221	-8.325
3022.4682	109.4275	61.925
3044.3702	109.4239	132.685
3066.4310	109.4285	-156.031
3088.6516	109.4288	-84.213
3111.0332	109.4331	-11.913
3133.5771	109.4313	60.948
3156.2843	109.4314	134.316
3179.1560	109.4324	-151.774
3202.1935	109.4341	-77.337
3225.3979	109.4344	-2.342
3248.7705	109.4357	73.179
3272.3124	109.4348	149.287
3296.0249	109.4365	-134.097
3319.9093	109.4382	-56.887
3343.9667	109.4365	20.850
3368.1985	109.4365	99.187
3392.6058	109.4384	178.074
3417.1900	109.4413	-102.461
3441.9524	109.4352	-22.406
3466.8942	109.4393	58.219
3492.0167	109.4403	139.428
3517.3213	109.4368	-138.792
3542.8093	109.4392	-56.372
3568.4820	109.4402	26.589
3594.3406	109.4409	110.197
3620.3867	109.4385	-165.604
3646.6215	109.4398	-80.798
3673.0465	109.4384	4.639
3699.6629	109.4370	90.702
3726.4721	109.4365	177.378
3753.4757	109.4380	-95.302
3780.6749	109.4367	-7.380
3808.0713	109.4388	81.201
3835.6661	109.4357	170.400
3863.4609	109.4357	-99.708
3891.4572	109.4341	-9.167
3919.6563	109.4327	81.989
3948.0597	109.4323	173.823
3976.6690	109.4309	-93.655
4005.4856	109.4321	-0.505
4034.5110	109.4337	93.382
4063.7467	109.4277	-172.102
4093.1943	109.4295	-76.863
4122.8552	109.4272	19.051
4152.7312	109.4247	115.639
4182.8236	109.4270	-147.039
4213.1340	109.4245	-49.024
4243.6641	109.4241	49.708
4274.4155	109.4221	149.142
4305.3896	109.4244	-110.683
4336.5883	109.4242	-9.793
4368.0130	109.4232	91.826
4399.6654	109.4205	-165.795
4431.5472	109.4214	-62.691
4463.6600	109.4230	41.159
4496.0055	109.4218	145.775
4528.5854	109.4227	-108.881
4561.4014	109.4224	-2.735
4594.4552	109.4209	104.158
4627.7485	109.4241	-148.125
4661.2831	109.4254	-39.680
4695.0607	109.4268	69.584
4729.0830	109.4287	179.604
4763.3519	109.4303	-69.545
4797.8691	109.4288	42.126
4832.6365	109.4337	154.595
4867.6558	109.4317	-92.150
4902.9288	109.4359	21.962
4938.4574	109.4415	136.894
4974.2435	109.4420	-107.322
5010.2890	109.4435	9.295
5046.5956	109.4481	126.745
5083.1653	109.4467	-114.944
5120.0000	109.4492	4.237
5157.1016	109.4555	124.272
5194.4721	109.4583	-114.808
5232.1134	109.4605	6.988
5270.0275	109.4645	129.687
5308.2162	109.4662	-106.736
5346.6818	109.4697	17.730
5385.4260	109.4708	143.104
5424.4510	109.4741	-90.596
5463.7589	109.4770	36.605
5503.3515	109.4813	164.759
5543.2311	109.4818	-66.172
5583.3996	109.4844	63.829
5623.8592	109.4880	-165.233
5664.6120	109.4872	-33.322
5705.6601	109.4902	99.551
5747.0057	109.4892	-126.615
5788.6509	109.4936	8.174
5830.5978	109.4935	143.954
5872.8487	109.4946	-79.277
5915.4058	109.4940	58.486
5958.2713	109.4943	-162.738
6001.4474	109.4907	-22.981
6044.9363	109.4927	117.811
6088.7404	109.4944	-100.373
6132.8620	109.4895	42.469
6177.3032	109.4896	-173.667
6222.0665	109.4864	-28.756
6267.1541	109.4878	117.217
6312.5685	109.4840	-95.739
6358.3120	109.4830	52.339
6404.3869	109.4791	-158.491
6450.7958	109.4775	-8.225
6497.5409	109.4787	143.116
6544.6248	109.4762	-64.463
6592.0498	109.4724	89.073
6639.8185	109.4679	-116.253
6687.9334	109.4670	39.523
6736.3969	109.4651	-163.569
6785.2116	109.4631	-5.523
6834.3801	109.4604	153.685
6883.9048	109.4601	-45.966
6933.7884	109.4573	115.538
6984.0335	109.4554	-81.763
7034.6427	109.4551	82.129
7085.6186	109.4546	-112.817
7136.9639	109.4551	53.441
7188.6813	109.4528	-139.092
7240.7734	109.4556	29.599
7293.2431	109.4539	-160.500
7346.0929	109.4544	10.657
7399.3257	109.4566	-176.923
7452.9443	109.4563	-3.294
7506.9514	109.4543	171.618
7561.3499	109.4583	-12.185
7616.1425	109.4582	165.287
7671.3322	109.4608	-15.962
7726.9219	109.4615	164.106
7782.9143	109.4588	-14.512
7839.3125	109.4620	168.190
7896.1194	109.4630	-7.797
7953.3380	109.4624	177.550
8010.9711	109.4644	4.261
8069.0219	109.4608	-167.659
8127.4934	109.4613	21.776
8186.3886	109.4579	-147.409
8245.7105	109.4557	44.774
8305.4623	109.4555	-121.632
8365.6471	109.4514	73.363
8426.2680	109.4485	-90.217
8487.3283	109.4459	107.619
8548.8309	109.4422	-53.107
8610.7793	109.4383	147.606
8673.1765	109.4361	-10.210
8736.0260	109.4316	-166.572
8799.3308	109.4257	38.547
8863.0944	109.4229	-114.841
8927.3200	109.4180	93.264
8992.0111	109.4135	-57.141
9057.1709	109.4096	153.990
9122.8029	109.4075	6.657
9188.9105	109.4029	-139.146
9255.4971	109.4025	76.617
9322.5662	109.3992	-66.059
9390.1214	109.3988	152.849
9458.1661	109.3995	13.334
9526.7039	109.3991	-124.560
9595.7383	109.4012	99.132
9665.2730	109.4012	-35.525
9735.3115	109.4019	-168.547
9805.8576	109.4070	60.067
9876.9149	109.4104	-69.644
9948.4871	109.4110	162.314
10020.5779	109.4149	35.963
10093.1912	109.4193	-88.682
10166.3306	109.4217	148.367
10240.0000	109.4248	27.152
10314.2033	109.4254	-92.303
10388.9442	109.4297	149.956
10464.2268	109.4315	33.986
10540.0549	109.4362	-80.204
10616.4325	109.4368	167.387
10693.3635	109.4375	56.771
10770.8521	109.4385	-52.017
10848.9021	109.4393	-159.005
10927.5177	109.4361	95.834
11006.7030	109.4358	-7.463
11086.4621	109.4358	-108.887
11166.7992	109.4362	151.547
11247.7184	109.4355	53.872
11329.2240	109.4343	-41.913
11411.3202	109.4347	-135.778
11494.0114	109.4361	132.292
11577.3017	109.4319	42.291
11661.1956	109.4360	-45.740
11745.6975	109.4375	-131.826
11830.8116	109.4377	144.090
11916.5426	109.4422	62.041
12002.8947	109.4441	-18.001
12089.8727	109.4465	-96.047
12177.4809	109.4534	-172.023
12265.7239	109.4559	114.066
12354.6064	109.4588	42.245
12444.1330	109.4658	-27.484
12534.3083	109.4709	-95.101
12625.1370	109.4715	-160.591
12716.6240	109.4766	136.054
12808.7739	109.4737	74.844
12901.5916	109.4811	15.832
12995.0818	109.4758	-41.023
13089.2495	109.4787	-95.664
13184.0996	109.4762	-148.115
13279.6370	109.4710	161.706
13375.8668	109.4674	113.728
13472.7938	109.4641	68.040
13570.4232	109.4606	24.625
13668.7601	109.4505	-16.514
13767.8096	109.4453	-55.345
13867.5768	109.4397	-91.842
13968.0670	109.4369	-126.030
14069.2853	109.4331	-157.795
14171.2372	109.4270	172.775
14273.9278	109.4258	145.727
14377.3626	109.4212	121.149
14481.5469	109.4211	98.958
14586.4861	109.4242	79.233
14692.1858	109.4203	61.975
14798.6515	109.4218	47.212
14905.8886	109.4210	34.968
15013.9028	109.4205	25.238
15122.6997	109.4232	18.057
15232.2851	109.4206	13.461
15342.6645	109.4165	11.395
15453.8437	109.4141	11.967
15565.8287	109.4128	15.126
15678.6251	109.4079	20.926
15792.2389	109.4029	29.370
15906.6759	109.3962	40.487
16021.9423	109.3915	54.304
16138.0439	109.3883	70.778
16254.9868	109.3850	89.981
16372.7771	109.3798	111.936
16491.4210	109.3762	136.673
16610.9246	109.3753	164.177
16731.2942	109.3802	-165.531
16852.5361	109.3808	-132.375
16974.6565	109.3854	-96.366
17097.6619	109.3888	-57.497
17221.5586	109.3962	-15.737
17346.3531	109.3990	28.947
17472.0519	109.4070	76.588
17598.6616	109.4097	127.159
17726.1888	109.4117	-179.261
17854.6400	109.4152	-122.727
17984.0221	109.4175	-63.145
18114.3418	109.4161	-0.533
18245.6057	109.4167	65.136
18377.8209	109.4162	133.881
18510.9942	109.4120	-154.279
18645.1325	109.4074	-79.333
18780.2428	109.4070	-1.217
18916.3322	109.4059	80.031
19053.4077	109.4024	164.494
19191.4766	109.4043	-107.817
19330.5459	109.4030	-16.900
19470.6230	109.4072	77.300
19611.7152	109.4068	174.768
19753.8298	109.4050	-84.387
19896.9742	109.4083	19.762
