* Helix DSP Ultra S, output layer - one step up from zero (nominally 5.625 deg).
* ELECTRICAL loop, no microphone: Scarlett 2i2 out L -> Helix line in,
* Helix line out -> Scarlett in 1; out R -> in 2 direct as the timing
* reference, timing offset 0. Everything else in the channel off; no gain,
* level or routing changed within a set, so the ratio to the set's reference
* is the filter alone.
* REW V5.40 beta 132 measurement #96 't1_step1_hp3000_mid', 2026-Sep-02 13:52:27, 512k sweep, 1 average, 96 kHz,
* 10 Hz - 30 kHz, loopback timing reference. SNR 42.1 dB, delay 0.4266 ms.
* Levels are REW's electrical dB (splOffset 102.34); only ratios within a set carry meaning.
* frequency_Hz<TAB>dB<TAB>phase_deg - REW's UNSMOOTHED raw spectrum (linear bins) resampled to 1/96 octave by complex averaging within each cell,
* with the measurement's own delay removed before averaging and restored after, so the cell average carries no rotation loss.
20.0000	87.8285	62.961
20.1449	87.8514	62.529
20.2909	87.8750	62.081
20.4379	87.9097	61.451
20.5860	87.9219	61.210
20.7352	87.9455	60.774
20.8855	87.9676	60.371
21.0368	87.9921	59.899
21.1893	88.0232	59.324
21.3428	88.0374	59.022
21.4975	88.0589	58.582
21.6532	88.0742	58.268
21.8102	88.0993	57.709
21.9682	88.1197	57.264
22.1274	88.1368	56.851
22.2877	88.1606	56.302
22.4492	88.1721	56.015
22.6119	88.1894	55.606
22.7758	88.1994	55.363
22.9408	88.2243	54.805
23.1071	88.2382	54.488
23.2745	88.2600	54.017
23.4432	88.2776	53.638
23.6130	88.2961	53.233
23.7841	88.3165	52.800
23.9565	88.3318	52.450
24.1301	88.3534	51.976
24.3049	88.3659	51.670
24.4811	88.3876	51.172
24.6585	88.3983	50.901
24.8372	88.4199	50.394
25.0171	88.4298	50.146
25.1984	88.4517	49.641
25.3810	88.4615	49.403
25.5649	88.4839	48.906
25.7502	88.4940	48.665
25.9368	88.5160	48.178
26.1247	88.5264	47.923
26.3141	88.5469	47.454
26.5047	88.5576	47.177
26.6968	88.5755	46.738
26.8903	88.5867	46.432
27.0851	88.6018	46.037
27.2814	88.6140	45.698
27.4791	88.6266	45.356
27.6782	88.6408	44.974
27.8788	88.6511	44.691
28.0808	88.6676	44.256
28.2843	88.6754	44.035
28.4892	88.6987	43.417
28.6957	88.7062	43.178
28.9036	88.7200	42.777
29.1131	88.7294	42.465
29.3240	88.7391	42.153
29.5365	88.7508	41.769
29.7506	88.7571	41.552
29.9661	88.7754	41.007
30.1833	88.7836	40.764
30.4020	88.7951	40.444
30.6223	88.8079	40.106
30.8442	88.8158	39.886
31.0677	88.8365	39.363
31.2929	88.8453	39.109
31.5196	88.8561	38.808
31.7480	88.8742	38.296
31.9781	88.8796	38.110
32.2098	88.8911	37.760
32.4432	88.9006	37.456
32.6783	88.9072	37.236
32.9151	88.9228	36.759
33.1536	88.9306	36.494
33.3939	88.9376	36.256
33.6359	88.9518	35.802
33.8796	88.9590	35.557
34.1251	88.9659	35.324
34.3724	88.9803	34.893
34.6215	88.9884	34.644
34.8723	88.9954	34.427
35.1250	89.0102	33.999
35.3796	89.0184	33.722
35.6359	89.0237	33.532
35.8942	89.0353	33.110
36.1543	89.0454	32.704
36.4163	89.0499	32.509
36.6802	89.0555	32.274
36.9460	89.0670	31.896
37.2137	89.0749	31.647
37.4834	89.0798	31.478
37.7550	89.0930	31.094
38.0286	89.1049	30.705
38.3041	89.1107	30.457
38.5817	89.1147	30.276
38.8613	89.1226	29.901
39.1429	89.1299	29.544
39.4265	89.1379	29.201
39.7122	89.1420	29.029
40.0000	89.1472	28.823
40.2899	89.1576	28.489
40.5818	89.1683	28.151
40.8759	89.1783	27.812
41.1721	89.1820	27.641
41.4704	89.1870	27.427
41.7710	89.1943	27.095
42.0736	89.2007	26.775
42.3785	89.2069	26.468
42.6856	89.2109	26.282
42.9949	89.2141	26.126
43.3065	89.2228	25.836
43.6203	89.2327	25.542
43.9364	89.2428	25.238
44.2548	89.2514	24.927
44.5755	89.2578	24.616
44.8985	89.2622	24.316
45.2238	89.2640	24.151
45.5515	89.2660	23.982
45.8816	89.2707	23.712
46.2141	89.2769	23.447
46.5490	89.2844	23.179
46.8863	89.2920	22.905
47.2261	89.2988	22.627
47.5683	89.3046	22.351
47.9130	89.3096	22.080
48.2602	89.3144	21.816
48.6099	89.3193	21.558
48.9621	89.3246	21.305
49.3169	89.3302	21.055
49.6743	89.3365	20.808
50.0343	89.3434	20.559
50.3968	89.3505	20.307
50.7620	89.3571	20.049
51.1299	89.3623	19.788
51.5004	89.3656	19.531
51.8736	89.3675	19.288
52.2495	89.3695	19.061
52.6281	89.3731	18.846
53.0095	89.3790	18.634
53.3936	89.3866	18.412
53.7805	89.3942	18.175
54.1702	89.4000	17.926
54.5628	89.4029	17.675
54.9581	89.4035	17.437
55.3564	89.4031	17.216
55.7575	89.4037	17.013
56.1616	89.4062	16.819
56.5685	89.4139	16.555
56.9785	89.4232	16.273
57.3914	89.4290	16.053
57.8072	89.4337	15.827
58.2261	89.4370	15.600
58.6481	89.4388	15.377
59.0730	89.4397	15.163
59.5011	89.4410	14.895
59.9323	89.4444	14.643
60.3666	89.4484	14.454
60.8040	89.4532	14.260
61.2446	89.4581	14.061
61.6884	89.4648	13.788
62.1355	89.4705	13.511
62.5857	89.4734	13.302
63.0392	89.4752	13.095
63.4960	89.4766	12.834
63.9562	89.4784	12.589
64.4196	89.4809	12.408
64.8864	89.4842	12.222
65.3566	89.4885	11.971
65.8302	89.4906	11.723
66.3073	89.4913	11.546
66.7877	89.4946	11.332
67.2717	89.5009	11.118
67.7592	89.5061	10.940
68.2502	89.5127	10.697
68.7448	89.5176	10.450
69.2429	89.5199	10.262
69.7447	89.5225	10.020
70.2501	89.5239	9.781
70.7591	89.5240	9.601
71.2719	89.5244	9.383
71.7884	89.5260	9.173
72.3086	89.5293	8.957
72.8325	89.5322	8.732
73.3603	89.5330	8.509
73.8919	89.5335	8.302
74.4274	89.5353	8.144
74.9667	89.5407	7.941
75.5099	89.5464	7.718
76.0571	89.5490	7.489
76.6083	89.5506	7.276
77.1634	89.5548	7.074
77.7226	89.5622	6.804
78.2858	89.5637	6.566
78.8531	89.5617	6.354
79.4245	89.5612	6.168
80.0000	89.5641	5.983
80.5797	89.5669	5.788
81.1636	89.5690	5.600
81.7518	89.5748	5.384
82.3442	89.5802	5.178
82.9409	89.5818	4.959
83.5419	89.5810	4.758
84.1473	89.5825	4.576
84.7570	89.5870	4.342
85.3712	89.5879	4.129
85.9899	89.5867	3.937
86.6130	89.5896	3.725
87.2406	89.5943	3.480
87.8728	89.5941	3.264
88.5096	89.5926	3.074
89.1509	89.5955	2.869
89.7970	89.6021	2.634
90.4477	89.6048	2.412
91.1031	89.6033	2.195
91.7633	89.5992	1.983
92.4282	89.6013	1.814
93.0980	89.6117	1.613
93.7726	89.6175	1.392
94.4521	89.6155	1.175
95.1366	89.6110	0.986
95.8260	89.6158	0.820
96.5204	89.6224	0.597
97.2198	89.6212	0.371
97.9243	89.6208	0.188
98.6339	89.6264	-0.013
99.3486	89.6288	-0.254
100.0685	89.6259	-0.477
100.7937	89.6248	-0.670
101.5241	89.6273	-0.865
102.2598	89.6307	-1.073
103.0008	89.6335	-1.287
103.7472	89.6351	-1.499
104.4990	89.6364	-1.705
105.2562	89.6374	-1.908
106.0189	89.6379	-2.106
106.7872	89.6389	-2.303
107.5610	89.6394	-2.504
108.3404	89.6397	-2.699
109.1255	89.6425	-2.932
109.9163	89.6388	-3.184
110.7128	89.6347	-3.352
111.5151	89.6413	-3.516
112.3231	89.6494	-3.751
113.1371	89.6471	-4.009
113.9569	89.6475	-4.205
114.7827	89.6520	-4.406
115.6145	89.6536	-4.617
116.4523	89.6538	-4.829
117.2961	89.6561	-5.032
118.1461	89.6597	-5.240
119.0022	89.6580	-5.491
119.8646	89.6529	-5.692
120.7332	89.6559	-5.867
121.6080	89.6599	-6.099
122.4893	89.6598	-6.325
123.3769	89.6606	-6.532
124.2709	89.6637	-6.727
125.1714	89.6702	-6.961
126.0785	89.6674	-7.211
126.9921	89.6658	-7.398
127.9123	89.6691	-7.622
128.8392	89.6656	-7.837
129.7728	89.6695	-8.021
130.7132	89.6754	-8.261
131.6604	89.6759	-8.495
132.6145	89.6759	-8.703
133.5755	89.6798	-8.896
134.5434	89.6867	-9.124
135.5184	89.6826	-9.360
136.5004	89.6806	-9.548
137.4895	89.6841	-9.767
138.4858	89.6837	-10.007
139.4894	89.6826	-10.266
140.5002	89.6791	-10.515
141.5183	89.6777	-10.714
142.5438	89.6839	-10.904
143.5767	89.6917	-11.155
144.6171	89.6912	-11.378
145.6651	89.6956	-11.594
146.7206	89.6923	-11.825
147.7838	89.6934	-12.028
148.8547	89.6920	-12.278
149.9334	89.6850	-12.472
151.0199	89.6908	-12.663
152.1142	89.6955	-12.922
153.2165	89.6976	-13.164
154.3268	89.6985	-13.402
155.4451	89.7043	-13.637
156.5715	89.7034	-13.936
157.7061	89.6971	-14.143
158.8489	89.6995	-14.374
160.0000	89.6948	-14.606
161.1594	89.6976	-14.804
162.3273	89.6989	-15.047
163.5035	89.7022	-15.242
164.6884	89.7105	-15.502
165.8818	89.7108	-15.734
167.0838	89.7147	-15.991
168.2946	89.7090	-16.223
169.5141	89.7163	-16.455
170.7425	89.7116	-16.722
171.9797	89.7123	-16.947
173.2260	89.7096	-17.202
174.4812	89.7134	-17.435
175.7456	89.7125	-17.711
177.0191	89.7143	-17.934
178.3019	89.7197	-18.202
179.5939	89.7172	-18.463
180.8953	89.7162	-18.699
182.2062	89.7126	-18.923
183.5265	89.7195	-19.146
184.8564	89.7169	-19.456
186.1960	89.7133	-19.681
187.5452	89.7206	-19.926
188.9043	89.7236	-20.224
190.2731	89.7215	-20.469
191.6519	89.7244	-20.748
193.0407	89.7177	-20.985
194.4396	89.7220	-21.227
195.8486	89.7182	-21.496
197.2678	89.7206	-21.760
198.6972	89.7197	-22.019
200.1371	89.7218	-22.310
201.5874	89.7249	-22.530
203.0482	89.7291	-22.833
204.5195	89.7303	-23.091
206.0016	89.7301	-23.360
207.4943	89.7288	-23.643
208.9979	89.7283	-23.883
210.5124	89.7311	-24.161
212.0379	89.7294	-24.462
213.5744	89.7278	-24.680
215.1220	89.7346	-24.972
216.6809	89.7298	-25.265
218.2510	89.7303	-25.529
219.8326	89.7359	-25.826
221.4256	89.7309	-26.155
223.0301	89.7361	-26.396
224.6463	89.7363	-26.625
226.2742	89.7504	-26.977
227.9138	89.7359	-27.267
229.5654	89.7355	-27.569
231.2289	89.7276	-27.821
232.9045	89.7374	-28.127
234.5922	89.7362	-28.456
236.2922	89.7318	-28.731
238.0045	89.7368	-29.015
239.7291	89.7458	-29.321
241.4663	89.7431	-29.679
243.2161	89.7405	-29.925
244.9785	89.7446	-30.210
246.7537	89.7375	-30.502
248.5418	89.7403	-30.841
250.3428	89.7394	-31.132
252.1569	89.7432	-31.453
253.9842	89.7374	-31.691
255.8246	89.7440	-32.030
257.6785	89.7402	-32.401
259.5457	89.7473	-32.770
261.4265	89.7626	-33.079
263.3209	89.7454	-33.296
265.2290	89.7359	-33.481
267.1510	89.7019	-34.267
269.0869	89.6792	-34.142
271.0368	89.7125	-34.629
273.0008	89.7465	-34.991
274.9791	89.7512	-35.282
276.9717	89.7525	-35.644
278.9788	89.7487	-35.953
281.0003	89.7464	-36.389
283.0366	89.7439	-36.635
285.0876	89.7499	-36.988
287.1535	89.7482	-37.296
289.2343	89.7597	-37.674
291.3302	89.7546	-38.060
293.4413	89.7560	-38.346
295.5677	89.7561	-38.723
297.7095	89.7547	-39.047
299.8668	89.7541	-39.398
302.0398	89.7552	-39.773
304.2285	89.7533	-40.138
306.4330	89.7569	-40.497
308.6536	89.7566	-40.834
310.8902	89.7600	-41.268
313.1431	89.7594	-41.565
315.4122	89.7582	-41.964
317.6978	89.7598	-42.325
320.0000	89.7572	-42.698
322.3189	89.7616	-43.077
324.6545	89.7664	-43.489
327.0071	89.7635	-43.862
329.3767	89.7635	-44.204
331.7635	89.7650	-44.598
334.1676	89.7649	-45.033
336.5891	89.7610	-45.394
339.0282	89.7667	-45.777
341.4849	89.7615	-46.146
343.9595	89.7654	-46.568
346.4519	89.7613	-46.931
348.9625	89.7623	-47.355
351.4912	89.7689	-47.762
354.0383	89.7669	-48.213
356.6038	89.7647	-48.553
359.1879	89.7647	-48.951
361.7907	89.7661	-49.332
364.4124	89.7707	-49.811
367.0530	89.7692	-50.177
369.7129	89.7678	-50.650
372.3920	89.7624	-51.076
375.0905	89.7695	-51.538
377.8085	89.7667	-51.974
380.5463	89.7706	-52.347
383.3039	89.7691	-52.788
386.0814	89.7687	-53.252
388.8792	89.7689	-53.712
391.6971	89.7727	-54.147
394.5355	89.7729	-54.537
397.3945	89.7669	-54.982
400.2742	89.7705	-55.470
403.1747	89.7671	-55.931
406.0963	89.7693	-56.375
409.0390	89.7719	-56.844
412.0031	89.7709	-57.310
414.9887	89.7745	-57.777
417.9958	89.7719	-58.251
421.0248	89.7687	-58.729
424.0757	89.7728	-59.212
427.1488	89.7768	-59.698
430.2440	89.7766	-60.168
433.3618	89.7794	-60.654
436.5021	89.7780	-61.156
439.6652	89.7766	-61.611
442.8512	89.7775	-62.129
446.0602	89.7835	-62.635
449.2926	89.7815	-63.138
452.5483	89.7784	-63.628
455.8277	89.7765	-64.118
459.1308	89.7768	-64.696
462.4579	89.7778	-65.198
465.8090	89.7791	-65.675
469.1845	89.7755	-66.183
472.5844	89.7782	-66.714
476.0089	89.7824	-67.274
479.4583	89.7808	-67.770
482.9326	89.7798	-68.314
486.4321	89.7762	-68.863
489.9570	89.7830	-69.383
493.5075	89.7868	-69.905
497.0836	89.7813	-70.505
500.6857	89.7833	-71.067
504.3139	89.7820	-71.651
507.9683	89.7776	-72.168
511.6493	89.7838	-72.744
515.3569	89.7843	-73.282
519.0914	89.7897	-73.901
522.8529	89.7823	-74.452
526.6418	89.7830	-75.008
530.4580	89.7902	-75.602
534.3019	89.7850	-76.162
538.1737	89.7870	-76.837
542.0735	89.7830	-77.396
546.0016	89.7850	-77.995
549.9582	89.7875	-78.583
553.9434	89.7873	-79.190
557.9575	89.7892	-79.822
562.0007	89.7910	-80.445
566.0732	89.7892	-81.027
570.1752	89.7881	-81.682
574.3069	89.7871	-82.279
578.4686	89.7889	-82.880
582.6604	89.7951	-83.605
586.8826	89.7935	-84.237
591.1354	89.7928	-84.869
595.4190	89.7934	-85.537
599.7336	89.7961	-86.169
604.0796	89.7903	-86.836
608.4570	89.7923	-87.472
612.8661	89.7940	-88.174
617.3072	89.7901	-88.849
621.7804	89.7934	-89.531
626.2861	89.7956	-90.188
630.8244	89.7929	-90.863
635.3957	89.7943	-91.553
640.0000	89.7968	-92.244
644.6377	89.7985	-92.988
649.3090	89.7900	-93.672
654.0142	89.7981	-94.377
658.7534	89.7969	-95.097
663.5270	89.7979	-95.834
668.3352	89.8002	-96.521
673.1783	89.8000	-97.285
678.0564	89.7963	-98.015
682.9699	89.7941	-98.739
687.9189	89.8066	-99.497
692.9039	89.8031	-100.269
697.9249	89.7976	-100.976
702.9824	89.7985	-101.803
708.0765	89.8064	-102.563
713.2075	89.8022	-103.304
718.3757	89.8031	-104.102
723.5814	89.8014	-104.839
728.8247	89.8004	-105.650
734.1061	89.8025	-106.441
739.4257	89.8044	-107.255
744.7839	89.8055	-108.070
750.1809	89.8066	-108.842
755.6170	89.8033	-109.655
761.0926	89.8053	-110.500
766.6077	89.8088	-111.345
772.1629	89.8096	-112.164
777.7583	89.8082	-113.004
783.3943	89.8083	-113.875
789.0711	89.8080	-114.715
794.7890	89.8118	-115.564
800.5484	89.8066	-116.431
806.3495	89.8093	-117.249
812.1926	89.8059	-118.174
818.0781	89.8110	-119.031
824.0062	89.8141	-119.927
829.9773	89.8126	-120.823
835.9917	89.8138	-121.695
842.0496	89.8081	-122.621
848.1515	89.8086	-123.559
854.2975	89.8085	-124.441
860.4881	89.8049	-125.381
866.7236	89.8092	-126.327
873.0042	89.8114	-127.254
879.3303	89.8167	-128.188
885.7023	89.8111	-129.164
892.1205	89.8086	-130.100
898.5852	89.8111	-131.102
905.0967	89.8031	-132.075
911.6554	89.8098	-133.007
918.2616	89.8150	-134.010
924.9157	89.8156	-135.004
931.6180	89.8154	-136.004
938.3689	89.8209	-137.026
945.1687	89.8128	-138.026
952.0178	89.8178	-139.063
958.9165	89.8176	-140.084
965.8652	89.8170	-141.108
972.8643	89.8144	-142.169
979.9141	89.8140	-143.183
987.0149	89.8093	-144.263
994.1672	89.8116	-145.327
1001.3714	89.8128	-146.414
1008.6277	89.8097	-147.446
1015.9367	89.8126	-148.562
1023.2986	89.8133	-149.645
1030.7138	89.8165	-150.746
1038.1828	89.8180	-151.875
1045.7059	89.8142	-152.994
1053.2835	89.8207	-154.159
1060.9160	89.8166	-155.234
1068.6039	89.8180	-156.316
1076.3474	89.8183	-157.584
1084.1471	89.8203	-158.697
1092.0032	89.8207	-159.866
1099.9164	89.8217	-161.033
1107.8868	89.8145	-162.263
1115.9150	89.8156	-163.439
1124.0014	89.8228	-164.665
1132.1464	89.8173	-165.859
1140.3504	89.8188	-167.081
1148.6138	89.8167	-168.275
1156.9371	89.8150	-169.492
1165.3208	89.8165	-170.763
1173.7652	89.8160	-171.973
1182.2708	89.8185	-173.271
1190.8380	89.8140	-174.535
1199.4673	89.8108	-175.811
1208.1591	89.8185	-177.124
1216.9139	89.8135	-178.432
1225.7322	89.8203	-179.758
1234.6144	89.8125	178.944
1243.5609	89.8161	177.652
1252.5722	89.8150	176.329
1261.6489	89.8160	174.961
1270.7913	89.8136	173.601
1280.0000	89.8166	172.205
1289.2754	89.8113	170.857
1298.6180	89.8132	169.490
1308.0284	89.8122	168.114
1317.5069	89.8158	166.699
1327.0541	89.8096	165.282
1336.6704	89.8092	163.875
1346.3565	89.8165	162.401
1356.1128	89.8121	160.950
1365.9397	89.8113	159.503
1375.8379	89.8063	158.004
1385.8078	89.8086	156.541
1395.8499	89.8114	155.102
1405.9648	89.8100	153.612
1416.1530	89.8150	152.077
1426.4150	89.8098	150.547
1436.7514	89.8091	149.001
1447.1627	89.8102	147.494
1457.6495	89.8092	145.931
1468.2122	89.8065	144.371
1478.8515	89.8097	142.828
1489.5678	89.8072	141.217
1500.3618	89.8056	139.609
1511.2341	89.8052	138.046
1522.1851	89.7996	136.374
1533.2155	89.8026	134.739
1544.3258	89.8028	133.097
1555.5166	89.7972	131.463
1566.7885	89.7974	129.765
1578.1421	89.7985	128.093
1589.5780	89.8013	126.405
1601.0967	89.7987	124.672
1612.6989	89.7993	122.982
1624.3852	89.8015	121.258
1636.1562	89.7942	119.495
1648.0125	89.7941	117.773
1659.9546	89.7901	115.997
1671.9833	89.7922	114.186
1684.0992	89.7890	112.403
1696.3029	89.7891	110.601
1708.5950	89.7896	108.749
1720.9762	89.7887	106.918
1733.4471	89.7889	105.109
1746.0084	89.7817	103.228
1758.6607	89.7821	101.348
1771.4046	89.7843	99.465
1784.2410	89.7834	97.552
1797.1703	89.7827	95.650
1810.1934	89.7866	93.716
1823.3108	89.7792	91.798
1836.5232	89.7810	89.835
1849.8314	89.7781	87.854
1863.2361	89.7801	85.868
1876.7379	89.7750	83.889
1890.3375	89.7746	81.846
1904.0356	89.7678	79.795
1917.8331	89.7689	77.761
1931.7305	89.7720	75.754
1945.7286	89.7716	73.620
1959.8281	89.7650	71.499
1974.0299	89.7672	69.452
1988.3345	89.7697	67.287
2002.7428	89.7610	65.173
2017.2555	89.7613	63.047
2031.8733	89.7621	60.883
2046.5971	89.7590	58.692
2061.4276	89.7552	56.496
2076.3656	89.7570	54.280
2091.4118	89.7535	52.028
2106.5670	89.7576	49.773
2121.8321	89.7577	47.514
2137.2077	89.7535	45.250
2152.6948	89.7552	42.940
2168.2941	89.7553	40.633
2184.0065	89.7512	38.275
2199.8327	89.7521	35.955
2215.7736	89.7492	33.564
2231.8300	89.7476	31.221
2248.0028	89.7514	28.788
2264.2927	89.7472	26.371
2280.7007	89.7480	23.955
2297.2276	89.7466	21.477
2313.8743	89.7456	19.018
2330.6416	89.7429	16.509
2347.5304	89.7432	14.005
2364.5415	89.7459	11.496
2381.6760	89.7411	8.978
2398.9346	89.7436	6.387
2416.3182	89.7472	3.802
2433.8279	89.7358	1.197
2451.4644	89.7441	-1.401
2469.2287	89.7431	-4.045
2487.1218	89.7407	-6.706
2505.1445	89.7429	-9.375
2523.2978	89.7414	-12.050
2541.5826	89.7388	-14.782
2560.0000	89.7437	-17.534
2578.5508	89.7417	-20.272
2597.2361	89.7420	-23.063
2616.0567	89.7408	-25.810
2635.0137	89.7376	-28.665
2654.1081	89.7417	-31.461
2673.3409	89.7375	-34.331
2692.7130	89.7413	-37.202
2712.2255	89.7430	-40.118
2731.8794	89.7428	-43.010
2751.6758	89.7453	-45.969
2771.6155	89.7431	-48.940
2791.6998	89.7463	-51.887
2811.9296	89.7514	-54.875
2832.3060	89.7493	-57.930
2852.8301	89.7484	-60.970
2873.5028	89.7513	-64.018
2894.3254	89.7494	-67.112
2915.2989	89.7522	-70.185
2936.4244	89.7562	-73.376
2957.7029	89.7550	-76.525
2979.1356	89.7562	-79.651
3000.7237	89.7558	-82.891
3022.4682	89.7620	-86.086
3044.3702	89.7590	-89.336
3066.4310	89.7605	-92.582
3088.6516	89.7599	-95.896
3111.0332	89.7650	-99.198
3133.5771	89.7640	-102.544
3156.2843	89.7676	-105.874
3179.1560	89.7668	-109.262
3202.1935	89.7697	-112.696
3225.3979	89.7729	-116.096
3248.7705	89.7687	-119.539
3272.3124	89.7756	-123.031
3296.0249	89.7729	-126.590
3319.9093	89.7749	-130.073
3343.9667	89.7778	-133.643
3368.1985	89.7813	-137.212
3392.6058	89.7784	-140.825
3417.1900	89.7805	-144.460
3441.9524	89.7815	-148.122
3466.8942	89.7825	-151.800
3492.0167	89.7816	-155.541
3517.3213	89.7798	-159.227
3542.8093	89.7836	-163.019
3568.4820	89.7849	-166.800
3594.3406	89.7843	-170.621
3620.3867	89.7835	-174.483
3646.6215	89.7826	-178.344
3673.0465	89.7860	177.743
3699.6629	89.7853	173.844
3726.4721	89.7863	169.899
3753.4757	89.7858	165.876
3780.6749	89.7865	161.854
3808.0713	89.7870	157.831
3835.6661	89.7891	153.740
3863.4609	89.7839	149.629
3891.4572	89.7821	145.474
3919.6563	89.7851	141.338
3948.0597	89.7847	137.120
3976.6690	89.7801	132.868
4005.4856	89.7801	128.647
4034.5110	89.7825	124.318
4063.7467	89.7800	120.000
4093.1943	89.7767	115.630
4122.8552	89.7769	111.235
4152.7312	89.7757	106.844
4182.8236	89.7740	102.360
4213.1340	89.7710	97.880
4243.6641	89.7735	93.373
4274.4155	89.7714	88.794
4305.3896	89.7698	84.207
4336.5883	89.7691	79.569
4368.0130	89.7668	74.924
4399.6654	89.7666	70.258
4431.5472	89.7668	65.498
4463.6600	89.7642	60.734
4496.0055	89.7616	55.911
4528.5854	89.7614	51.093
4561.4014	89.7608	46.218
4594.4552	89.7588	41.286
4627.7485	89.7603	36.347
4661.2831	89.7546	31.359
4695.0607	89.7609	26.352
4729.0830	89.7591	21.247
4763.3519	89.7609	16.183
4797.8691	89.7622	11.019
4832.6365	89.7626	5.864
4867.6558	89.7619	0.646
4902.9288	89.7628	-4.595
4938.4574	89.7698	-9.875
4974.2435	89.7663	-15.201
5010.2890	89.7652	-20.573
5046.5956	89.7693	-25.987
5083.1653	89.7707	-31.418
5120.0000	89.7710	-36.914
5157.1016	89.7750	-42.413
5194.4721	89.7824	-48.002
5232.1134	89.7845	-53.569
5270.0275	89.7858	-59.207
5308.2162	89.7885	-64.909
5346.6818	89.7874	-70.633
5385.4260	89.7925	-76.388
5424.4510	89.7956	-82.198
5463.7589	89.7996	-88.026
5503.3515	89.8072	-93.942
5543.2311	89.8088	-99.832
5583.3996	89.8091	-105.798
5623.8592	89.8140	-111.824
5664.6120	89.8196	-117.877
5705.6601	89.8206	-123.966
5747.0057	89.8256	-130.120
5788.6509	89.8290	-136.273
5830.5978	89.8289	-142.490
5872.8487	89.8291	-148.745
5915.4058	89.8303	-155.079
5958.2713	89.8371	-161.437
6001.4474	89.8438	-167.831
6044.9363	89.8391	-174.317
6088.7404	89.8394	179.205
6132.8620	89.8389	172.687
6177.3032	89.8415	166.057
6222.0665	89.8423	159.408
6267.1541	89.8435	152.721
6312.5685	89.8378	145.997
6358.3120	89.8380	139.185
6404.3869	89.8379	132.336
6450.7958	89.8375	125.447
6497.5409	89.8293	118.506
6544.6248	89.8254	111.485
6592.0498	89.8239	104.418
6639.8185	89.8202	97.282
6687.9334	89.8144	90.124
6736.3969	89.8103	82.927
6785.2116	89.8089	75.623
6834.3801	89.8048	68.306
6883.9048	89.8023	60.880
6933.7884	89.7994	53.442
6984.0335	89.7963	45.946
7034.6427	89.7950	38.377
7085.6186	89.7898	30.732
7136.9639	89.7886	23.041
7188.6813	89.7864	15.311
7240.7734	89.7841	7.506
7293.2431	89.7819	-0.344
7346.0929	89.7766	-8.290
7399.3257	89.7755	-16.239
7452.9443	89.7818	-24.267
7506.9514	89.7772	-32.380
7561.3499	89.7766	-40.528
7616.1425	89.7792	-48.752
7671.3322	89.7832	-56.991
7726.9219	89.7822	-65.378
7782.9143	89.7805	-73.708
7839.3125	89.7872	-82.175
7896.1194	89.7850	-90.681
7953.3380	89.7879	-99.286
8010.9711	89.7860	-107.864
8069.0219	89.7955	-116.602
8127.4934	89.7891	-125.366
8186.3886	89.7928	-134.187
8245.7105	89.7947	-143.053
8305.4623	89.7940	-152.000
8365.6471	89.7923	-161.012
8426.2680	89.7916	-170.123
8487.3283	89.7965	-179.289
8548.8309	89.7882	171.528
8610.7793	89.7909	162.255
8673.1765	89.7849	152.891
8736.0260	89.7831	143.475
8799.3308	89.7793	133.935
8863.0944	89.7750	124.381
8927.3200	89.7694	114.717
8992.0111	89.7650	104.999
9057.1709	89.7632	95.171
9122.8029	89.7542	85.261
9188.9105	89.7476	75.298
9255.4971	89.7458	65.254
9322.5662	89.7393	55.104
9390.1214	89.7370	44.890
9458.1661	89.7350	34.606
9526.7039	89.7333	24.231
9595.7383	89.7282	13.769
9665.2730	89.7289	3.227
9735.3115	89.7295	-7.377
9805.8576	89.7269	-18.095
9876.9149	89.7294	-28.863
9948.4871	89.7326	-39.760
10020.5779	89.7321	-50.686
10093.1912	89.7373	-61.723
10166.3306	89.7418	-72.829
10240.0000	89.7476	-84.027
10314.2033	89.7546	-95.291
10388.9442	89.7568	-106.673
10464.2268	89.7658	-118.098
10540.0549	89.7695	-129.605
10616.4325	89.7730	-141.229
10693.3635	89.7770	-152.914
10770.8521	89.7817	-164.703
10848.9021	89.7839	-176.575
10927.5177	89.7832	171.457
11006.7030	89.7875	159.389
11086.4621	89.7884	147.225
11166.7992	89.7807	134.976
11247.7184	89.7842	122.625
11329.2240	89.7824	110.135
11411.3202	89.7804	97.571
11494.0114	89.7774	84.892
11577.3017	89.7753	72.103
11661.1956	89.7770	59.231
11745.6975	89.7727	46.219
11830.8116	89.7727	33.108
11916.5426	89.7729	19.922
12002.8947	89.7746	6.576
12089.8727	89.7734	-6.847
12177.4809	89.7765	-20.396
12265.7239	89.7827	-34.045
12354.6064	89.7848	-47.800
12444.1330	89.7871	-61.644
12534.3083	89.7937	-75.606
12625.1370	89.8012	-89.669
12716.6240	89.8034	-103.850
12808.7739	89.8031	-118.114
12901.5916	89.8098	-132.521
12995.0818	89.8174	-146.997
13089.2495	89.8153	-161.629
13184.0996	89.8176	-176.331
13279.6370	89.8139	168.800
13375.8668	89.8073	153.824
13472.7938	89.8058	138.733
13570.4232	89.8026	123.521
13668.7601	89.7921	108.166
13767.8096	89.7848	92.681
13867.5768	89.7816	77.041
13968.0670	89.7703	61.293
14069.2853	89.7641	45.403
14171.2372	89.7558	29.368
14273.9278	89.7552	13.202
14377.3626	89.7482	-3.084
14481.5469	89.7473	-19.539
14586.4861	89.7440	-36.094
14692.1858	89.7474	-52.767
14798.6515	89.7458	-69.568
14905.8886	89.7490	-86.533
15013.9028	89.7483	-103.565
15122.6997	89.7546	-120.787
15232.2851	89.7513	-138.096
15342.6645	89.7511	-155.576
15453.8437	89.7485	-173.174
15565.8287	89.7439	169.108
15678.6251	89.7410	151.227
15792.2389	89.7362	133.194
15906.6759	89.7264	114.994
16021.9423	89.7219	96.713
16138.0439	89.7150	78.226
16254.9868	89.7072	59.569
16372.7771	89.7021	40.778
16491.4210	89.7055	21.841
16610.9246	89.7055	2.719
16731.2942	89.7040	-16.556
16852.5361	89.7082	-35.919
16974.6565	89.7114	-55.435
17097.6619	89.7187	-75.082
17221.5586	89.7258	-94.876
17346.3531	89.7394	-114.835
17472.0519	89.7380	-134.878
17598.6616	89.7448	-155.087
17726.1888	89.7469	-175.425
17854.6400	89.7500	164.071
17984.0221	89.7488	143.412
18114.3418	89.7446	122.601
18245.6057	89.7401	101.611
18377.8209	89.7383	80.493
18510.9942	89.7338	59.207
18645.1325	89.7328	37.727
18780.2428	89.7367	16.140
18916.3322	89.7324	-5.618
19053.4077	89.7342	-27.519
19191.4766	89.7399	-49.548
19330.5459	89.7428	-71.732
19470.6230	89.7485	-94.046
19611.7152	89.7523	-116.492
19753.8298	89.7535	-139.075
19896.9742	89.7504	-161.781
