* Helix DSP Ultra S, output layer - phase control at 90 deg, LPF configured 2000 Hz and bypassed.
* ELECTRICAL loop, no microphone: Scarlett 2i2 out L -> Helix line in,
* Helix line out -> Scarlett in 1; out R -> in 2 direct as the timing
* reference, timing offset 0. Everything else in the channel off; no gain,
* level or routing changed within a set, so the ratio to the set's reference
* is the filter alone.
* REW V5.40 beta 134 measurement #44 'd2_phase_90_lp2000_byp', 2026-Sep-02 10:31:35, 512k sweep, 1 average, 96 kHz,
* 20 Hz - 20 kHz, loopback timing reference. SNR 48.4 dB, delay -8.9964 ms.
* Levels are REW's electrical dB (splOffset 120.00); only ratios within a set carry meaning.
* frequency_Hz<TAB>dB<TAB>phase_deg - REW's UNSMOOTHED raw spectrum (linear bins) resampled to 1/96 octave by complex averaging within each cell,
* with the measurement's own delay removed before averaging and restored after, so the cell average carries no rotation loss.
20.0000	106.5340	129.695
20.1449	106.5340	130.164
20.2909	106.5579	130.217
20.4379	106.5929	130.093
20.5860	106.6030	130.362
20.7352	106.6223	130.448
20.8855	106.6405	130.569
21.0368	106.6597	130.633
21.1893	106.6841	130.602
21.3428	106.6960	130.831
21.4975	106.7141	130.932
21.6532	106.7271	131.158
21.8102	106.7510	131.137
21.9682	106.7704	131.232
22.1274	106.7885	131.348
22.2877	106.8136	131.329
22.4492	106.8263	131.573
22.6119	106.8453	131.694
22.7758	106.8563	131.993
22.9408	106.8830	131.957
23.1071	106.8980	132.183
23.2745	106.9203	132.253
23.4432	106.9384	132.426
23.6130	106.9570	132.587
23.7841	106.9773	132.723
23.9565	106.9928	132.957
24.1301	107.0147	133.071
24.3049	107.0278	133.361
24.4811	107.0505	133.464
24.6585	107.0620	133.794
24.8372	107.0851	133.891
25.0171	107.0954	134.247
25.1984	107.1183	134.344
25.3810	107.1279	134.715
25.5649	107.1498	134.819
25.7502	107.1589	135.195
25.9368	107.1791	135.319
26.1247	107.1883	135.692
26.3141	107.2065	135.849
26.5047	107.2163	136.214
26.6968	107.2328	136.419
26.8903	107.2440	136.767
27.0851	107.2591	137.031
27.2814	107.2724	137.354
27.4791	107.2861	137.681
27.6782	107.3019	137.969
27.8788	107.3134	138.363
28.0808	107.3313	138.608
28.2843	107.3398	139.075
28.4892	107.3643	139.151
28.6957	107.3722	139.614
28.9036	107.3866	139.922
29.1131	107.3969	140.324
29.3240	107.4074	140.732
29.5365	107.4207	141.068
29.7506	107.4278	141.577
29.9661	107.4481	141.747
30.1833	107.4564	142.230
30.4020	107.4680	142.636
30.6223	107.4796	143.027
30.8442	107.4869	143.549
31.0677	107.5047	143.765
31.2929	107.5123	144.271
31.5196	107.5217	144.736
31.7480	107.5388	145.000
31.9781	107.5444	145.595
32.2098	107.5563	146.032
32.4432	107.5667	146.519
32.6783	107.5739	147.096
32.9151	107.5908	147.416
33.1536	107.5991	147.955
33.3939	107.6065	148.529
33.6359	107.6211	148.886
33.8796	107.6284	149.461
34.1251	107.6353	150.054
34.3724	107.6493	150.445
34.6215	107.6567	151.031
34.8723	107.6630	151.656
35.1250	107.6757	152.067
35.3796	107.6828	152.645
35.6359	107.6874	153.319
35.8942	107.6982	153.762
36.1543	107.7091	154.223
36.4163	107.7141	154.906
36.6802	107.7206	155.553
36.9460	107.7324	156.047
37.2137	107.7397	156.690
37.4834	107.7442	157.426
37.7550	107.7556	157.954
38.0286	107.7668	158.501
38.3041	107.7736	159.198
38.5817	107.7782	159.965
38.8613	107.7903	160.550
39.1429	107.8025	161.141
39.4265	107.8136	161.736
39.7122	107.8176	162.519
40.0000	107.8228	163.270
40.2899	107.8301	163.893
40.5818	107.8365	164.535
40.8759	107.8434	165.194
41.1721	107.8469	166.029
41.4704	107.8516	166.830
41.7710	107.8608	167.511
42.0736	107.8703	168.196
42.3785	107.8793	168.889
42.6856	107.8841	169.721
42.9949	107.8879	170.597
43.3065	107.8961	171.328
43.6203	107.9044	172.075
43.9364	107.9122	172.837
44.2548	107.9193	173.613
44.5755	107.9254	174.405
44.8985	107.9309	175.213
45.2238	107.9337	176.152
45.5515	107.9365	177.095
45.8816	107.9427	177.931
46.2141	107.9492	178.769
46.5490	107.9552	179.608
46.8863	107.9605	-179.549
47.2261	107.9651	-178.692
47.5683	107.9700	-177.818
47.9130	107.9760	-176.928
48.2602	107.9832	-176.026
48.6099	107.9910	-175.117
48.9621	107.9982	-174.201
49.3169	108.0039	-173.275
49.6743	108.0083	-172.333
50.0343	108.0118	-171.374
50.3968	108.0153	-170.399
50.7620	108.0194	-169.412
51.1299	108.0240	-168.417
51.5004	108.0288	-167.415
51.8736	108.0337	-166.403
52.2495	108.0387	-165.379
52.6281	108.0439	-164.341
53.0095	108.0494	-163.289
53.3936	108.0551	-162.223
53.7805	108.0607	-161.146
54.1702	108.0658	-160.059
54.5628	108.0701	-158.961
54.9581	108.0739	-157.852
55.3564	108.0772	-156.734
55.7575	108.0802	-155.608
56.1616	108.0832	-154.474
56.5685	108.0873	-153.421
56.9785	108.0910	-152.354
57.3914	108.0935	-151.183
57.8072	108.0963	-149.993
58.2261	108.0996	-148.786
58.6481	108.1035	-147.565
59.0730	108.1075	-146.332
59.5011	108.1129	-145.158
59.9323	108.1174	-143.970
60.3666	108.1205	-142.700
60.8040	108.1240	-141.423
61.2446	108.1280	-140.140
61.6884	108.1337	-138.933
62.1355	108.1378	-137.722
62.5857	108.1392	-136.415
63.0392	108.1405	-135.086
63.4960	108.1440	-133.799
63.9562	108.1493	-132.498
64.4196	108.1530	-131.125
64.8864	108.1562	-129.743
65.3566	108.1603	-128.411
65.8302	108.1645	-127.068
66.3073	108.1672	-125.655
66.7877	108.1696	-124.299
67.2717	108.1702	-122.920
67.7592	108.1710	-121.452
68.2502	108.1752	-120.020
68.7448	108.1814	-118.588
69.2429	108.1845	-117.099
69.7447	108.1855	-115.654
70.2501	108.1852	-114.174
70.7591	108.1867	-112.620
71.2719	108.1920	-111.116
71.7884	108.1972	-109.623
72.3086	108.1988	-108.121
72.8325	108.1993	-106.583
73.3603	108.2030	-105.007
73.8919	108.2098	-103.423
74.4274	108.2144	-101.790
74.9667	108.2185	-100.206
75.5099	108.2194	-98.604
76.0571	108.2187	-96.974
76.6083	108.2192	-95.325
77.1634	108.2215	-93.671
77.7226	108.2245	-92.061
78.2858	108.2263	-90.380
78.8531	108.2298	-88.672
79.4245	108.2347	-86.956
80.0000	108.2379	-85.238
80.5797	108.2377	-83.503
81.1636	108.2366	-81.729
81.7518	108.2405	-79.974
82.3442	108.2453	-78.194
82.9409	108.2464	-76.411
83.5419	108.2454	-74.593
84.1473	108.2468	-72.735
84.7570	108.2524	-70.910
85.3712	108.2551	-69.050
85.9899	108.2556	-67.170
86.6130	108.2577	-65.314
87.2406	108.2602	-63.457
87.8728	108.2606	-61.536
88.5096	108.2620	-59.581
89.1509	108.2667	-57.639
89.7970	108.2709	-55.682
90.4477	108.2741	-53.665
91.1031	108.2793	-51.640
91.7633	108.2836	-49.668
92.4282	108.2798	-47.676
93.0980	108.2760	-45.617
93.7726	108.2778	-43.511
94.4521	108.2809	-41.412
95.1366	108.2831	-39.340
95.8260	108.2853	-37.241
96.5204	108.2889	-35.125
97.2198	108.2912	-32.993
97.9243	108.2920	-30.837
98.6339	108.2919	-28.658
99.3486	108.2922	-26.463
100.0685	108.2939	-24.259
100.7937	108.2955	-22.047
101.5241	108.2965	-19.809
102.2598	108.2981	-17.541
103.0008	108.2997	-15.252
103.7472	108.3015	-12.943
104.4990	108.3042	-10.625
105.2562	108.3060	-8.298
106.0189	108.3065	-5.944
106.7872	108.3072	-3.556
107.5610	108.3089	-1.141
108.3404	108.3120	1.289
109.1255	108.3152	3.686
109.9163	108.3155	6.105
110.7128	108.3178	8.585
111.5151	108.3206	11.072
112.3231	108.3204	13.584
113.1371	108.3214	16.113
113.9569	108.3237	18.638
114.7827	108.3226	21.204
115.6145	108.3228	23.804
116.4523	108.3246	26.393
117.2961	108.3251	29.018
118.1461	108.3283	31.697
119.0022	108.3318	34.349
119.8646	108.3311	37.021
120.7332	108.3323	39.745
121.6080	108.3343	42.444
122.4893	108.3328	45.186
123.3769	108.3363	47.986
124.2709	108.3411	50.767
125.1714	108.3388	53.553
126.0785	108.3374	56.374
126.9921	108.3392	59.208
127.9123	108.3421	62.082
128.8392	108.3466	64.991
129.7728	108.3472	67.920
130.7132	108.3448	70.880
131.6604	108.3440	73.852
132.6145	108.3454	76.838
133.5755	108.3498	79.834
134.5434	108.3534	82.868
135.5184	108.3527	85.923
136.5004	108.3526	89.001
137.4895	108.3559	92.099
138.4858	108.3538	95.221
139.4894	108.3523	98.388
140.5002	108.3507	101.555
141.5183	108.3508	104.782
142.5438	108.3576	108.004
143.5767	108.3591	111.228
144.6171	108.3616	114.512
145.6651	108.3605	117.797
146.7206	108.3610	121.126
147.7838	108.3642	124.459
148.8547	108.3657	127.847
149.9334	108.3667	131.254
151.0199	108.3636	134.665
152.1142	108.3622	138.109
153.2165	108.3648	141.572
154.3268	108.3676	145.068
155.4451	108.3702	148.582
156.5715	108.3672	152.122
157.7061	108.3684	155.737
158.8489	108.3733	159.327
160.0000	108.3723	162.948
161.1594	108.3729	166.596
162.3273	108.3690	170.286
163.5035	108.3719	174.030
164.6884	108.3777	177.758
165.8818	108.3798	-178.479
167.0838	108.3800	-174.674
168.2946	108.3803	-170.831
169.5141	108.3819	-166.979
170.7425	108.3796	-163.097
171.9797	108.3786	-159.188
173.2260	108.3796	-155.260
174.4812	108.3798	-151.292
175.7456	108.3830	-147.274
177.0191	108.3848	-143.257
178.3019	108.3838	-139.193
179.5939	108.3869	-135.083
180.8953	108.3820	-130.975
182.2062	108.3839	-126.814
183.5265	108.3853	-122.750
184.8564	108.3824	-118.454
186.1960	108.3912	-114.164
187.5452	108.3887	-109.861
188.9043	108.3874	-105.577
190.2731	108.3876	-101.259
191.6519	108.3884	-96.869
193.0407	108.3967	-92.472
194.4396	108.3930	-88.017
195.8486	108.3925	-83.514
197.2678	108.3942	-79.025
198.6972	108.3947	-74.517
200.1371	108.3964	-69.920
201.5874	108.3985	-65.349
203.0482	108.3966	-60.691
204.5195	108.3967	-56.025
206.0016	108.3972	-51.326
207.4943	108.3990	-46.573
208.9979	108.3998	-41.779
210.5124	108.4011	-36.969
212.0379	108.3998	-32.113
213.5744	108.3998	-27.239
215.1220	108.4023	-22.323
216.6809	108.4044	-17.342
218.2510	108.4040	-12.367
219.8326	108.3990	-7.317
221.4256	108.3996	-2.231
223.0301	108.4056	2.838
224.6463	108.4065	8.059
226.2742	108.4102	13.232
227.9138	108.4044	18.416
229.5654	108.4044	23.642
231.2289	108.4095	28.968
232.9045	108.4082	34.304
234.5922	108.4073	39.668
236.2922	108.4093	45.059
238.0045	108.4089	50.527
239.7291	108.4079	56.025
241.4663	108.4100	61.545
243.2161	108.4127	67.139
244.9785	108.4132	72.777
246.7537	108.4128	78.432
248.5418	108.4147	84.127
250.3428	108.4112	89.849
252.1569	108.4156	95.619
253.9842	108.4113	101.411
255.8246	108.4143	107.301
257.6785	108.4141	113.225
259.5457	108.4165	119.155
261.4265	108.4274	125.251
263.3209	108.4118	131.274
265.2290	108.4309	137.246
267.1510	108.3672	143.563
269.0869	108.3888	149.798
271.0368	108.4057	155.800
273.0008	108.4177	162.122
274.9791	108.4141	168.490
276.9717	108.4148	174.824
278.9788	108.4174	-178.796
281.0003	108.4245	-172.315
283.0366	108.4242	-165.835
285.0876	108.4220	-159.250
287.1535	108.4221	-152.661
289.2343	108.4210	-145.995
291.3302	108.4247	-139.336
293.4413	108.4270	-132.608
295.5677	108.4313	-125.784
297.7095	108.4257	-118.941
299.8668	108.4256	-112.069
302.0398	108.4239	-105.139
304.2285	108.4233	-98.138
306.4330	108.4304	-91.107
308.6536	108.4267	-83.988
310.8902	108.4194	-76.823
313.1431	108.4302	-69.657
315.4122	108.4301	-62.385
317.6978	108.4267	-55.056
320.0000	108.4297	-47.696
322.3189	108.4302	-40.297
324.6545	108.4297	-32.853
327.0071	108.4337	-25.331
329.3767	108.4326	-17.736
331.7635	108.4309	-10.133
334.1676	108.4321	-2.420
336.5891	108.4318	5.312
339.0282	108.4311	13.132
341.4849	108.4338	20.960
343.9595	108.4352	28.906
346.4519	108.4333	36.869
348.9625	108.4307	44.907
351.4912	108.4404	53.013
354.0383	108.4381	61.131
356.6038	108.4373	69.343
359.1879	108.4365	77.616
361.7907	108.4357	85.929
364.4124	108.4401	94.343
367.0530	108.4329	102.752
369.7129	108.4331	111.269
372.3920	108.4372	119.839
375.0905	108.4362	128.481
377.8085	108.4404	137.203
380.5463	108.4366	145.958
383.3039	108.4406	154.765
386.0814	108.4417	163.665
388.8792	108.4423	172.617
391.6971	108.4389	-178.364
394.5355	108.4443	-169.257
397.3945	108.4417	-160.107
400.2742	108.4422	-150.910
403.1747	108.4409	-141.622
406.0963	108.4443	-132.231
409.0390	108.4440	-122.807
412.0031	108.4443	-113.335
414.9887	108.4420	-103.791
417.9958	108.4460	-94.163
421.0248	108.4435	-84.477
424.0757	108.4455	-74.676
427.1488	108.4429	-64.851
430.2440	108.4441	-54.947
433.3618	108.4475	-44.927
436.5021	108.4475	-34.877
439.6652	108.4438	-24.736
442.8512	108.4497	-14.557
446.0602	108.4431	-4.280
449.2926	108.4521	6.055
452.5483	108.4510	16.512
455.8277	108.4488	27.009
459.1308	108.4458	37.572
462.4579	108.4474	48.240
465.8090	108.4486	58.989
469.1845	108.4462	69.808
472.5844	108.4487	80.673
476.0089	108.4501	91.642
479.4583	108.4509	102.687
482.9326	108.4557	113.856
486.4321	108.4545	125.044
489.9570	108.4530	136.332
493.5075	108.4555	147.732
497.0836	108.4560	159.185
500.6857	108.4544	170.732
504.3139	108.4506	-177.654
507.9683	108.4547	-165.931
511.6493	108.4558	-154.139
515.3569	108.4564	-142.273
519.0914	108.4528	-130.316
522.8529	108.4574	-118.288
526.6418	108.4569	-106.119
530.4580	108.4513	-93.857
534.3019	108.4580	-81.563
538.1737	108.4569	-69.191
542.0735	108.4595	-56.646
546.0016	108.4594	-44.075
549.9582	108.4598	-31.385
553.9434	108.4583	-18.599
557.9575	108.4625	-5.754
562.0007	108.4618	7.232
566.0732	108.4622	20.281
570.1752	108.4623	33.413
574.3069	108.4613	46.653
578.4686	108.4664	59.986
582.6604	108.4612	73.431
586.8826	108.4589	86.980
591.1354	108.4598	100.601
595.4190	108.4606	114.314
599.7336	108.4599	128.148
604.0796	108.4603	142.060
608.4570	108.4655	156.106
612.8661	108.4649	170.251
617.3072	108.4631	-175.500
621.7804	108.4632	-161.187
626.2861	108.4634	-146.714
630.8244	108.4656	-132.185
635.3957	108.4640	-117.500
640.0000	108.4667	-102.777
644.6377	108.4639	-87.889
649.3090	108.4669	-72.931
654.0142	108.4651	-57.852
658.7534	108.4728	-42.678
663.5270	108.4692	-27.348
668.3352	108.4675	-11.985
673.1783	108.4667	3.598
678.0564	108.4668	19.208
682.9699	108.4686	34.955
687.9189	108.4681	50.825
692.9039	108.4720	66.827
697.9249	108.4687	82.905
702.9824	108.4702	99.113
708.0765	108.4674	115.437
713.2075	108.4693	131.900
718.3757	108.4708	148.453
723.5814	108.4696	165.147
728.8247	108.4699	-178.047
734.1061	108.4752	-161.111
739.4257	108.4682	-144.070
744.7839	108.4712	-126.890
750.1809	108.4759	-109.590
755.6170	108.4731	-92.159
761.0926	108.4696	-74.592
766.6077	108.4687	-56.930
772.1629	108.4754	-39.131
777.7583	108.4719	-21.199
783.3943	108.4729	-3.117
789.0711	108.4744	15.070
794.7890	108.4758	33.402
800.5484	108.4775	51.859
806.3495	108.4750	70.462
812.1926	108.4721	89.190
818.0781	108.4775	108.088
824.0062	108.4772	127.049
829.9773	108.4744	146.192
835.9917	108.4743	165.494
842.0496	108.4797	-175.101
848.1515	108.4737	-155.552
854.2975	108.4740	-135.868
860.4881	108.4701	-116.030
866.7236	108.4770	-96.059
873.0042	108.4739	-75.916
879.3303	108.4765	-55.640
885.7023	108.4755	-35.226
892.1205	108.4753	-14.634
898.5852	108.4757	6.078
905.0967	108.4775	26.925
911.6554	108.4765	47.968
918.2616	108.4771	69.121
924.9157	108.4770	90.412
931.6180	108.4722	111.906
938.3689	108.4754	133.553
945.1687	108.4751	155.325
952.0178	108.4793	177.267
958.9165	108.4767	-160.632
965.8652	108.4777	-138.327
972.8643	108.4742	-115.901
979.9141	108.4761	-93.332
987.0149	108.4737	-70.569
994.1672	108.4767	-47.652
1001.3714	108.4775	-24.573
1008.6277	108.4790	-1.360
1015.9367	108.4753	22.065
1023.2986	108.4747	45.630
1030.7138	108.4742	69.399
1038.1828	108.4740	93.328
1045.7059	108.4711	117.431
1053.2835	108.4730	141.714
1060.9160	108.4741	166.113
1068.6039	108.4721	-169.219
1076.3474	108.4760	-144.436
1084.1471	108.4750	-119.472
1092.0032	108.4775	-94.278
1099.9164	108.4727	-68.970
1107.8868	108.4681	-43.450
1115.9150	108.4743	-17.764
1124.0014	108.4727	8.170
1132.1464	108.4740	34.218
1140.3504	108.4729	60.484
1148.6138	108.4761	86.961
1156.9371	108.4733	113.604
1165.3208	108.4706	140.478
1173.7652	108.4707	167.482
1182.2708	108.4707	-165.301
1190.8380	108.4690	-137.891
1199.4673	108.4689	-110.252
1208.1591	108.4714	-82.465
1216.9139	108.4718	-54.413
1225.7322	108.4686	-26.195
1234.6144	108.4677	2.241
1243.5609	108.4645	30.886
1252.5722	108.4682	59.679
1261.6489	108.4658	88.739
1270.7913	108.4646	117.974
1280.0000	108.4642	147.444
1289.2754	108.4656	177.142
1298.6180	108.4658	-153.004
1308.0284	108.4630	-122.901
1317.5069	108.4631	-92.560
1327.0541	108.4613	-62.055
1336.6704	108.4620	-31.269
1346.3565	108.4584	-0.284
1356.1128	108.4608	30.920
1365.9397	108.4579	62.307
1375.8379	108.4610	93.993
1385.8078	108.4549	125.863
1395.8499	108.4577	157.972
1405.9648	108.4603	-169.722
1416.1530	108.4565	-137.130
1426.4150	108.4554	-104.333
1436.7514	108.4549	-71.334
1447.1627	108.4500	-38.037
1457.6495	108.4550	-4.517
1468.2122	108.4477	29.249
1478.8515	108.4509	63.231
1489.5678	108.4488	97.472
1500.3618	108.4492	131.960
1511.2341	108.4472	166.689
1522.1851	108.4467	-158.332
1533.2155	108.4445	-123.086
1544.3258	108.4439	-87.615
1555.5166	108.4428	-51.885
1566.7885	108.4417	-15.887
1578.1421	108.4450	20.371
1589.5780	108.4425	56.881
1601.0967	108.4425	93.666
1612.6989	108.4359	130.714
1624.3852	108.4376	167.977
1636.1562	108.4337	-154.437
1648.0125	108.4373	-116.613
1659.9546	108.4330	-78.505
1671.9833	108.4333	-40.138
1684.0992	108.4334	-1.475
1696.3029	108.4343	37.461
1708.5950	108.4322	76.654
1720.9762	108.4326	116.150
1733.4471	108.4309	155.947
1746.0084	108.4271	-164.014
1758.6607	108.4274	-123.687
1771.4046	108.4269	-83.032
1784.2410	108.4278	-42.116
1797.1703	108.4292	-0.928
1810.1934	108.4265	40.590
1823.3108	108.4255	82.382
1836.5232	108.4258	124.483
1849.8314	108.4232	166.901
1863.2361	108.4225	-150.377
1876.7379	108.4222	-107.386
1890.3375	108.4232	-64.076
1904.0356	108.4242	-20.422
1917.8331	108.4218	23.468
1931.7305	108.4250	67.743
1945.7286	108.4219	112.299
1959.8281	108.4230	157.180
1974.0299	108.4258	-157.608
1988.3345	108.4217	-112.067
2002.7428	108.4232	-66.207
2017.2555	108.4192	-20.072
2031.8733	108.4227	26.446
2046.5971	108.4209	73.282
2061.4276	108.4194	120.464
2076.3656	108.4227	167.957
2091.4118	108.4212	-144.197
2106.5670	108.4227	-95.994
2121.8321	108.4219	-47.457
2137.2077	108.4223	1.415
2152.6948	108.4207	50.635
2168.2941	108.4253	100.213
2184.0065	108.4251	150.182
2199.8327	108.4239	-159.563
2215.7736	108.4255	-108.898
2231.8300	108.4257	-57.901
2248.0028	108.4234	-6.522
2264.2927	108.4252	45.205
2280.7007	108.4278	97.313
2297.2276	108.4284	149.816
2313.8743	108.4239	-157.326
2330.6416	108.4273	-104.092
2347.5304	108.4297	-50.475
2364.5415	108.4266	3.522
2381.6760	108.4287	57.876
2398.9346	108.4306	112.672
2416.3182	108.4272	167.829
2433.8279	108.4329	-136.597
2451.4644	108.4350	-80.637
2469.2287	108.4329	-24.262
2487.1218	108.4356	32.494
2505.1445	108.4348	89.642
2523.2978	108.4374	147.256
2541.5826	108.4358	-154.753
2560.0000	108.4360	-96.341
2578.5508	108.4378	-37.492
2597.2361	108.4359	21.770
2616.0567	108.4401	81.452
2635.0137	108.4411	141.548
2654.1081	108.4379	-157.913
2673.3409	108.4376	-96.898
2692.7130	108.4406	-35.490
2712.2255	108.4404	26.379
2731.8794	108.4388	88.708
2751.6758	108.4387	151.453
2771.6155	108.4402	-145.335
2791.6998	108.4398	-81.634
2811.9296	108.4400	-17.482
2832.3060	108.4379	47.108
2852.8301	108.4379	112.186
2873.5028	108.4368	177.739
2894.3254	108.4386	-116.235
2915.2989	108.4381	-49.740
2936.4244	108.4374	17.266
2957.7029	108.4314	84.764
2979.1356	108.4282	152.718
3000.7237	108.4323	-138.806
3022.4682	108.4297	-69.850
3044.3702	108.4273	-0.378
3066.4310	108.4263	69.611
3088.6516	108.4251	140.130
3111.0332	108.4241	-148.839
3133.5771	108.4222	-77.296
3156.2843	108.4212	-5.220
3179.1560	108.4196	67.390
3202.1935	108.4161	140.507
3225.3979	108.4170	-145.821
3248.7705	108.4147	-71.596
3272.3124	108.4157	3.185
3296.0249	108.4115	78.510
3319.9093	108.4109	154.398
3343.9667	108.4082	-129.148
3368.1985	108.4088	-52.143
3392.6058	108.4096	25.440
3417.1900	108.4074	103.629
3441.9524	108.4051	-177.614
3466.8942	108.4051	-98.287
3492.0167	108.4036	-18.368
3517.3213	108.4066	62.146
3542.8093	108.4047	143.286
3568.4820	108.4056	-134.992
3594.3406	108.4025	-52.623
3620.3867	108.4043	30.347
3646.6215	108.4086	113.917
3673.0465	108.4071	-161.884
3699.6629	108.4063	-77.036
3726.4721	108.4104	8.455
3753.4757	108.4125	94.577
3780.6749	108.4110	-178.648
3808.0713	108.4157	-91.239
3835.6661	108.4152	-3.148
3863.4609	108.4159	85.607
3891.4572	108.4208	175.018
3919.6563	108.4197	-94.908
3948.0597	108.4247	-4.145
3976.6690	108.4261	87.282
4005.4856	108.4260	179.411
4034.5110	108.4309	-87.771
4063.7467	108.4329	5.738
4093.1943	108.4362	99.968
4122.8552	108.4372	-165.109
4152.7312	108.4408	-69.461
4182.8236	108.4452	26.897
4213.1340	108.4470	123.989
4243.6641	108.4478	-138.216
4274.4155	108.4487	-39.668
4305.3896	108.4493	59.597
4336.5883	108.4535	159.661
4368.0130	108.4561	-99.573
4399.6654	108.4565	1.960
4431.5472	108.4589	104.255
4463.6600	108.4601	-152.677
4496.0055	108.4619	-48.859
4528.5854	108.4633	55.745
4561.4014	108.4634	161.133
4594.4552	108.4626	-92.704
4627.7485	108.4652	14.260
4661.2831	108.4616	122.044
4695.0607	108.4635	-129.414
4729.0830	108.4655	-20.045
4763.3519	108.4648	90.149
4797.8691	108.4660	-158.837
4832.6365	108.4642	-47.019
4867.6558	108.4624	65.628
4902.9288	108.4650	179.140
4938.4574	108.4614	-66.524
4974.2435	108.4606	48.663
5010.2890	108.4634	164.694
5046.5956	108.4597	-78.401
5083.1653	108.4560	39.373
5120.0000	108.4564	158.021
5157.1016	108.4564	-82.469
5194.4721	108.4554	37.927
5232.1134	108.4555	159.228
5270.0275	108.4514	-78.598
5308.2162	108.4523	44.490
5346.6818	108.4542	168.491
5385.4260	108.4523	-66.595
5424.4510	108.4513	59.248
5463.7589	108.4523	-173.977
5503.3515	108.4513	-46.289
5543.2311	108.4533	82.354
5583.3996	108.4518	-148.045
5623.8592	108.4526	-17.509
5664.6120	108.4540	114.007
5705.6601	108.4537	-113.514
5747.0057	108.4563	19.943
5788.6509	108.4565	154.385
5830.5978	108.4587	-70.194
5872.8487	108.4620	66.239
5915.4058	108.4654	-156.330
5958.2713	108.4675	-17.876
6001.4474	108.4661	121.571
6044.9363	108.4710	-97.920
6088.7404	108.4733	43.597
6132.8620	108.4767	-173.821
6177.3032	108.4799	-30.213
6222.0665	108.4804	114.487
6267.1541	108.4836	-99.792
6312.5685	108.4851	47.013
6358.3120	108.4870	-165.113
6404.3869	108.4910	-16.140
6450.7958	108.4906	133.943
6497.5409	108.4926	-74.910
6544.6248	108.4955	77.375
6592.0498	108.4952	-129.235
6639.8185	108.4963	25.304
6687.9334	108.4990	-179.067
6736.3969	108.4948	-22.275
6785.2116	108.4958	135.673
6834.3801	108.4941	-65.236
6883.9048	108.4948	95.017
6933.7884	108.4928	-103.538
6984.0335	108.4896	59.062
7034.6427	108.4877	-137.147
7085.6186	108.4843	27.854
7136.9639	108.4817	-165.942
7188.6813	108.4788	1.464
7240.7734	108.4775	170.090
7293.2431	108.4715	-20.044
7346.0929	108.4671	151.060
7399.3257	108.4656	-36.602
7452.9443	108.4646	137.016
7506.9514	108.4582	-48.121
7561.3499	108.4551	128.030
7616.1425	108.4503	-54.533
7671.3322	108.4489	124.182
7726.9219	108.4440	-55.786
7782.9143	108.4406	125.544
7839.3125	108.4380	-51.782
7896.1194	108.4382	132.188
7953.3380	108.4376	-42.481
8010.9711	108.4372	144.190
8069.0219	108.4316	-27.745
8127.4934	108.4294	161.683
8186.3886	108.4327	-7.552
8245.7105	108.4312	-175.353
8305.4623	108.4305	18.261
8365.6471	108.4330	-146.754
8426.2680	108.4348	49.685
8487.3283	108.4311	-112.445
8548.8309	108.4349	86.851
8610.7793	108.4362	-72.400
8673.1765	108.4359	129.832
8736.0260	108.4345	-26.468
8799.3308	108.4351	178.712
8863.0944	108.4374	25.386
8927.3200	108.4383	-126.423
8992.0111	108.4345	83.287
9057.1709	108.4354	-65.486
9122.8029	108.4366	147.290
9188.9105	108.4348	1.605
9255.4971	108.4340	-142.520
9322.5662	108.4313	74.925
9390.1214	108.4287	-66.044
9458.1661	108.4243	154.550
9526.7039	108.4233	16.791
9595.7383	108.4203	-119.385
9665.2730	108.4159	106.079
9735.3115	108.4123	-26.825
9805.8576	108.4133	-158.089
9876.9149	108.4096	72.316
9948.4871	108.4069	-55.629
10020.5779	108.4036	178.143
10093.1912	108.4052	53.582
10166.3306	108.4056	-69.265
10240.0000	108.4035	169.622
10314.2033	108.4043	50.247
10388.9442	108.4053	-67.374
10464.2268	108.4085	176.743
10540.0549	108.4102	62.637
10616.4325	108.4129	-49.651
10693.3635	108.4147	-160.167
10770.8521	108.4220	91.137
10848.9021	108.4258	-15.722
10927.5177	108.4314	-120.745
11006.7030	108.4384	136.101
11086.4621	108.4407	34.800
11166.7992	108.4456	-64.618
11247.7184	108.4501	-162.131
11329.2240	108.4531	102.261
11411.3202	108.4553	8.566
11494.0114	108.4585	-83.185
11577.3017	108.4622	-172.979
11661.1956	108.4644	99.180
11745.6975	108.4647	13.301
11830.8116	108.4652	-70.576
11916.5426	108.4648	-152.457
12002.8947	108.4649	127.683
12089.8727	108.4623	49.858
12177.4809	108.4628	-25.941
12265.7239	108.4600	-99.670
12354.6064	108.4587	-171.338
12444.1330	108.4584	119.090
12534.3083	108.4540	51.617
12625.1370	108.4542	-13.733
12716.6240	108.4543	-76.941
12808.7739	108.4544	-138.011
12901.5916	108.4546	163.097
12995.0818	108.4572	106.385
13089.2495	108.4586	51.886
13184.0996	108.4582	-0.395
13279.6370	108.4607	-50.449
13375.8668	108.4629	-98.245
13472.7938	108.4641	-143.760
13570.4232	108.4627	172.982
13668.7601	108.4635	132.048
13767.8096	108.4654	93.412
13867.5768	108.4625	57.138
13968.0670	108.4615	23.198
14069.2853	108.4580	-8.388
14171.2372	108.4542	-37.587
14273.9278	108.4476	-64.374
14377.3626	108.4437	-88.750
14481.5469	108.4372	-110.718
14586.4861	108.4305	-130.258
14692.1858	108.4244	-147.306
14798.6515	108.4160	-161.886
14905.8886	108.4107	-173.942
15013.9028	108.4068	176.477
15122.6997	108.3981	169.449
15232.2851	108.4019	164.985
15342.6645	108.3974	163.094
15453.8437	108.3972	163.791
15565.8287	108.3952	167.117
15678.6251	108.3973	173.079
15792.2389	108.3997	-178.302
15906.6759	108.4006	-167.031
16021.9423	108.4011	-153.043
16138.0439	108.4053	-136.341
16254.9868	108.4048	-116.907
16372.7771	108.4034	-94.714
16491.4210	108.4052	-69.747
16610.9246	108.4022	-42.024
16731.2942	108.4029	-11.459
16852.5361	108.4014	21.922
16974.6565	108.3990	58.103
17097.6619	108.3962	97.196
17221.5586	108.3928	139.158
17346.3531	108.3909	-175.978
17472.0519	108.3914	-128.212
17598.6616	108.3942	-77.458
17726.1888	108.3967	-23.761
17854.6400	108.3992	32.964
17984.0221	108.4018	92.677
18114.3418	108.4076	155.432
18245.6057	108.4162	-138.713
18377.8209	108.4241	-69.790
18510.9942	108.4270	2.260
18645.1325	108.4311	77.430
18780.2428	108.4346	155.767
18916.3322	108.4357	-122.734
19053.4077	108.4356	-38.022
19191.4766	108.4308	49.859
19330.5459	108.4227	141.036
19470.6230	108.4219	-124.560
19611.7152	108.4128	-26.876
19753.8298	108.4075	74.112
19896.9742	108.3990	178.417
