* Helix DSP Ultra S, output layer - phase control at 45 deg.
* ELECTRICAL loop, no microphone: Scarlett 2i2 out L -> Helix line in,
* Helix line out -> Scarlett in 1; out R -> in 2 direct as the timing
* reference, timing offset 0. Everything else in the channel off; no gain,
* level or routing changed within a set, so the ratio to the set's reference
* is the filter alone.
* REW V5.40 beta 134 measurement #61 'k1_phase_45_lp5000_byp', 2026-Sep-02 10:49:24, 512k sweep, 1 average, 96 kHz,
* 20 Hz - 20 kHz, loopback timing reference. SNR 46.6 dB, delay -8.9643 ms.
* Levels are REW's electrical dB (splOffset 120.00); only ratios within a set carry meaning.
* This capture carries an EXTRA first-order all-pass, an AP1 the operator left engaged at 8 kHz (measured corner 7611.6 Hz) from REW #55 to #67. It is present in this set's own reference as well, so it divides out of any ratio taken within the set; see README.
* frequency_Hz<TAB>dB<TAB>phase_deg - REW's UNSMOOTHED raw spectrum (linear bins) resampled to 1/96 octave by complex averaging within each cell,
* with the measurement's own delay removed before averaging and restored after, so the cell average carries no rotation loss.
20.0000	107.5506	129.627
20.1449	107.5506	130.095
20.2909	107.5738	130.156
20.4379	107.6079	130.044
20.5860	107.6179	130.317
20.7352	107.6371	130.413
20.8855	107.6552	130.543
21.0368	107.6748	130.617
21.1893	107.6996	130.598
21.3428	107.7120	130.832
21.4975	107.7308	130.940
21.6532	107.7442	131.170
21.8102	107.7688	131.156
21.9682	107.7888	131.256
22.1274	107.8071	131.376
22.2877	107.8326	131.363
22.4492	107.8454	131.610
22.6119	107.8643	131.734
22.7758	107.8753	132.036
22.9408	107.9021	132.007
23.1071	107.9171	132.236
23.2745	107.9397	132.312
23.4432	107.9580	132.489
23.6130	107.9770	132.651
23.7841	107.9978	132.789
23.9565	108.0135	133.019
24.1301	108.0356	133.130
24.3049	108.0485	133.415
24.4811	108.0707	133.510
24.6585	108.0813	133.836
24.8372	108.1028	133.926
25.0171	108.1122	134.282
25.1984	108.1328	134.380
25.3810	108.1417	134.754
25.5649	108.1618	134.868
25.7502	108.1709	135.250
25.9368	108.1908	135.387
26.1247	108.2005	135.766
26.3141	108.2198	135.934
26.5047	108.2306	136.299
26.6968	108.2487	136.507
26.8903	108.2605	136.851
27.0851	108.2765	137.111
27.2814	108.2894	137.430
27.4791	108.3028	137.752
27.6782	108.3171	138.042
27.8788	108.3276	138.436
28.0808	108.3438	138.694
28.2843	108.3515	139.166
28.4892	108.3751	139.272
28.6957	108.3835	139.744
28.9036	108.3986	140.070
29.1131	108.4099	140.480
29.3240	108.4214	140.895
29.5365	108.4356	141.234
29.7506	108.4431	141.743
29.9661	108.4629	141.914
30.1833	108.4704	142.397
30.4020	108.4809	142.804
30.6223	108.4913	143.202
30.8442	108.4977	143.727
31.0677	108.5142	143.958
31.2929	108.5217	144.467
31.5196	108.5309	144.937
31.7480	108.5480	145.204
31.9781	108.5535	145.797
32.2098	108.5651	146.232
32.4432	108.5749	146.717
32.6783	108.5817	147.291
32.9151	108.5977	147.615
33.1536	108.6061	148.157
33.3939	108.6135	148.733
33.6359	108.6293	149.096
33.8796	108.6374	149.671
34.1251	108.6451	150.264
34.3724	108.6602	150.653
34.6215	108.6676	151.239
34.8723	108.6741	151.863
35.1250	108.6867	152.284
35.3796	108.6939	152.872
35.6359	108.6986	153.551
35.8942	108.7107	154.014
36.1543	108.7234	154.490
36.4163	108.7290	155.175
36.6802	108.7361	155.824
36.9460	108.7478	156.320
37.2137	108.7539	156.963
37.4834	108.7577	157.698
37.7550	108.7661	158.234
38.0286	108.7743	158.795
38.3041	108.7798	159.501
38.5817	108.7835	160.272
38.8613	108.7942	160.870
39.1429	108.8056	161.471
39.4265	108.8164	162.073
39.7122	108.8205	162.857
40.0000	108.8259	163.611
40.2899	108.8344	164.241
40.5818	108.8429	164.887
40.8759	108.8522	165.546
41.1721	108.8565	166.377
41.4704	108.8622	167.173
41.7710	108.8717	167.849
42.0736	108.8802	168.533
42.3785	108.8874	169.233
42.6856	108.8911	170.071
42.9949	108.8941	170.950
43.3065	108.9010	171.695
43.6203	108.9083	172.453
43.9364	108.9157	173.222
44.2548	108.9225	174.003
44.5755	108.9290	174.798
44.8985	108.9356	175.608
45.2238	108.9390	176.545
45.5515	108.9427	177.487
45.8816	108.9501	178.321
46.2141	108.9572	179.160
46.5490	108.9633	-179.993
46.8863	108.9684	-179.132
47.2261	108.9734	-178.254
47.5683	108.9793	-177.361
47.9130	108.9862	-176.458
48.2602	108.9935	-175.550
48.6099	109.0001	-174.638
48.9621	109.0056	-173.716
49.3169	109.0099	-172.779
49.6743	109.0137	-171.826
50.0343	109.0174	-170.857
50.3968	109.0212	-169.876
50.7620	109.0252	-168.885
51.1299	109.0295	-167.884
51.5004	109.0342	-166.876
51.8736	109.0394	-165.862
52.2495	109.0445	-164.844
52.6281	109.0489	-163.817
53.0095	109.0524	-162.776
53.3936	109.0555	-161.712
53.7805	109.0593	-160.625
54.1702	109.0648	-159.519
54.5628	109.0718	-158.407
54.9581	109.0786	-157.296
55.3564	109.0836	-156.184
55.7575	109.0857	-155.061
56.1616	109.0858	-153.918
56.5685	109.0867	-152.816
56.9785	109.0921	-151.697
57.3914	109.0982	-150.514
57.8072	109.1045	-149.334
58.2261	109.1096	-148.151
58.6481	109.1133	-146.955
59.0730	109.1160	-145.740
59.5011	109.1197	-144.574
59.9323	109.1233	-143.386
60.3666	109.1256	-142.116
60.8040	109.1277	-140.832
61.2446	109.1299	-139.536
61.6884	109.1340	-138.293
62.1355	109.1390	-137.045
62.5857	109.1425	-135.724
63.0392	109.1460	-134.393
63.4960	109.1508	-133.117
63.9562	109.1549	-131.824
64.4196	109.1571	-130.452
64.8864	109.1592	-129.064
65.3566	109.1625	-127.720
65.8302	109.1657	-126.368
66.3073	109.1673	-124.947
66.7877	109.1692	-123.567
67.2717	109.1719	-122.166
67.7592	109.1749	-120.698
68.2502	109.1803	-119.276
68.7448	109.1850	-117.845
69.2429	109.1875	-116.342
69.7447	109.1916	-114.872
70.2501	109.1964	-113.391
70.7591	109.1990	-111.853
71.2719	109.2009	-110.353
71.7884	109.2021	-108.828
72.3086	109.2054	-107.283
72.8325	109.2101	-105.738
73.3603	109.2127	-104.198
73.8919	109.2129	-102.637
74.4274	109.2126	-101.001
74.9667	109.2143	-99.389
75.5099	109.2175	-97.771
76.0571	109.2198	-96.147
76.6083	109.2213	-94.503
77.1634	109.2235	-92.833
77.7226	109.2287	-91.191
78.2858	109.2328	-89.503
78.8531	109.2357	-87.804
79.4245	109.2376	-86.091
80.0000	109.2382	-84.360
80.5797	109.2381	-82.608
81.1636	109.2387	-80.831
81.7518	109.2423	-79.074
82.3442	109.2458	-77.276
82.9409	109.2481	-75.468
83.5419	109.2492	-73.641
84.1473	109.2501	-71.789
84.7570	109.2528	-69.955
85.3712	109.2556	-68.080
85.9899	109.2582	-66.198
86.6130	109.2618	-64.340
87.2406	109.2660	-62.466
87.8728	109.2683	-60.539
88.5096	109.2690	-58.582
89.1509	109.2710	-56.618
89.7970	109.2759	-54.645
90.4477	109.2784	-52.650
91.1031	109.2771	-50.640
91.7633	109.2749	-48.625
92.4282	109.2773	-46.586
93.0980	109.2819	-44.553
93.7726	109.2839	-42.477
94.4521	109.2846	-40.376
95.1366	109.2851	-38.273
95.8260	109.2867	-36.141
96.5204	109.2901	-34.001
97.2198	109.2921	-31.865
97.9243	109.2909	-29.716
98.6339	109.2894	-27.539
99.3486	109.2888	-25.339
100.0685	109.2890	-23.111
100.7937	109.2926	-20.852
101.5241	109.2987	-18.587
102.2598	109.3036	-16.315
103.0008	109.3072	-14.027
103.7472	109.3094	-11.731
104.4990	109.3081	-9.417
105.2562	109.3067	-7.064
106.0189	109.3077	-4.695
106.7872	109.3067	-2.314
107.5610	109.3046	0.117
108.3404	109.3093	2.573
109.1255	109.3158	4.955
109.9163	109.3134	7.362
110.7128	109.3158	9.861
111.5151	109.3222	12.362
112.3231	109.3244	14.881
113.1371	109.3255	17.437
113.9569	109.3269	20.000
114.7827	109.3257	22.595
115.6145	109.3276	25.211
116.4523	109.3325	27.795
117.2961	109.3338	30.401
118.1461	109.3351	33.075
119.0022	109.3377	35.738
119.8646	109.3359	38.411
120.7332	109.3336	41.147
121.6080	109.3347	43.883
122.4893	109.3349	46.630
123.3769	109.3359	49.415
124.2709	109.3389	52.202
125.1714	109.3385	55.008
126.0785	109.3400	57.861
126.9921	109.3446	60.741
127.9123	109.3493	63.635
128.8392	109.3488	66.533
129.7728	109.3439	69.472
130.7132	109.3438	72.437
131.6604	109.3447	75.405
132.6145	109.3474	78.417
133.5755	109.3538	81.423
134.5434	109.3535	84.469
135.5184	109.3534	87.568
136.5004	109.3556	90.659
137.4895	109.3553	93.775
138.4858	109.3556	96.915
139.4894	109.3574	100.063
140.5002	109.3598	103.217
141.5183	109.3551	106.429
142.5438	109.3551	109.728
143.5767	109.3626	112.992
144.6171	109.3623	116.255
145.6651	109.3603	119.544
146.7206	109.3591	122.883
147.7838	109.3673	126.219
148.8547	109.3670	129.595
149.9334	109.3695	133.047
151.0199	109.3698	136.470
152.1142	109.3675	139.960
153.2165	109.3722	143.422
154.3268	109.3676	146.930
155.4451	109.3721	150.467
156.5715	109.3711	154.009
157.7061	109.3700	157.621
158.8489	109.3718	161.257
160.0000	109.3756	164.881
161.1594	109.3756	168.557
162.3273	109.3764	172.291
163.5035	109.3759	176.035
164.6884	109.3723	179.761
165.8818	109.3730	-176.429
167.0838	109.3797	-172.646
168.2946	109.3739	-168.820
169.5141	109.3755	-164.921
170.7425	109.3770	-161.009
171.9797	109.3773	-157.070
173.2260	109.3814	-153.120
174.4812	109.3831	-149.162
175.7456	109.3834	-145.123
177.0191	109.3849	-141.074
178.3019	109.3822	-137.000
179.5939	109.3837	-132.876
180.8953	109.3868	-128.740
182.2062	109.3861	-124.623
183.5265	109.3776	-120.442
184.8564	109.3844	-116.148
186.1960	109.3908	-111.898
187.5452	109.3934	-107.581
188.9043	109.3912	-103.249
190.2731	109.3933	-98.890
191.6519	109.3899	-94.556
193.0407	109.3910	-90.110
194.4396	109.3949	-85.622
195.8486	109.3960	-81.119
197.2678	109.3935	-76.614
198.6972	109.3911	-72.034
200.1371	109.3942	-67.470
201.5874	109.3942	-62.869
203.0482	109.3956	-58.180
204.5195	109.3989	-53.497
206.0016	109.3955	-48.773
207.4943	109.3990	-44.004
208.9979	109.3937	-39.191
210.5124	109.4022	-34.334
212.0379	109.4030	-29.518
213.5744	109.4002	-24.620
215.1220	109.4062	-19.682
216.6809	109.4038	-14.672
218.2510	109.4060	-9.658
219.8326	109.4076	-4.648
221.4256	109.4033	0.489
223.0301	109.4047	5.607
224.6463	109.4068	10.768
226.2742	109.4081	15.916
227.9138	109.3975	21.242
229.5654	109.4013	26.499
231.2289	109.4079	31.801
232.9045	109.4085	37.189
234.5922	109.4086	42.590
236.2922	109.4098	47.991
238.0045	109.4101	53.499
239.7291	109.4018	59.031
241.4663	109.4052	64.573
243.2161	109.4143	70.156
244.9785	109.4113	75.770
246.7537	109.4133	81.470
248.5418	109.4077	87.192
250.3428	109.4139	92.967
252.1569	109.4183	98.807
253.9842	109.4184	104.636
255.8246	109.4105	110.554
257.6785	109.4159	116.411
259.5457	109.4132	122.428
261.4265	109.4142	128.486
263.3209	109.4176	134.558
265.2290	109.4195	140.503
267.1510	109.4644	146.586
269.0869	109.4177	152.875
271.0368	109.4089	159.341
273.0008	109.4279	165.521
274.9791	109.4161	171.888
276.9717	109.4163	178.214
278.9788	109.4249	-175.329
281.0003	109.4180	-168.812
283.0366	109.4119	-162.261
285.0876	109.4185	-155.712
287.1535	109.4200	-149.114
289.2343	109.4242	-142.456
291.3302	109.4211	-135.675
293.4413	109.4243	-128.930
295.5677	109.4280	-122.121
297.7095	109.4232	-115.285
299.8668	109.4244	-108.329
302.0398	109.4218	-101.331
304.2285	109.4225	-94.327
306.4330	109.4267	-87.240
308.6536	109.4229	-80.158
310.8902	109.4194	-72.976
313.1431	109.4271	-65.738
315.4122	109.4303	-58.435
317.6978	109.4320	-51.078
320.0000	109.4324	-43.708
322.3189	109.4300	-36.257
324.6545	109.4309	-28.754
327.0071	109.4307	-21.235
329.3767	109.4268	-13.630
331.7635	109.4289	-5.978
334.1676	109.4286	1.761
336.5891	109.4292	9.550
339.0282	109.4302	17.424
341.4849	109.4295	25.290
343.9595	109.4348	33.208
346.4519	109.4339	41.245
348.9625	109.4375	49.280
351.4912	109.4385	57.413
354.0383	109.4377	65.597
356.6038	109.4374	73.824
359.1879	109.4358	82.130
361.7907	109.4356	90.499
364.4124	109.4340	98.894
367.0530	109.4422	107.420
369.7129	109.4349	115.966
372.3920	109.4361	124.570
375.0905	109.4354	133.258
377.8085	109.4360	141.988
380.5463	109.4332	150.764
383.3039	109.4403	159.655
386.0814	109.4430	168.560
388.8792	109.4377	177.510
391.6971	109.4381	-173.382
394.5355	109.4411	-164.286
397.3945	109.4399	-155.107
400.2742	109.4442	-145.818
403.1747	109.4376	-136.483
406.0963	109.4405	-127.081
409.0390	109.4413	-117.631
412.0031	109.4473	-108.098
414.9887	109.4413	-98.508
417.9958	109.4455	-88.842
421.0248	109.4421	-79.118
424.0757	109.4425	-69.284
427.1488	109.4430	-59.403
430.2440	109.4428	-49.433
433.3618	109.4445	-39.424
436.5021	109.4456	-29.314
439.6652	109.4484	-19.120
442.8512	109.4488	-8.878
446.0602	109.4463	1.427
449.2926	109.4494	11.829
452.5483	109.4469	22.284
455.8277	109.4480	32.840
459.1308	109.4409	43.521
462.4579	109.4497	54.171
465.8090	109.4487	64.958
469.1845	109.4495	75.845
472.5844	109.4498	86.783
476.0089	109.4504	97.787
479.4583	109.4478	108.890
482.9326	109.4502	120.097
486.4321	109.4502	131.345
489.9570	109.4511	142.665
493.5075	109.4460	154.112
497.0836	109.4511	165.590
500.6857	109.4528	177.202
504.3139	109.4506	-171.141
507.9683	109.4495	-159.342
511.6493	109.4529	-147.529
515.3569	109.4485	-135.599
519.0914	109.4533	-123.552
522.8529	109.4552	-111.449
526.6418	109.4541	-99.248
530.4580	109.4565	-86.997
534.3019	109.4650	-74.627
538.1737	109.4533	-62.146
542.0735	109.4499	-49.602
546.0016	109.4534	-36.956
549.9582	109.4557	-24.196
553.9434	109.4552	-11.388
557.9575	109.4564	1.569
562.0007	109.4581	14.586
566.0732	109.4580	27.678
570.1752	109.4563	40.904
574.3069	109.4589	54.175
578.4686	109.4569	67.592
582.6604	109.4588	81.081
586.8826	109.4605	94.671
591.1354	109.4583	108.360
595.4190	109.4595	122.186
599.7336	109.4615	136.097
604.0796	109.4575	150.058
608.4570	109.4579	164.143
612.8661	109.4641	178.330
617.3072	109.4645	-167.365
621.7804	109.4619	-152.922
626.2861	109.4575	-138.411
630.8244	109.4582	-123.815
635.3957	109.4628	-109.102
640.0000	109.4630	-94.257
644.6377	109.4630	-79.275
649.3090	109.4640	-64.275
654.0142	109.4618	-49.126
658.7534	109.4619	-33.859
663.5270	109.4628	-18.475
668.3352	109.4639	-2.999
673.1783	109.4653	12.610
678.0564	109.4657	28.305
682.9699	109.4688	44.136
687.9189	109.4634	60.082
692.9039	109.4689	76.139
697.9249	109.4653	92.331
702.9824	109.4694	108.616
708.0765	109.4664	125.025
713.2075	109.4691	141.531
718.3757	109.4626	158.197
723.5814	109.4697	174.991
728.8247	109.4667	-168.118
734.1061	109.4658	-151.104
739.4257	109.4681	-133.990
744.7839	109.4658	-116.709
750.1809	109.4695	-99.341
755.6170	109.4688	-81.826
761.0926	109.4667	-64.192
766.6077	109.4702	-46.377
772.1629	109.4725	-28.494
777.7583	109.4686	-10.500
783.3943	109.4687	7.677
789.0711	109.4712	25.966
794.7890	109.4707	44.406
800.5484	109.4756	62.908
806.3495	109.4729	81.620
812.1926	109.4712	100.472
818.0781	109.4722	119.440
824.0062	109.4714	138.543
829.9773	109.4698	157.765
835.9917	109.4748	177.149
842.0496	109.4711	-163.327
848.1515	109.4711	-143.672
854.2975	109.4725	-123.863
860.4881	109.4722	-103.877
866.7236	109.4745	-83.809
873.0042	109.4699	-63.573
879.3303	109.4758	-43.202
885.7023	109.4731	-22.643
892.1205	109.4747	-1.965
898.5852	109.4774	18.878
905.0967	109.4734	39.845
911.6554	109.4734	61.029
918.2616	109.4773	82.278
924.9157	109.4731	103.707
931.6180	109.4803	125.323
938.3689	109.4758	147.095
945.1687	109.4742	168.993
952.0178	109.4781	-168.915
958.9165	109.4717	-146.687
965.8652	109.4750	-124.291
972.8643	109.4769	-101.733
979.9141	109.4735	-79.028
987.0149	109.4740	-56.114
994.1672	109.4743	-33.081
1001.3714	109.4687	-9.840
1008.6277	109.4752	13.527
1015.9367	109.4804	37.086
1023.2986	109.4751	60.805
1030.7138	109.4754	84.703
1038.1828	109.4737	108.780
1045.7059	109.4732	133.033
1053.2835	109.4789	157.475
1060.9160	109.4777	-177.889
1068.6039	109.4741	-153.156
1076.3474	109.4733	-128.183
1084.1471	109.4783	-103.057
1092.0032	109.4784	-77.745
1099.9164	109.4791	-52.227
1107.8868	109.4721	-26.541
1115.9150	109.4718	-0.627
1124.0014	109.4769	25.415
1132.1464	109.4745	51.700
1140.3504	109.4692	78.123
1148.6138	109.4735	104.749
1156.9371	109.4760	131.590
1165.3208	109.4787	158.607
1173.7652	109.4725	-174.172
1182.2708	109.4759	-146.728
1190.8380	109.4729	-119.108
1199.4673	109.4745	-91.304
1208.1591	109.4735	-63.266
1216.9139	109.4721	-35.076
1225.7322	109.4689	-6.636
1234.6144	109.4741	22.002
1243.5609	109.4757	50.880
1252.5722	109.4768	79.868
1261.6489	109.4730	109.136
1270.7913	109.4715	138.634
1280.0000	109.4734	168.288
1289.2754	109.4671	-161.806
1298.6180	109.4732	-131.636
1308.0284	109.4734	-101.344
1317.5069	109.4724	-70.801
1327.0541	109.4695	-40.052
1336.6704	109.4622	-8.993
1346.3565	109.4629	22.214
1356.1128	109.4622	53.712
1365.9397	109.4655	85.381
1375.8379	109.4658	117.311
1385.8078	109.4629	149.444
1395.8499	109.4601	-178.235
1405.9648	109.4587	-145.608
1416.1530	109.4633	-112.799
1426.4150	109.4651	-79.694
1436.7514	109.4649	-46.320
1447.1627	109.4575	-12.788
1457.6495	109.4580	20.985
1468.2122	109.4605	55.101
1478.8515	109.4544	89.366
1489.5678	109.4611	123.930
1500.3618	109.4551	158.736
1511.2341	109.4563	-166.231
1522.1851	109.4538	-130.895
1533.2155	109.4572	-95.324
1544.3258	109.4545	-59.545
1555.5166	109.4533	-23.458
1566.7885	109.4544	12.871
1578.1421	109.4512	49.475
1589.5780	109.4519	86.337
1601.0967	109.4493	123.464
1612.6989	109.4488	160.893
1624.3852	109.4476	-161.427
1636.1562	109.4493	-123.481
1648.0125	109.4463	-85.222
1659.9546	109.4467	-46.752
1671.9833	109.4427	-7.981
1684.0992	109.4422	31.074
1696.3029	109.4439	70.425
1708.5950	109.4438	110.076
1720.9762	109.4408	149.953
1733.4471	109.4405	-169.806
1746.0084	109.4381	-129.323
1758.6607	109.4385	-88.539
1771.4046	109.4374	-47.452
1784.2410	109.4363	-6.063
1797.1703	109.4356	35.626
1810.1934	109.4344	77.600
1823.3108	109.4365	119.888
1836.5232	109.4298	162.501
1849.8314	109.4319	-154.602
1863.2361	109.4303	-111.372
1876.7379	109.4315	-67.844
1890.3375	109.4276	-24.001
1904.0356	109.4261	20.144
1917.8331	109.4257	64.618
1931.7305	109.4248	109.447
1945.7286	109.4253	154.559
1959.8281	109.4234	-159.979
1974.0299	109.4225	-114.191
1988.3345	109.4229	-68.066
2002.7428	109.4210	-21.614
2017.2555	109.4191	25.184
2031.8733	109.4217	72.323
2046.5971	109.4214	119.775
2061.4276	109.4179	167.566
2076.3656	109.4204	-144.260
2091.4118	109.4199	-95.747
2106.5670	109.4195	-46.877
2121.8321	109.4196	2.335
2137.2077	109.4158	51.888
2152.6948	109.4150	101.873
2168.2941	109.4178	152.132
2184.0065	109.4198	-157.220
2199.8327	109.4179	-106.194
2215.7736	109.4164	-54.780
2231.8300	109.4166	-3.031
2248.0028	109.4146	49.124
2264.2927	109.4170	101.636
2280.7007	109.4140	154.545
2297.2276	109.4145	-152.173
2313.8743	109.4109	-98.509
2330.6416	109.4145	-44.436
2347.5304	109.4165	10.017
2364.5415	109.4128	64.864
2381.6760	109.4131	120.115
2398.9346	109.4157	175.751
2416.3182	109.4162	-128.199
2433.8279	109.4118	-71.738
2451.4644	109.4148	-14.878
2469.2287	109.4162	42.408
2487.1218	109.4181	100.105
2505.1445	109.4159	158.226
2523.2978	109.4148	-143.247
2541.5826	109.4190	-84.295
2560.0000	109.4183	-24.885
2578.5508	109.4200	34.924
2597.2361	109.4198	95.178
2616.0567	109.4199	155.859
2635.0137	109.4222	-142.996
2654.1081	109.4201	-81.397
2673.3409	109.4224	-19.405
2692.7130	109.4234	43.062
2712.2255	109.4237	105.968
2731.8794	109.4258	169.371
2751.6758	109.4280	-126.807
2771.6155	109.4267	-62.476
2791.6998	109.4286	2.273
2811.9296	109.4296	67.515
2832.3060	109.4264	133.228
2852.8301	109.4301	-160.588
2873.5028	109.4307	-93.904
2894.3254	109.4326	-26.758
2915.2989	109.4284	40.892
2936.4244	109.4320	109.029
2957.7029	109.4314	177.639
2979.1356	109.4340	-113.213
3000.7237	109.4375	-43.598
3022.4682	109.4377	26.530
3044.3702	109.4380	97.189
3066.4310	109.4343	168.334
3088.6516	109.4380	-120.000
3111.0332	109.4379	-47.807
3133.5771	109.4365	24.908
3156.2843	109.4362	98.138
3179.1560	109.4379	171.905
3202.1935	109.4377	-113.782
3225.3979	109.4394	-38.941
3248.7705	109.4405	36.463
3272.3124	109.4373	112.394
3296.0249	109.4398	-171.135
3319.9093	109.4369	-94.105
3343.9667	109.4393	-16.502
3368.1985	109.4391	61.654
3392.6058	109.4391	140.385
3417.1900	109.4379	-140.313
3441.9524	109.4358	-60.442
3466.8942	109.4389	20.021
3492.0167	109.4355	101.038
3517.3213	109.4354	-177.348
3542.8093	109.4355	-95.128
3568.4820	109.4347	-12.321
3594.3406	109.4317	71.080
3620.3867	109.4309	155.103
3646.6215	109.4313	-120.296
3673.0465	109.4301	-35.058
3699.6629	109.4315	50.825
3726.4721	109.4283	137.246
3753.4757	109.4272	-135.628
3780.6749	109.4240	-47.890
3808.0713	109.4228	40.471
3835.6661	109.4241	129.478
3863.4609	109.4219	-140.874
3891.4572	109.4225	-50.575
3919.6563	109.4220	40.395
3948.0597	109.4192	131.995
3976.6690	109.4192	-135.755
4005.4856	109.4165	-42.792
4034.5110	109.4153	50.822
4063.7467	109.4169	145.130
4093.1943	109.4162	-119.906
4122.8552	109.4162	-24.240
4152.7312	109.4167	72.127
4182.8236	109.4174	169.174
4213.1340	109.4157	-93.066
4243.6641	109.4176	5.407
4274.4155	109.4131	104.583
4305.3896	109.4171	-155.539
4336.5883	109.4186	-54.921
4368.0130	109.4185	46.459
4399.6654	109.4167	148.557
4431.5472	109.4207	-108.622
4463.6600	109.4222	-5.041
4496.0055	109.4238	99.273
4528.5854	109.4251	-155.616
4561.4014	109.4273	-49.801
4594.4552	109.4307	56.816
4627.7485	109.4312	164.185
4661.2831	109.4342	-87.636
4695.0607	109.4361	21.336
4729.0830	109.4386	131.056
4763.3519	109.4412	-118.411
4797.8691	109.4450	-7.066
4832.6365	109.4483	105.078
4867.6558	109.4497	-141.962
4902.9288	109.4516	-28.176
4938.4574	109.4552	86.437
4974.2435	109.4587	-158.137
5010.2890	109.4584	-41.850
5046.5956	109.4648	75.266
5083.1653	109.4673	-166.738
5120.0000	109.4720	-47.919
5157.1016	109.4708	71.785
5194.4721	109.4757	-167.685
5232.1134	109.4772	-46.241
5270.0275	109.4793	76.081
5308.2162	109.4790	-160.718
5346.6818	109.4823	-36.615
5385.4260	109.4828	88.366
5424.4510	109.4866	-145.727
5463.7589	109.4880	-18.915
5503.3515	109.4862	108.825
5543.2311	109.4860	-122.537
5583.3996	109.4886	7.075
5623.8592	109.4889	137.594
5664.6120	109.4886	-90.925
5705.6601	109.4875	41.504
5747.0057	109.4870	174.891
5788.6509	109.4871	-50.772
5830.5978	109.4862	84.543
5872.8487	109.4841	-139.138
5915.4058	109.4839	-1.866
5958.2713	109.4814	136.419
6001.4474	109.4802	-84.313
6044.9363	109.4777	55.983
6088.7404	109.4745	-162.721
6132.8620	109.4718	-20.394
6177.3032	109.4710	122.952
6222.0665	109.4707	-92.664
6267.1541	109.4699	52.765
6312.5685	109.4687	-160.767
6358.3120	109.4675	-13.223
6404.3869	109.4643	135.409
6450.7958	109.4626	-74.912
6497.5409	109.4617	75.852
6544.6248	109.4591	-132.294
6592.0498	109.4606	20.661
6639.8185	109.4576	174.725
6687.9334	109.4605	-30.102
6736.3969	109.4625	126.220
6785.2116	109.4625	-76.349
6834.3801	109.4612	82.231
6883.9048	109.4652	-118.048
6933.7884	109.4645	42.849
6984.0335	109.4655	-155.101
7034.6427	109.4686	8.128
7085.6186	109.4687	172.533
7136.9639	109.4691	-21.873
7188.6813	109.4732	144.942
7240.7734	109.4736	-47.073
7293.2431	109.4767	122.169
7346.0929	109.4761	-67.359
7399.3257	109.4778	104.315
7452.9443	109.4778	-82.741
7506.9514	109.4782	91.446
7561.3499	109.4777	-93.104
7616.1425	109.4755	83.623
7671.3322	109.4730	-98.387
7726.9219	109.4756	80.880
7782.9143	109.4697	-98.522
7839.3125	109.4690	83.373
7896.1194	109.4644	-93.430
7953.3380	109.4605	91.097
8010.9711	109.4615	-83.076
8069.0219	109.4543	104.134
8127.4934	109.4494	-67.311
8186.3886	109.4449	122.607
8245.7105	109.4426	-46.133
8305.4623	109.4361	146.511
8365.6471	109.4300	-19.443
8426.2680	109.4266	175.999
8487.3283	109.4222	12.865
8548.8309	109.4207	-148.865
8610.7793	109.4165	50.835
8673.1765	109.4140	-108.025
8736.0260	109.4121	94.567
8799.3308	109.4127	-61.366
8863.0944	109.4094	144.173
8927.3200	109.4092	-8.812
8992.0111	109.4095	-160.295
9057.1709	109.4126	49.732
9122.8029	109.4144	-98.712
9188.9105	109.4141	114.370
9255.4971	109.4165	-31.013
9322.5662	109.4161	-174.828
9390.1214	109.4192	42.913
9458.1661	109.4211	-97.788
9526.7039	109.4218	123.131
9595.7383	109.4273	-14.370
9665.2730	109.4264	-150.241
9735.3115	109.4282	75.506
9805.8576	109.4307	-57.141
9876.9149	109.4295	171.870
9948.4871	109.4268	42.533
10020.5779	109.4282	-85.143
10093.1912	109.4259	148.862
10166.3306	109.4208	24.556
10240.0000	109.4218	-98.036
10314.2033	109.4182	141.048
10388.9442	109.4180	21.874
10464.2268	109.4133	-95.550
10540.0549	109.4138	148.764
10616.4325	109.4124	34.833
10693.3635	109.4120	-77.311
10770.8521	109.4116	172.330
10848.9021	109.4111	63.766
10927.5177	109.4138	-42.965
11006.7030	109.4157	-147.863
11086.4621	109.4205	109.072
11166.7992	109.4245	7.870
11247.7184	109.4289	-91.440
11329.2240	109.4344	171.138
11411.3202	109.4409	75.628
11494.0114	109.4495	-17.962
11577.3017	109.4519	-109.620
11661.1956	109.4562	160.663
11745.6975	109.4604	72.914
11830.8116	109.4645	-12.854
11916.5426	109.4685	-96.633
12002.8947	109.4701	-178.377
12089.8727	109.4690	101.855
12177.4809	109.4681	24.147
12265.7239	109.4680	-51.523
12354.6064	109.4655	-125.140
12444.1330	109.4646	163.294
12534.3083	109.4616	93.889
12625.1370	109.4600	26.561
12716.6240	109.4558	-38.670
12808.7739	109.4546	-101.757
12901.5916	109.4532	-162.648
12995.0818	109.4501	138.596
13089.2495	109.4485	82.056
13184.0996	109.4534	27.720
13279.6370	109.4526	-24.391
13375.8668	109.4596	-74.233
13472.7938	109.4541	-121.805
13570.4232	109.4594	-167.123
13668.7601	109.4600	149.883
13767.8096	109.4560	109.246
13867.5768	109.4587	70.885
13968.0670	109.4584	34.882
14069.2853	109.4563	1.315
14171.2372	109.4521	-29.957
14273.9278	109.4482	-58.756
14377.3626	109.4440	-85.149
14481.5469	109.4336	-109.155
14586.4861	109.4275	-130.660
14692.1858	109.4208	-149.697
14798.6515	109.4116	-166.302
14905.8886	109.4056	179.634
15013.9028	109.4024	168.112
15122.6997	109.3960	159.132
15232.2851	109.3931	152.678
15342.6645	109.3920	148.856
15453.8437	109.3947	147.651
15565.8287	109.3974	149.058
15678.6251	109.3974	153.099
15792.2389	109.3996	159.832
15906.6759	109.3988	169.281
16021.9423	109.3989	-178.601
16138.0439	109.3994	-163.719
16254.9868	109.4030	-146.091
16372.7771	109.4036	-125.724
16491.4210	109.3975	-102.552
16610.9246	109.3962	-76.609
16731.2942	109.3917	-47.843
16852.5361	109.3921	-16.240
16974.6565	109.3868	18.249
17097.6619	109.3854	55.586
17221.5586	109.3826	95.826
17346.3531	109.3855	138.986
17472.0519	109.3895	-174.882
17598.6616	109.3946	-125.790
17726.1888	109.3993	-73.731
17854.6400	109.4049	-18.612
17984.0221	109.4092	39.546
18114.3418	109.4174	100.754
18245.6057	109.4197	165.061
18377.8209	109.4265	-127.545
18510.9942	109.4267	-57.010
18645.1325	109.4262	16.674
18780.2428	109.4260	93.497
18916.3322	109.4211	173.522
19053.4077	109.4180	-103.252
19191.4766	109.4110	-16.822
19330.5459	109.4071	72.891
19470.6230	109.4034	165.850
19611.7152	109.3971	-97.885
19753.8298	109.3975	1.713
19896.9742	109.3928	104.642
