* Helix DSP Ultra S, output layer - phase control at 0 - the set's reference; subwoofer channel, LPF configured 5000 Hz and bypassed.
* ELECTRICAL loop, no microphone: Scarlett 2i2 out L -> Helix line in,
* Helix line out -> Scarlett in 1; out R -> in 2 direct as the timing
* reference, timing offset 0. Everything else in the channel off; no gain,
* level or routing changed within a set, so the ratio to the set's reference
* is the filter alone.
* REW V5.40 beta 134 measurement #84 'p0_phase_0_lp5000_byp', 2026-Sep-02 12:23:49, 512k sweep, 1 average, 96 kHz,
* 20 Hz - 20 kHz, loopback timing reference. SNR 46.8 dB, delay -9.0212 ms.
* Levels are REW's electrical dB (splOffset 120.00); only ratios within a set carry meaning.
* frequency_Hz<TAB>dB<TAB>phase_deg - REW's UNSMOOTHED raw spectrum (linear bins) resampled to 1/96 octave by complex averaging within each cell,
* with the measurement's own delay removed before averaging and restored after, so the cell average carries no rotation loss.
20.0000	106.5249	130.396
20.1449	106.5249	130.867
20.2909	106.5482	130.927
20.4379	106.5825	130.813
20.5860	106.5926	131.090
20.7352	106.6120	131.190
20.8855	106.6302	131.323
21.0368	106.6504	131.404
21.1893	106.6760	131.393
21.3428	106.6889	131.631
21.4975	106.7085	131.744
21.6532	106.7224	131.978
21.8102	106.7480	131.964
21.9682	106.7687	132.065
22.1274	106.7873	132.181
22.2877	106.8130	132.162
22.4492	106.8254	132.406
22.6119	106.8438	132.525
22.7758	106.8545	132.825
22.9408	106.8796	132.788
23.1071	106.8937	133.014
23.2745	106.9146	133.088
23.4432	106.9316	133.264
23.6130	106.9495	133.430
23.7841	106.9692	133.571
23.9565	106.9847	133.810
24.1301	107.0066	133.930
24.3049	107.0201	134.223
24.4811	107.0434	134.330
24.6585	107.0552	134.664
24.8372	107.0790	134.766
25.0171	107.0895	135.127
25.1984	107.1129	135.233
25.3810	107.1227	135.611
25.5649	107.1449	135.729
25.7502	107.1542	136.115
25.9368	107.1747	136.257
26.1247	107.1842	136.642
26.3141	107.2030	136.820
26.5047	107.2132	137.196
26.6968	107.2305	137.419
26.8903	107.2422	137.777
27.0851	107.2580	138.052
27.2814	107.2717	138.380
27.4791	107.2857	138.711
27.6782	107.3011	138.999
27.8788	107.3123	139.393
28.0808	107.3288	139.633
28.2843	107.3366	140.099
28.4892	107.3578	140.169
28.6957	107.3645	140.635
28.9036	107.3766	140.947
29.1131	107.3859	141.358
29.3240	107.3953	141.774
29.5365	107.4087	142.126
29.7506	107.4159	142.644
29.9661	107.4387	142.836
30.1833	107.4487	143.325
30.4020	107.4625	143.740
30.6223	107.4763	144.134
30.8442	107.4848	144.659
31.0677	107.5039	144.875
31.2929	107.5111	145.385
31.5196	107.5201	145.855
31.7480	107.5351	146.139
31.9781	107.5402	146.746
32.2098	107.5510	147.205
32.4432	107.5612	147.711
32.6783	107.5684	148.302
32.9151	107.5863	148.644
33.1536	107.5950	149.187
33.3939	107.6028	149.765
33.6359	107.6166	150.119
33.8796	107.6225	150.694
34.1251	107.6281	151.288
34.3724	107.6390	151.690
34.6215	107.6455	152.291
34.8723	107.6512	152.928
35.1250	107.6652	153.367
35.3796	107.6743	153.958
35.6359	107.6802	154.640
35.8942	107.6944	155.087
36.1543	107.7065	155.543
36.4163	107.7110	156.229
36.6802	107.7168	156.877
36.9460	107.7265	157.387
37.2137	107.7330	158.048
37.4834	107.7371	158.796
37.7550	107.7491	159.350
38.0286	107.7620	159.907
38.3041	107.7692	160.602
38.5817	107.7742	161.368
38.8613	107.7849	161.940
39.1429	107.7939	162.526
39.4265	107.8022	163.131
39.7122	107.8060	163.924
40.0000	107.8107	164.688
40.2899	107.8198	165.330
40.5818	107.8288	165.981
40.8759	107.8371	166.643
41.1721	107.8403	167.483
41.4704	107.8446	168.290
41.7710	107.8519	168.995
42.0736	107.8599	169.720
42.3785	107.8693	170.458
42.6856	107.8752	171.313
42.9949	107.8798	172.205
43.3065	107.8904	172.955
43.6203	107.8998	173.705
43.9364	107.9074	174.462
44.2548	107.9133	175.233
44.5755	107.9184	176.023
44.8985	107.9236	176.832
45.2238	107.9265	177.776
45.5515	107.9295	178.724
45.8816	107.9365	179.572
46.2141	107.9444	-179.571
46.5490	107.9525	-178.708
46.8863	107.9601	-177.841
47.2261	107.9664	-176.965
47.5683	107.9713	-176.078
47.9130	107.9750	-175.175
48.2602	107.9785	-174.255
48.6099	107.9823	-173.321
48.9621	107.9868	-172.378
49.3169	107.9916	-171.427
49.6743	107.9965	-170.469
50.0343	108.0014	-169.501
50.3968	108.0066	-168.521
50.7620	108.0122	-167.529
51.1299	108.0180	-166.529
51.5004	108.0233	-165.519
51.8736	108.0276	-164.498
52.2495	108.0308	-163.460
52.6281	108.0337	-162.403
53.0095	108.0372	-161.328
53.3936	108.0419	-160.243
53.7805	108.0473	-159.154
54.1702	108.0526	-158.063
54.5628	108.0573	-156.966
54.9581	108.0612	-155.859
55.3564	108.0648	-154.739
55.7575	108.0685	-153.607
56.1616	108.0721	-152.462
56.5685	108.0764	-151.383
56.9785	108.0800	-150.274
57.3914	108.0832	-149.066
57.8072	108.0880	-147.843
58.2261	108.0944	-146.614
58.6481	108.1011	-145.387
59.0730	108.1068	-144.160
59.5011	108.1113	-143.002
59.9323	108.1132	-141.818
60.3666	108.1148	-140.538
60.8040	108.1178	-139.244
61.2446	108.1220	-137.941
61.6884	108.1291	-136.701
62.1355	108.1351	-135.454
62.5857	108.1379	-134.124
63.0392	108.1398	-132.777
63.4960	108.1421	-131.468
63.9562	108.1445	-130.139
64.4196	108.1464	-128.744
64.8864	108.1484	-127.342
65.3566	108.1514	-125.996
65.8302	108.1544	-124.644
66.3073	108.1567	-123.221
66.7877	108.1611	-121.850
67.2717	108.1657	-120.468
67.7592	108.1682	-119.007
68.2502	108.1711	-117.578
68.7448	108.1740	-116.119
69.2429	108.1765	-114.595
69.7447	108.1797	-113.110
70.2501	108.1810	-111.618
70.7591	108.1807	-110.060
71.2719	108.1806	-108.528
71.7884	108.1827	-106.981
72.3086	108.1870	-105.434
72.8325	108.1914	-103.884
73.3603	108.1952	-102.320
73.8919	108.1993	-100.735
74.4274	108.2025	-99.089
74.9667	108.2069	-97.478
75.5099	108.2098	-95.850
76.0571	108.2113	-94.199
76.6083	108.2132	-92.528
77.1634	108.2158	-90.847
77.7226	108.2188	-89.207
78.2858	108.2202	-87.511
78.8531	108.2218	-85.796
79.4245	108.2241	-84.068
80.0000	108.2254	-82.331
80.5797	108.2249	-80.574
81.1636	108.2241	-78.782
81.7518	108.2282	-77.002
82.3442	108.2346	-75.196
82.9409	108.2396	-73.396
83.5419	108.2416	-71.573
84.1473	108.2429	-69.704
84.7570	108.2473	-67.833
85.3712	108.2506	-65.930
85.9899	108.2505	-64.022
86.6130	108.2486	-62.125
87.2406	108.2500	-60.218
87.8728	108.2522	-58.280
88.5096	108.2527	-56.324
89.1509	108.2541	-54.353
89.7970	108.2610	-52.361
90.4477	108.2659	-50.361
91.1031	108.2645	-48.356
91.7633	108.2598	-46.333
92.4282	108.2636	-44.265
93.0980	108.2714	-42.214
93.7726	108.2739	-40.117
94.4521	108.2754	-37.976
95.1366	108.2797	-35.843
95.8260	108.2815	-33.726
96.5204	108.2794	-31.594
97.2198	108.2793	-29.440
97.9243	108.2795	-27.271
98.6339	108.2805	-25.057
99.3486	108.2865	-22.822
100.0685	108.2903	-20.601
100.7937	108.2882	-18.349
101.5241	108.2879	-16.055
102.2598	108.2900	-13.765
103.0008	108.2900	-11.463
103.7472	108.2920	-9.130
104.4990	108.2959	-6.791
105.2562	108.2976	-4.433
106.0189	108.2992	-2.042
106.7872	108.3003	0.366
107.5610	108.3000	2.802
108.3404	108.3028	5.260
109.1255	108.3060	7.683
109.9163	108.3052	10.144
110.7128	108.3076	12.655
111.5151	108.3077	15.163
112.3231	108.3039	17.716
113.1371	108.3083	20.287
113.9569	108.3144	22.816
114.7827	108.3139	25.401
115.6145	108.3163	28.030
116.4523	108.3192	30.633
117.2961	108.3152	33.275
118.1461	108.3138	35.993
119.0022	108.3166	38.700
119.8646	108.3184	41.399
120.7332	108.3194	44.131
121.6080	108.3214	46.865
122.4893	108.3246	49.643
123.3769	108.3294	52.458
124.2709	108.3300	55.296
125.1714	108.3276	58.168
126.0785	108.3283	61.040
126.9921	108.3294	63.904
127.9123	108.3318	66.796
128.8392	108.3324	69.716
129.7728	108.3304	72.689
130.7132	108.3336	75.684
131.6604	108.3375	78.666
132.6145	108.3411	81.673
133.5755	108.3408	84.690
134.5434	108.3373	87.799
135.5184	108.3397	90.911
136.5004	108.3351	94.006
137.4895	108.3357	97.185
138.4858	108.3417	100.342
139.4894	108.3445	103.498
140.5002	108.3467	106.648
141.5183	108.3412	109.884
142.5438	108.3465	113.205
143.5767	108.3533	116.476
144.6171	108.3508	119.800
145.6651	108.3548	123.119
146.7206	108.3507	126.446
147.7838	108.3526	129.874
148.8547	108.3595	133.296
149.9334	108.3593	136.727
151.0199	108.3580	140.179
152.1142	108.3539	143.662
153.2165	108.3559	147.193
154.3268	108.3557	150.707
155.4451	108.3553	154.298
156.5715	108.3610	157.874
157.7061	108.3621	161.512
158.8489	108.3693	165.164
160.0000	108.3666	168.827
161.1594	108.3624	172.569
162.3273	108.3623	176.300
163.5035	108.3635	-179.969
164.6884	108.3637	-176.204
165.8818	108.3647	-172.337
167.0838	108.3700	-168.507
168.2946	108.3696	-164.670
169.5141	108.3719	-160.782
170.7425	108.3735	-156.821
171.9797	108.3725	-152.870
173.2260	108.3731	-148.890
174.4812	108.3726	-144.883
175.7456	108.3765	-140.840
177.0191	108.3711	-136.767
178.3019	108.3736	-132.612
179.5939	108.3787	-128.471
180.8953	108.3769	-124.370
182.2062	108.3776	-120.152
183.5265	108.3926	-115.935
184.8564	108.3827	-111.640
186.1960	108.3847	-107.292
187.5452	108.3843	-103.012
188.9043	108.3857	-98.630
190.2731	108.3821	-94.211
191.6519	108.3831	-89.846
193.0407	108.3843	-85.412
194.4396	108.3903	-80.891
195.8486	108.3882	-76.352
197.2678	108.3831	-71.787
198.6972	108.3879	-67.183
200.1371	108.3827	-62.528
201.5874	108.3881	-57.886
203.0482	108.3914	-53.259
204.5195	108.3858	-48.523
206.0016	108.3890	-43.721
207.4943	108.3913	-38.920
208.9979	108.3915	-34.104
210.5124	108.3901	-29.204
212.0379	108.3917	-24.318
213.5744	108.3900	-19.370
215.1220	108.3876	-14.404
216.6809	108.3931	-9.406
218.2510	108.3949	-4.337
219.8326	108.3970	0.737
221.4256	108.3993	5.830
223.0301	108.4012	11.030
224.6463	108.3918	16.221
226.2742	108.3850	21.502
227.9138	108.3922	26.749
229.5654	108.3992	32.098
231.2289	108.3966	37.461
232.9045	108.3962	42.844
234.5922	108.3975	48.267
236.2922	108.4005	53.760
238.0045	108.4011	59.260
239.7291	108.4074	64.860
241.4663	108.4037	70.474
243.2161	108.4020	76.132
244.9785	108.4052	81.771
246.7537	108.4009	87.454
248.5418	108.3994	93.251
250.3428	108.4021	99.065
252.1569	108.4077	104.907
253.9842	108.4100	110.785
255.8246	108.4088	116.765
257.6785	108.4031	122.750
259.5457	108.4088	128.748
261.4265	108.4167	134.792
263.3209	108.4115	140.916
265.2290	108.4240	147.114
267.1510	108.4131	152.805
269.0869	108.4056	159.353
271.0368	108.4274	165.860
273.0008	108.4056	172.238
274.9791	108.4244	178.587
276.9717	108.4092	-174.947
278.9788	108.4118	-168.533
281.0003	108.4113	-161.970
283.0366	108.4045	-155.393
285.0876	108.4143	-148.769
287.1535	108.4200	-142.128
289.2343	108.4188	-135.375
291.3302	108.4116	-128.598
293.4413	108.4172	-121.799
295.5677	108.4182	-114.897
297.7095	108.4196	-108.007
299.8668	108.4173	-101.025
302.0398	108.4135	-94.028
304.2285	108.4137	-86.920
306.4330	108.4208	-79.790
308.6536	108.4235	-72.641
310.8902	108.4158	-65.410
313.1431	108.4197	-58.100
315.4122	108.4282	-50.798
317.6978	108.4272	-43.328
320.0000	108.4241	-35.904
322.3189	108.4145	-28.435
324.6545	108.4175	-20.851
327.0071	108.4198	-13.267
329.3767	108.4232	-5.615
331.7635	108.4197	2.115
334.1676	108.4225	9.885
336.5891	108.4233	17.738
339.0282	108.4210	25.627
341.4849	108.4221	33.603
343.9595	108.4209	41.575
346.4519	108.4235	49.618
348.9625	108.4234	57.795
351.4912	108.4147	65.970
354.0383	108.4269	74.193
356.6038	108.4235	82.484
359.1879	108.4254	90.864
361.7907	108.4233	99.292
364.4124	108.4266	107.803
367.0530	108.4269	116.316
369.7129	108.4276	124.924
372.3920	108.4293	133.642
375.0905	108.4287	142.386
377.8085	108.4294	151.135
380.5463	108.4302	160.021
383.3039	108.4285	168.956
386.0814	108.4318	177.955
388.8792	108.4315	-172.987
391.6971	108.4281	-163.876
394.5355	108.4272	-154.678
397.3945	108.4344	-145.413
400.2742	108.4309	-136.071
403.1747	108.4349	-126.700
406.0963	108.4301	-117.229
409.0390	108.4330	-107.713
412.0031	108.4364	-98.094
414.9887	108.4332	-88.410
417.9958	108.4324	-78.734
421.0248	108.4338	-68.869
424.0757	108.4328	-58.979
427.1488	108.4341	-49.043
430.2440	108.4335	-39.001
433.3618	108.4358	-28.911
436.5021	108.4377	-18.707
439.6652	108.4307	-8.474
442.8512	108.4337	1.851
446.0602	108.4400	12.255
449.2926	108.4325	22.752
452.5483	108.4359	33.285
455.8277	108.4363	43.933
459.1308	108.4278	54.644
462.4579	108.4372	65.409
465.8090	108.4364	76.279
469.1845	108.4339	87.216
472.5844	108.4405	98.257
476.0089	108.4397	109.320
479.4583	108.4427	120.511
482.9326	108.4370	131.787
486.4321	108.4427	143.120
489.9570	108.4451	154.570
493.5075	108.4420	166.043
497.0836	108.4419	177.666
500.6857	108.4449	-170.649
504.3139	108.4423	-158.888
507.9683	108.4410	-147.032
511.6493	108.4417	-135.092
515.3569	108.4461	-123.084
519.0914	108.4428	-110.969
522.8529	108.4397	-98.771
526.6418	108.4460	-86.469
530.4580	108.4390	-74.141
534.3019	108.4475	-61.653
538.1737	108.4379	-49.103
542.0735	108.4472	-36.427
546.0016	108.4437	-23.714
549.9582	108.4502	-10.830
553.9434	108.4473	2.101
557.9575	108.4519	15.061
562.0007	108.4489	28.195
566.0732	108.4486	41.390
570.1752	108.4472	54.709
574.3069	108.4480	68.139
578.4686	108.4501	81.598
582.6604	108.4486	95.218
586.8826	108.4472	108.936
591.1354	108.4526	122.688
595.4190	108.4474	136.589
599.7336	108.4496	150.627
604.0796	108.4520	164.706
608.4570	108.4514	178.870
612.8661	108.4527	-166.814
617.3072	108.4481	-152.360
621.7804	108.4524	-137.875
626.2861	108.4550	-123.232
630.8244	108.4546	-108.526
635.3957	108.4522	-93.696
640.0000	108.4536	-78.766
644.6377	108.4510	-63.736
649.3090	108.4485	-48.539
654.0142	108.4535	-33.272
658.7534	108.4504	-17.911
663.5270	108.4546	-2.413
668.3352	108.4563	13.193
673.1783	108.4541	28.918
678.0564	108.4534	44.770
682.9699	108.4572	60.679
687.9189	108.4609	76.759
692.9039	108.4593	92.944
697.9249	108.4595	109.236
702.9824	108.4550	125.640
708.0765	108.4554	142.151
713.2075	108.4538	158.801
718.3757	108.4578	175.593
723.5814	108.4584	-167.500
728.8247	108.4616	-150.483
734.1061	108.4567	-133.352
739.4257	108.4598	-116.082
744.7839	108.4589	-98.698
750.1809	108.4599	-81.171
755.6170	108.4579	-63.513
761.0926	108.4667	-45.726
766.6077	108.4610	-27.852
772.1629	108.4634	-9.824
777.7583	108.4636	8.340
783.3943	108.4629	26.629
789.0711	108.4633	45.054
794.7890	108.4607	63.620
800.5484	108.4633	82.277
806.3495	108.4637	101.154
812.1926	108.4678	120.141
818.0781	108.4662	139.245
824.0062	108.4611	158.472
829.9773	108.4612	177.875
835.9917	108.4643	-162.627
842.0496	108.4663	-142.956
848.1515	108.4627	-123.137
854.2975	108.4666	-103.192
860.4881	108.4660	-83.074
866.7236	108.4679	-62.834
873.0042	108.4639	-42.435
879.3303	108.4648	-21.932
885.7023	108.4661	-1.189
892.1205	108.4733	19.595
898.5852	108.4659	40.610
905.0967	108.4681	61.764
911.6554	108.4698	83.021
918.2616	108.4710	104.508
924.9157	108.4656	126.113
931.6180	108.4697	147.879
938.3689	108.4689	169.770
945.1687	108.4709	-168.185
952.0178	108.4698	-145.902
958.9165	108.4674	-123.500
965.8652	108.4716	-100.955
972.8643	108.4747	-78.204
979.9141	108.4671	-55.319
987.0149	108.4673	-32.285
994.1672	108.4708	-9.021
1001.3714	108.4766	14.356
1008.6277	108.4735	37.910
1015.9367	108.4726	61.623
1023.2986	108.4723	85.562
1030.7138	108.4723	109.627
1038.1828	108.4726	133.923
1045.7059	108.4765	158.328
1053.2835	108.4742	-177.049
1060.9160	108.4727	-152.256
1068.6039	108.4676	-127.323
1076.3474	108.4716	-102.184
1084.1471	108.4733	-76.822
1092.0032	108.4763	-51.321
1099.9164	108.4726	-25.654
1107.8868	108.4695	0.265
1115.9150	108.4735	26.320
1124.0014	108.4675	52.638
1132.1464	108.4720	79.066
1140.3504	108.4713	105.652
1148.6138	108.4734	132.502
1156.9371	108.4716	159.526
1165.3208	108.4695	-173.216
1173.7652	108.4710	-145.810
1182.2708	108.4749	-118.186
1190.8380	108.4725	-90.379
1199.4673	108.4751	-62.311
1208.1591	108.4743	-34.105
1216.9139	108.4719	-5.670
1225.7322	108.4709	22.965
1234.6144	108.4709	51.818
1243.5609	108.4747	80.896
1252.5722	108.4757	110.158
1261.6489	108.4695	139.649
1270.7913	108.4741	169.319
1280.0000	108.4709	-160.771
1289.2754	108.4758	-130.675
1298.6180	108.4748	-100.307
1308.0284	108.4700	-69.734
1317.5069	108.4728	-38.939
1327.0541	108.4664	-7.899
1336.6704	108.4698	23.297
1346.3565	108.4667	54.761
1356.1128	108.4704	86.422
1365.9397	108.4709	118.384
1375.8379	108.4722	150.488
1385.8078	108.4684	-177.094
1395.8499	108.4711	-144.516
1405.9648	108.4663	-111.681
1416.1530	108.4688	-78.543
1426.4150	108.4677	-45.243
1436.7514	108.4671	-11.655
1447.1627	108.4654	22.207
1457.6495	108.4651	56.253
1468.2122	108.4629	90.537
1478.8515	108.4624	125.112
1489.5678	108.4616	159.910
1500.3618	108.4623	-165.031
1511.2341	108.4643	-129.727
1522.1851	108.4631	-94.149
1533.2155	108.4624	-58.335
1544.3258	108.4619	-22.213
1555.5166	108.4606	14.084
1566.7885	108.4648	50.718
1578.1421	108.4670	87.598
1589.5780	108.4552	124.745
1601.0967	108.4640	162.182
1612.6989	108.4557	-160.158
1624.3852	108.4575	-122.172
1636.1562	108.4534	-83.959
1648.0125	108.4566	-45.442
1659.9546	108.4550	-6.655
1671.9833	108.4549	32.421
1684.0992	108.4515	71.784
1696.3029	108.4519	111.395
1708.5950	108.4556	151.338
1720.9762	108.4532	-168.449
1733.4471	108.4500	-127.939
1746.0084	108.4488	-87.157
1758.6607	108.4477	-46.050
1771.4046	108.4413	-4.664
1784.2410	108.4458	37.037
1797.1703	108.4449	79.007
1810.1934	108.4454	121.338
1823.3108	108.4426	163.943
1836.5232	108.4414	-153.160
1849.8314	108.4377	-109.920
1863.2361	108.4409	-66.376
1876.7379	108.4343	-22.512
1890.3375	108.4399	21.664
1904.0356	108.4320	66.123
1917.8331	108.4354	110.957
1931.7305	108.4345	156.108
1945.7286	108.4304	-158.433
1959.8281	108.4346	-112.625
1974.0299	108.4287	-66.505
1988.3345	108.4312	-20.055
2002.7428	108.4320	26.733
2017.2555	108.4295	73.921
2031.8733	108.4277	121.357
2046.5971	108.4260	169.192
2061.4276	108.4251	-142.658
2076.3656	108.4252	-94.127
2091.4118	108.4234	-45.269
2106.5670	108.4197	3.956
2121.8321	108.4184	53.536
2137.2077	108.4187	103.477
2152.6948	108.4180	153.801
2168.2941	108.4175	-155.547
2184.0065	108.4189	-104.508
2199.8327	108.4185	-53.117
2215.7736	108.4147	-1.332
2231.8300	108.4144	50.801
2248.0028	108.4094	103.336
2264.2927	108.4107	156.227
2280.7007	108.4067	-150.447
2297.2276	108.4139	-96.777
2313.8743	108.4072	-42.718
2330.6416	108.4095	11.747
2347.5304	108.4065	66.593
2364.5415	108.4070	121.833
2381.6760	108.4048	177.483
2398.9346	108.4065	-126.471
2416.3182	108.4015	-69.967
2433.8279	108.4047	-13.108
2451.4644	108.4063	44.181
2469.2287	108.4051	101.848
2487.1218	108.3999	159.966
2505.1445	108.4002	-141.482
2523.2978	108.4018	-82.518
2541.5826	108.4030	-23.140
2560.0000	108.4013	36.678
2578.5508	108.3986	96.918
2597.2361	108.4009	157.607
2616.0567	108.3982	-141.266
2635.0137	108.4047	-79.679
2654.1081	108.3993	-17.646
2673.3409	108.4025	44.803
2692.7130	108.3991	107.712
2712.2255	108.3993	171.095
2731.8794	108.4033	-125.091
2751.6758	108.3994	-60.804
2771.6155	108.4026	3.969
2791.6998	108.4038	69.222
2811.9296	108.4019	134.938
2832.3060	108.4066	-158.873
2852.8301	108.4036	-92.205
2873.5028	108.4034	-25.056
2894.3254	108.4072	42.552
2915.2989	108.4051	110.696
2936.4244	108.4076	179.321
2957.7029	108.4061	-111.589
2979.1356	108.4078	-41.945
3000.7237	108.4051	28.131
3022.4682	108.4096	98.802
3044.3702	108.4120	169.937
3066.4310	108.4158	-118.432
3088.6516	108.4182	-46.277
3111.0332	108.4159	26.462
3133.5771	108.4167	99.694
3156.2843	108.4175	173.467
3179.1560	108.4208	-112.226
3202.1935	108.4194	-37.428
3225.3979	108.4235	37.966
3248.7705	108.4196	113.881
3272.3124	108.4244	-169.617
3296.0249	108.4240	-92.620
3319.9093	108.4241	-15.008
3343.9667	108.4285	63.158
3368.1985	108.4282	141.842
3392.6058	108.4297	-138.869
3417.1900	108.4330	-58.985
3441.9524	108.4311	21.444
3466.8942	108.4340	102.461
3492.0167	108.4339	-175.903
3517.3213	108.4353	-93.686
3542.8093	108.4378	-10.900
3568.4820	108.4368	72.514
3594.3406	108.4392	156.524
3620.3867	108.4406	-118.849
3646.6215	108.4407	-33.629
3673.0465	108.4429	52.211
3699.6629	108.4433	138.677
3726.4721	108.4418	-134.236
3753.4757	108.4416	-46.496
3780.6749	108.4440	41.865
3808.0713	108.4419	130.870
3835.6661	108.4455	-139.476
3863.4609	108.4423	-49.168
3891.4572	108.4461	41.778
3919.6563	108.4461	133.396
3948.0597	108.4443	-134.344
3976.6690	108.4431	-41.389
4005.4856	108.4455	52.239
4034.5110	108.4450	146.536
4063.7467	108.4463	-118.499
4093.1943	108.4444	-22.840
4122.8552	108.4454	73.532
4152.7312	108.4416	170.587
4182.8236	108.4439	-91.642
4213.1340	108.4430	6.822
4243.6641	108.4410	106.022
4274.4155	108.4388	-154.087
4305.3896	108.4396	-53.468
4336.5883	108.4389	47.893
4368.0130	108.4362	149.954
4399.6654	108.4383	-107.212
4431.5472	108.4396	-3.626
4463.6600	108.4328	100.672
4496.0055	108.4328	-154.240
4528.5854	108.4356	-48.419
4561.4014	108.4297	58.181
4594.4552	108.4323	165.546
4627.7485	108.4322	-86.282
4661.2831	108.4300	22.650
4695.0607	108.4270	132.362
4729.0830	108.4267	-117.109
4763.3519	108.4288	-5.821
4797.8691	108.4250	106.296
4832.6365	108.4267	-140.767
4867.6558	108.4291	-27.014
4902.9288	108.4282	87.567
4938.4574	108.4268	-157.026
4974.2435	108.4286	-40.785
5010.2890	108.4296	76.289
5046.5956	108.4296	-165.770
5083.1653	108.4302	-46.987
5120.0000	108.4317	72.660
5157.1016	108.4331	-166.841
5194.4721	108.4346	-45.453
5232.1134	108.4359	76.810
5270.0275	108.4355	-160.027
5308.2162	108.4397	-35.991
5346.6818	108.4420	88.959
5385.4260	108.4396	-145.199
5424.4510	108.4447	-18.407
5463.7589	108.4459	109.268
5503.3515	108.4495	-122.133
5543.2311	108.4539	7.407
5583.3996	108.4580	137.896
5623.8592	108.4610	-90.662
5664.6120	108.4616	41.730
5705.6601	108.4647	175.072
5747.0057	108.4699	-50.610
5788.6509	108.4731	84.672
5830.5978	108.4734	-139.049
5872.8487	108.4785	-1.785
5915.4058	108.4801	136.468
5958.2713	108.4846	-84.284
6001.4474	108.4848	55.995
6044.9363	108.4873	-162.746
6088.7404	108.4900	-20.403
6132.8620	108.4910	122.933
6177.3032	108.4928	-92.693
6222.0665	108.4961	52.777
6267.1541	108.4985	-160.764
6312.5685	108.4939	-13.226
6358.3120	108.4961	135.422
6404.3869	108.4966	-74.875
6450.7958	108.4978	75.897
6497.5409	108.4933	-132.228
6544.6248	108.4951	20.735
6592.0498	108.4923	174.818
6639.8185	108.4896	-29.980
6687.9334	108.4911	126.333
6736.3969	108.4896	-76.217
6785.2116	108.4842	82.375
6834.3801	108.4837	-117.881
6883.9048	108.4785	43.021
6933.7884	108.4722	-154.951
6984.0335	108.4732	8.292
7034.6427	108.4702	172.733
7085.6186	108.4656	-21.678
7136.9639	108.4644	145.121
7188.6813	108.4588	-46.873
7240.7734	108.4523	122.359
7293.2431	108.4530	-67.210
7346.0929	108.4470	104.485
7399.3257	108.4472	-82.590
7452.9443	108.4431	91.568
7506.9514	108.4389	-92.978
7561.3499	108.4354	83.719
7616.1425	108.4346	-98.293
7671.3322	108.4322	80.970
7726.9219	108.4334	-98.466
7782.9143	108.4286	83.415
7839.3125	108.4323	-93.352
7896.1194	108.4355	91.169
7953.3380	108.4323	-82.968
8010.9711	108.4297	104.235
8069.0219	108.4338	-67.178
8127.4934	108.4329	122.745
8186.3886	108.4336	-45.917
8245.7105	108.4349	146.808
8305.4623	108.4359	-19.077
8365.6471	108.4383	176.450
8426.2680	108.4350	13.375
8487.3283	108.4412	-148.269
8548.8309	108.4407	51.573
8610.7793	108.4370	-107.164
8673.1765	108.4386	95.553
8736.0260	108.4368	-60.251
8799.3308	108.4397	145.411
8863.0944	108.4378	-7.396
8927.3200	108.4385	-158.742
8992.0111	108.4334	51.435
9057.1709	108.4343	-96.879
9122.8029	108.4318	116.373
9188.9105	108.4279	-28.865
9255.4971	108.4254	-172.513
9322.5662	108.4184	45.376
9390.1214	108.4152	-95.147
9458.1661	108.4104	125.915
9526.7039	108.4075	-11.425
9595.7383	108.4041	-147.167
9665.2730	108.4048	78.735
9735.3115	108.4015	-53.749
9805.8576	108.3985	175.392
9876.9149	108.3985	46.227
9948.4871	108.3936	-81.276
10020.5779	108.3902	152.893
10093.1912	108.3929	28.782
10166.3306	108.3915	-93.640
10240.0000	108.3931	145.648
10314.2033	108.3959	26.691
10388.9442	108.3980	-90.533
10464.2268	108.3997	153.997
10540.0549	108.4044	40.322
10616.4325	108.4091	-71.591
10693.3635	108.4121	178.321
10770.8521	108.4192	70.049
10848.9021	108.4250	-36.384
10927.5177	108.4306	-141.010
11006.7030	108.4364	116.234
11086.4621	108.4407	15.328
11166.7992	108.4442	-83.672
11247.7184	108.4490	179.212
11329.2240	108.4541	84.020
11411.3202	108.4551	-9.295
11494.0114	108.4535	-100.649
11577.3017	108.4556	169.959
11661.1956	108.4606	82.487
11745.6975	108.4579	-3.011
11830.8116	108.4603	-86.500
11916.5426	108.4570	-168.003
12002.8947	108.4526	112.514
12089.8727	108.4539	35.031
12177.4809	108.4532	-40.363
12265.7239	108.4481	-113.746
12354.6064	108.4447	174.964
12444.1330	108.4423	105.774
12534.3083	108.4430	38.646
12625.1370	108.4440	-26.353
12716.6240	108.4474	-89.206
12808.7739	108.4465	-149.902
12901.5916	108.4438	151.570
12995.0818	108.4492	95.207
13089.2495	108.4510	41.088
13184.0996	108.4540	-10.830
13279.6370	108.4581	-60.516
13375.8668	108.4586	-107.947
13472.7938	108.4612	-153.123
13570.4232	108.4636	163.995
13668.7601	108.4640	123.437
13767.8096	108.4609	85.185
13867.5768	108.4612	49.256
13968.0670	108.4638	15.665
14069.2853	108.4574	-15.534
14171.2372	108.4511	-44.395
14273.9278	108.4455	-70.816
14377.3626	108.4359	-94.876
14481.5469	108.4299	-116.487
14586.4861	108.4207	-135.673
14692.1858	108.4138	-152.373
14798.6515	108.4029	-166.566
14905.8886	108.3951	-178.321
15013.9028	108.3936	172.475
15122.6997	108.3909	165.759
15232.2851	108.3838	161.646
15342.6645	108.3838	160.103
15453.8437	108.3803	161.130
15565.8287	108.3790	164.801
15678.6251	108.3818	171.096
15792.2389	108.3874	-179.918
15906.6759	108.3918	-168.282
16021.9423	108.3893	-153.941
16138.0439	108.3895	-136.910
16254.9868	108.3941	-117.132
16372.7771	108.3961	-94.583
16491.4210	108.3977	-69.295
16610.9246	108.3960	-41.202
16731.2942	108.3927	-10.304
16852.5361	108.3916	23.425
16974.6565	108.3871	59.984
17097.6619	108.3838	99.402
17221.5586	108.3804	141.710
17346.3531	108.3783	-173.092
17472.0519	108.3771	-124.971
17598.6616	108.3768	-73.896
17726.1888	108.3793	-19.849
17854.6400	108.3830	37.186
17984.0221	108.3893	97.247
18114.3418	108.3938	160.338
18245.6057	108.4001	-133.459
18377.8209	108.4069	-64.194
18510.9942	108.4120	8.174
18645.1325	108.4140	83.726
18780.2428	108.4211	162.391
18916.3322	108.4202	-115.776
19053.4077	108.4201	-30.695
19191.4766	108.4136	57.555
19330.5459	108.4114	149.059
19470.6230	108.4032	-116.188
19611.7152	108.3915	-18.150
19753.8298	108.3853	83.186
19896.9742	108.3767	-172.158
