* Helix DSP Ultra S, output layer - one step up from zero with the LPF active - the clamped setting again, 29.4 deg.
* ELECTRICAL loop, no microphone: Scarlett 2i2 out L -> Helix line in,
* Helix line out -> Scarlett in 1; out R -> in 2 direct as the timing
* reference, timing offset 0. Everything else in the channel off; no gain,
* level or routing changed within a set, so the ratio to the set's reference
* is the filter alone.
* REW V5.40 beta 134 measurement #66 'k6_phase_5.625_lp5000_LR24', 2026-Sep-02 10:50:54, 512k sweep, 1 average, 96 kHz,
* 20 Hz - 20 kHz, loopback timing reference. SNR 37.8 dB, delay -8.8750 ms.
* Levels are REW's electrical dB (splOffset 120.00); only ratios within a set carry meaning.
* This capture carries an EXTRA first-order all-pass, an AP1 the operator left engaged at 8 kHz (measured corner 7611.6 Hz) from REW #55 to #67. It is present in this set's own reference as well, so it divides out of any ratio taken within the set; see README.
* frequency_Hz<TAB>dB<TAB>phase_deg - REW's UNSMOOTHED raw spectrum (linear bins) resampled to 1/96 octave by complex averaging within each cell,
* with the measurement's own delay removed before averaging and restored after, so the cell average carries no rotation loss.
20.0000	107.5538	129.053
20.1449	107.5538	129.516
20.2909	107.5782	129.568
20.4379	107.6140	129.444
20.5860	107.6242	129.710
20.7352	107.6439	129.796
20.8855	107.6624	129.917
21.0368	107.6821	129.985
21.1893	107.7070	129.959
21.3428	107.7192	130.187
21.4975	107.7379	130.291
21.6532	107.7512	130.516
21.8102	107.7756	130.496
21.9682	107.7953	130.592
22.1274	107.8133	130.705
22.2877	107.8382	130.685
22.4492	107.8503	130.925
22.6119	107.8684	131.042
22.7758	107.8788	131.337
22.9408	107.9037	131.302
23.1071	107.9177	131.526
23.2745	107.9388	131.601
23.4432	107.9559	131.776
23.6130	107.9742	131.940
23.7841	107.9943	132.080
23.9565	108.0102	132.311
24.1301	108.0327	132.425
24.3049	108.0463	132.707
24.4811	108.0698	132.801
24.6585	108.0812	133.120
24.8372	108.1042	133.203
25.0171	108.1139	133.550
25.1984	108.1352	133.635
25.3810	108.1438	134.001
25.5649	108.1633	134.103
25.7502	108.1716	134.479
25.9368	108.1898	134.610
26.1247	108.1987	134.987
26.3141	108.2162	135.157
26.5047	108.2263	135.523
26.6968	108.2433	135.738
26.8903	108.2551	136.085
27.0851	108.2711	136.349
27.2814	108.2850	136.668
27.4791	108.2992	136.989
27.6782	108.3150	137.270
27.8788	108.3266	137.656
28.0808	108.3441	137.893
28.2843	108.3525	138.352
28.4892	108.3766	138.421
28.6957	108.3844	138.875
28.9036	108.3986	139.175
29.1131	108.4087	139.568
29.3240	108.4190	139.966
29.5365	108.4317	140.295
29.7506	108.4384	140.796
29.9661	108.4577	140.968
30.1833	108.4660	141.449
30.4020	108.4774	141.857
30.6223	108.4897	142.254
30.8442	108.4974	142.775
31.0677	108.5172	143.002
31.2929	108.5257	143.504
31.5196	108.5363	143.966
31.7480	108.5544	144.227
31.9781	108.5598	144.815
32.2098	108.5715	145.247
32.4432	108.5811	145.730
32.6783	108.5878	146.301
32.9151	108.6035	146.625
33.1536	108.6114	147.161
33.3939	108.6184	147.731
33.6359	108.6325	148.087
33.8796	108.6393	148.654
34.1251	108.6458	149.240
34.3724	108.6585	149.628
34.6215	108.6654	150.211
34.8723	108.6713	150.831
35.1250	108.6843	151.251
35.3796	108.6924	151.830
35.6359	108.6977	152.501
35.8942	108.7111	152.947
36.1543	108.7243	153.405
36.4163	108.7299	154.080
36.6802	108.7371	154.719
36.9460	108.7493	155.210
37.2137	108.7564	155.849
37.4834	108.7608	156.577
37.7550	108.7716	157.104
38.0286	108.7815	157.646
38.3041	108.7869	158.335
38.5817	108.7906	159.092
38.8613	108.7995	159.677
39.1429	108.8088	160.277
39.4265	108.8189	160.890
39.7122	108.8237	161.673
40.0000	108.8298	162.428
40.2899	108.8409	163.056
40.5818	108.8512	163.686
40.8759	108.8601	164.321
41.1721	108.8633	165.140
41.4704	108.8675	165.922
41.7710	108.8739	166.594
42.0736	108.8800	167.285
42.3785	108.8868	167.993
42.6856	108.8912	168.829
42.9949	108.8947	169.703
43.3065	108.9033	170.440
43.6203	108.9122	171.183
43.9364	108.9205	171.931
44.2548	108.9277	172.689
44.5755	108.9336	173.462
44.8985	108.9387	174.252
45.2238	108.9411	175.178
45.5515	108.9437	176.108
45.8816	108.9492	176.941
46.2141	108.9554	177.783
46.5490	108.9622	178.632
46.8863	108.9689	179.486
47.2261	108.9751	-179.655
47.5683	108.9805	-178.786
47.9130	108.9854	-177.903
48.2602	108.9907	-177.004
48.6099	108.9968	-176.091
48.9621	109.0037	-175.171
49.3169	109.0107	-174.247
49.6743	109.0165	-173.318
50.0343	109.0206	-172.377
50.3968	109.0231	-171.417
50.7620	109.0253	-170.433
51.1299	109.0286	-169.431
51.5004	109.0335	-168.420
51.8736	109.0392	-167.409
52.2495	109.0443	-166.400
52.6281	109.0478	-165.384
53.0095	109.0498	-164.351
53.3936	109.0519	-163.295
53.7805	109.0555	-162.219
54.1702	109.0611	-161.132
54.5628	109.0676	-160.043
54.9581	109.0737	-158.949
55.3564	109.0784	-157.843
55.7575	109.0822	-156.719
56.1616	109.0864	-155.574
56.5685	109.0948	-154.493
56.9785	109.1029	-153.418
57.3914	109.1061	-152.262
57.8072	109.1073	-151.090
58.2261	109.1080	-149.896
58.6481	109.1098	-148.684
59.0730	109.1130	-147.460
59.5011	109.1188	-146.308
59.9323	109.1230	-145.152
60.3666	109.1246	-143.904
60.8040	109.1265	-142.636
61.2446	109.1295	-141.352
61.6884	109.1359	-140.123
62.1355	109.1424	-138.894
62.5857	109.1458	-137.590
63.0392	109.1484	-136.274
63.4960	109.1513	-135.005
63.9562	109.1536	-133.716
64.4196	109.1553	-132.347
64.8864	109.1576	-130.964
65.3566	109.1631	-129.625
65.8302	109.1692	-128.289
66.3073	109.1724	-126.891
66.7877	109.1746	-125.540
67.2717	109.1760	-124.162
67.7592	109.1778	-122.706
68.2502	109.1828	-121.289
68.7448	109.1883	-119.869
69.2429	109.1910	-118.389
69.7447	109.1930	-116.947
70.2501	109.1944	-115.483
70.7591	109.1958	-113.953
71.2719	109.1987	-112.467
71.7884	109.2014	-110.975
72.3086	109.2033	-109.467
72.8325	109.2059	-107.933
73.3603	109.2108	-106.381
73.8919	109.2165	-104.825
74.4274	109.2190	-103.215
74.9667	109.2195	-101.637
75.5099	109.2183	-100.032
76.0571	109.2186	-98.398
76.6083	109.2214	-96.756
77.1634	109.2254	-95.110
77.7226	109.2300	-93.492
78.2858	109.2332	-91.807
78.8531	109.2365	-90.101
79.4245	109.2395	-88.383
80.0000	109.2416	-86.660
80.5797	109.2430	-84.933
81.1636	109.2437	-83.199
81.7518	109.2452	-81.493
82.3442	109.2475	-79.720
82.9409	109.2511	-77.926
83.5419	109.2546	-76.116
84.1473	109.2561	-74.291
84.7570	109.2553	-72.478
85.3712	109.2543	-70.608
85.9899	109.2548	-68.723
86.6130	109.2580	-66.856
87.2406	109.2636	-64.981
87.8728	109.2680	-63.068
88.5096	109.2698	-61.149
89.1509	109.2680	-59.241
89.7970	109.2677	-57.289
90.4477	109.2716	-55.298
91.1031	109.2760	-53.314
91.7633	109.2772	-51.345
92.4282	109.2775	-49.319
93.0980	109.2814	-47.282
93.7726	109.2831	-45.226
94.4521	109.2817	-43.151
95.1366	109.2821	-41.063
95.8260	109.2887	-38.961
96.5204	109.2946	-36.868
97.2198	109.2958	-34.756
97.9243	109.2950	-32.622
98.6339	109.2929	-30.471
99.3486	109.2921	-28.286
100.0685	109.2956	-26.075
100.7937	109.3002	-23.855
101.5241	109.3027	-21.615
102.2598	109.3051	-19.355
103.0008	109.3078	-17.095
103.7472	109.3085	-14.835
104.4990	109.3056	-12.543
105.2562	109.3028	-10.187
106.0189	109.3069	-7.798
106.7872	109.3140	-5.442
107.5610	109.3143	-3.093
108.3404	109.3127	-0.678
109.1255	109.3196	1.746
109.9163	109.3219	4.152
110.7128	109.3181	6.628
111.5151	109.3173	9.128
112.3231	109.3187	11.625
113.1371	109.3215	14.103
113.9569	109.3233	16.609
114.7827	109.3260	19.186
115.6145	109.3326	21.766
116.4523	109.3328	24.300
117.2961	109.3264	26.920
118.1461	109.3308	29.605
119.0022	109.3382	32.223
119.8646	109.3355	34.856
120.7332	109.3338	37.570
121.6080	109.3346	40.281
122.4893	109.3337	43.017
123.3769	109.3344	45.794
124.2709	109.3383	48.580
125.1714	109.3423	51.361
126.0785	109.3434	54.159
126.9921	109.3425	57.006
127.9123	109.3436	59.891
128.8392	109.3458	62.781
129.7728	109.3462	65.680
130.7132	109.3462	68.604
131.6604	109.3488	71.537
132.6145	109.3487	74.476
133.5755	109.3482	77.469
134.5434	109.3526	80.493
135.5184	109.3511	83.520
136.5004	109.3501	86.597
137.4895	109.3556	89.693
138.4858	109.3577	92.799
139.4894	109.3546	95.946
140.5002	109.3555	99.131
141.5183	109.3592	102.298
142.5438	109.3596	105.498
143.5767	109.3636	108.724
144.6171	109.3607	111.953
145.6651	109.3600	115.232
146.7206	109.3631	118.501
147.7838	109.3641	121.836
148.8547	109.3653	125.214
149.9334	109.3640	128.607
151.0199	109.3628	132.004
152.1142	109.3623	135.448
153.2165	109.3678	138.925
154.3268	109.3704	142.396
155.4451	109.3708	145.879
156.5715	109.3714	149.396
157.7061	109.3723	152.949
158.8489	109.3721	156.553
160.0000	109.3757	160.161
161.1594	109.3720	163.779
162.3273	109.3720	167.449
163.5035	109.3718	171.131
164.6884	109.3758	174.898
165.8818	109.3787	178.652
167.0838	109.3779	-177.551
168.2946	109.3832	-173.760
169.5141	109.3807	-169.920
170.7425	109.3844	-166.041
171.9797	109.3759	-162.186
173.2260	109.3764	-158.225
174.4812	109.3813	-154.301
175.7456	109.3839	-150.314
177.0191	109.3867	-146.313
178.3019	109.3863	-142.280
179.5939	109.3878	-138.192
180.8953	109.3853	-134.111
182.2062	109.3816	-129.974
183.5265	109.3823	-125.809
184.8564	109.3908	-121.604
186.1960	109.3862	-117.390
187.5452	109.3919	-113.085
188.9043	109.3936	-108.834
190.2731	109.3921	-104.504
191.6519	109.3921	-100.201
193.0407	109.3932	-95.839
194.4396	109.3975	-91.402
195.8486	109.3936	-86.942
197.2678	109.3930	-82.470
198.6972	109.3937	-77.977
200.1371	109.3935	-73.401
201.5874	109.3988	-68.762
203.0482	109.3987	-64.167
204.5195	109.3981	-59.571
206.0016	109.3993	-54.872
207.4943	109.4063	-50.108
208.9979	109.4023	-45.346
210.5124	109.4013	-40.587
212.0379	109.4019	-35.786
213.5744	109.4019	-30.896
215.1220	109.3955	-26.029
216.6809	109.4004	-21.095
218.2510	109.4078	-16.123
219.8326	109.4092	-11.079
221.4256	109.4074	-6.092
223.0301	109.4104	-0.983
224.6463	109.4012	4.147
226.2742	109.4001	9.339
227.9138	109.4054	14.493
229.5654	109.4098	19.743
231.2289	109.4066	24.992
232.9045	109.4054	30.290
234.5922	109.4097	35.590
236.2922	109.4168	40.987
238.0045	109.4114	46.407
239.7291	109.4102	51.871
241.4663	109.4189	57.412
243.2161	109.4193	62.952
244.9785	109.4125	68.548
246.7537	109.4117	74.211
248.5418	109.4195	79.874
250.3428	109.4186	85.551
252.1569	109.4193	91.301
253.9842	109.4226	97.106
255.8246	109.4222	102.961
257.6785	109.4192	108.810
259.5457	109.4185	114.735
261.4265	109.4039	120.764
263.3209	109.4171	126.717
265.2290	109.4225	132.889
267.1510	109.4361	138.530
269.0869	109.4141	144.781
271.0368	109.4370	151.240
273.0008	109.4241	157.478
274.9791	109.4213	163.661
276.9717	109.4244	169.984
278.9788	109.4292	176.404
281.0003	109.4170	-177.102
283.0366	109.4157	-170.628
285.0876	109.4227	-164.164
287.1535	109.4265	-157.596
289.2343	109.4286	-150.992
291.3302	109.4225	-144.328
293.4413	109.4241	-137.629
295.5677	109.4187	-130.858
297.7095	109.4175	-124.081
299.8668	109.4330	-117.176
302.0398	109.4287	-110.278
304.2285	109.4345	-103.332
306.4330	109.4287	-96.282
308.6536	109.4314	-89.255
310.8902	109.4340	-82.164
313.1431	109.4291	-75.010
315.4122	109.4270	-67.776
317.6978	109.4290	-60.521
320.0000	109.4261	-53.197
322.3189	109.4309	-45.836
324.6545	109.4280	-38.407
327.0071	109.4315	-30.912
329.3767	109.4275	-23.337
331.7635	109.4331	-15.754
334.1676	109.4337	-8.144
336.5891	109.4361	-0.412
339.0282	109.4281	7.370
341.4849	109.4362	15.197
343.9595	109.4327	23.038
346.4519	109.4371	30.976
348.9625	109.4333	38.925
351.4912	109.4382	46.985
354.0383	109.4406	55.103
356.6038	109.4378	63.262
359.1879	109.4421	71.499
361.7907	109.4376	79.795
364.4124	109.4415	88.151
367.0530	109.4375	96.513
369.7129	109.4367	105.016
372.3920	109.4357	113.523
375.0905	109.4437	122.131
377.8085	109.4443	130.803
380.5463	109.4424	139.497
383.3039	109.4409	148.278
386.0814	109.4395	157.100
388.8792	109.4419	166.029
391.6971	109.4444	175.034
394.5355	109.4427	-175.943
397.3945	109.4385	-166.823
400.2742	109.4405	-157.619
403.1747	109.4428	-148.418
406.0963	109.4428	-139.114
409.0390	109.4474	-129.743
412.0031	109.4446	-120.300
414.9887	109.4458	-110.816
417.9958	109.4463	-101.223
421.0248	109.4421	-91.543
424.0757	109.4455	-81.834
427.1488	109.4462	-72.036
430.2440	109.4483	-62.192
433.3618	109.4461	-52.235
436.5021	109.4492	-42.265
439.6652	109.4526	-32.140
442.8512	109.4426	-22.001
446.0602	109.4496	-11.783
449.2926	109.4498	-1.450
452.5483	109.4509	8.882
455.8277	109.4516	19.358
459.1308	109.4468	29.898
462.4579	109.4515	40.505
465.8090	109.4465	51.168
469.1845	109.4540	61.901
472.5844	109.4523	72.769
476.0089	109.4525	83.666
479.4583	109.4496	94.704
482.9326	109.4520	105.766
486.4321	109.4590	116.925
489.9570	109.4520	128.175
493.5075	109.4532	139.472
497.0836	109.4512	150.891
500.6857	109.4539	162.352
504.3139	109.4549	173.950
507.9683	109.4575	-174.393
511.6493	109.4552	-162.718
515.3569	109.4593	-150.838
519.0914	109.4574	-138.961
522.8529	109.4555	-126.943
526.6418	109.4611	-114.887
530.4580	109.4631	-102.701
534.3019	109.4594	-90.409
538.1737	109.4533	-78.057
542.0735	109.4594	-65.638
546.0016	109.4577	-53.141
549.9582	109.4546	-40.478
553.9434	109.4607	-27.784
557.9575	109.4610	-15.017
562.0007	109.4617	-2.091
566.0732	109.4626	10.924
570.1752	109.4626	23.983
574.3069	109.4568	37.158
578.4686	109.4629	50.422
582.6604	109.4661	63.827
586.8826	109.4629	77.298
591.1354	109.4602	90.851
595.4190	109.4675	104.537
599.7336	109.4637	118.288
604.0796	109.4624	132.142
608.4570	109.4660	146.102
612.8661	109.4634	160.165
617.3072	109.4624	174.352
621.7804	109.4674	-171.349
626.2861	109.4707	-156.994
630.8244	109.4667	-142.527
635.3957	109.4650	-127.955
640.0000	109.4642	-113.251
644.6377	109.4653	-98.465
649.3090	109.4672	-83.552
654.0142	109.4675	-68.553
658.7534	109.4659	-53.397
663.5270	109.4663	-38.196
668.3352	109.4673	-22.858
673.1783	109.4645	-7.386
678.0564	109.4684	8.172
682.9699	109.4697	23.844
687.9189	109.4685	39.653
692.9039	109.4725	55.593
697.9249	109.4692	71.611
702.9824	109.4664	87.753
708.0765	109.4667	103.989
713.2075	109.4709	120.374
718.3757	109.4704	136.879
723.5814	109.4727	153.498
728.8247	109.4654	170.213
734.1061	109.4683	-172.924
739.4257	109.4708	-155.956
744.7839	109.4679	-138.832
750.1809	109.4662	-121.642
755.6170	109.4714	-104.260
761.0926	109.4706	-86.758
766.6077	109.4722	-69.196
772.1629	109.4714	-51.457
777.7583	109.4695	-33.630
783.3943	109.4701	-15.586
789.0711	109.4709	2.475
794.7890	109.4714	20.796
800.5484	109.4733	39.114
806.3495	109.4729	57.668
812.1926	109.4710	76.304
818.0781	109.4688	95.120
824.0062	109.4726	114.033
829.9773	109.4755	133.094
835.9917	109.4700	152.291
842.0496	109.4714	171.633
848.1515	109.4703	-168.895
854.2975	109.4692	-149.282
860.4881	109.4701	-129.533
866.7236	109.4696	-109.615
873.0042	109.4679	-89.572
879.3303	109.4680	-69.366
885.7023	109.4722	-49.017
892.1205	109.4684	-28.540
898.5852	109.4674	-7.904
905.0967	109.4700	12.865
911.6554	109.4664	33.812
918.2616	109.4635	54.931
924.9157	109.4675	76.158
931.6180	109.4681	97.582
938.3689	109.4681	119.110
945.1687	109.4615	140.825
952.0178	109.4663	162.689
958.9165	109.4640	-175.292
965.8652	109.4663	-153.106
972.8643	109.4668	-130.771
979.9141	109.4625	-108.270
987.0149	109.4615	-85.578
994.1672	109.4635	-62.758
1001.3714	109.4584	-39.755
1008.6277	109.4626	-16.617
1015.9367	109.4635	6.742
1023.2986	109.4620	30.220
1030.7138	109.4618	53.878
1038.1828	109.4560	77.744
1045.7059	109.4591	101.778
1053.2835	109.4518	125.949
1060.9160	109.4599	150.350
1068.6039	109.4550	174.827
1076.3474	109.4560	-160.391
1084.1471	109.4537	-135.466
1092.0032	109.4535	-110.405
1099.9164	109.4578	-85.146
1107.8868	109.4542	-59.705
1115.9150	109.4538	-34.068
1124.0014	109.4560	-8.260
1132.1464	109.4486	17.746
1140.3504	109.4477	43.939
1148.6138	109.4514	70.294
1156.9371	109.4463	96.873
1165.3208	109.4458	123.654
1173.7652	109.4411	150.603
1182.2708	109.4388	177.744
1190.8380	109.4395	-154.888
1199.4673	109.4354	-127.336
1208.1591	109.4392	-99.618
1216.9139	109.4370	-71.634
1225.7322	109.4356	-43.508
1234.6144	109.4308	-15.144
1243.5609	109.4301	13.413
1252.5722	109.4304	42.202
1261.6489	109.4262	71.172
1270.7913	109.4294	100.352
1280.0000	109.4205	129.737
1289.2754	109.4217	159.354
1298.6180	109.4244	-170.829
1308.0284	109.4176	-140.767
1317.5069	109.4184	-110.548
1327.0541	109.4129	-80.039
1336.6704	109.4151	-49.377
1346.3565	109.4141	-18.448
1356.1128	109.4114	12.702
1365.9397	109.4048	44.065
1375.8379	109.4061	75.656
1385.8078	109.4042	107.484
1395.8499	109.3985	139.566
1405.9648	109.3976	171.815
1416.1530	109.3947	-155.629
1426.4150	109.3957	-122.889
1436.7514	109.3920	-89.895
1447.1627	109.3899	-56.680
1457.6495	109.3859	-23.174
1468.2122	109.3828	10.480
1478.8515	109.3806	44.473
1489.5678	109.3772	78.669
1500.3618	109.3759	113.120
1511.2341	109.3705	147.837
1522.1851	109.3717	-177.223
1533.2155	109.3653	-142.034
1544.3258	109.3593	-106.566
1555.5166	109.3578	-70.853
1566.7885	109.3538	-34.886
1578.1421	109.3546	1.344
1589.5780	109.3491	37.844
1601.0967	109.3491	74.610
1612.6989	109.3416	111.632
1624.3852	109.3388	148.915
1636.1562	109.3360	-173.521
1648.0125	109.3321	-135.658
1659.9546	109.3292	-97.566
1671.9833	109.3258	-59.169
1684.0992	109.3191	-20.508
1696.3029	109.3160	18.446
1708.5950	109.3126	57.684
1720.9762	109.3066	97.150
1733.4471	109.3057	136.952
1746.0084	109.3033	177.048
1758.6607	109.2968	-142.596
1771.4046	109.2930	-101.933
1784.2410	109.2894	-60.965
1797.1703	109.2864	-19.717
1810.1934	109.2772	21.848
1823.3108	109.2769	63.695
1836.5232	109.2695	105.827
1849.8314	109.2630	148.294
1863.2361	109.2610	-168.933
1876.7379	109.2579	-125.850
1890.3375	109.2498	-82.437
1904.0356	109.2477	-38.762
1917.8331	109.2408	5.283
1931.7305	109.2346	49.616
1945.7286	109.2261	94.248
1959.8281	109.2241	139.274
1974.0299	109.2194	-175.452
1988.3345	109.2108	-129.784
2002.7428	109.2059	-83.829
2017.2555	109.2025	-37.551
2031.8733	109.1948	9.121
2046.5971	109.1895	56.079
2061.4276	109.1836	103.382
2076.3656	109.1777	151.049
2091.4118	109.1694	-160.954
2106.5670	109.1611	-112.606
2121.8321	109.1563	-63.905
2137.2077	109.1475	-14.851
2152.6948	109.1382	34.545
2168.2941	109.1321	84.304
2184.0065	109.1245	134.459
2199.8327	109.1173	-175.092
2215.7736	109.1072	-124.210
2231.8300	109.0983	-72.981
2248.0028	109.0883	-21.415
2264.2927	109.0820	30.555
2280.7007	109.0701	82.910
2297.2276	109.0578	135.614
2313.8743	109.0566	-171.247
2330.6416	109.0423	-117.786
2347.5304	109.0334	-63.910
2364.5415	109.0209	-9.605
2381.6760	109.0082	45.021
2398.9346	108.9965	100.095
2416.3182	108.9827	155.517
2433.8279	108.9713	-148.624
2451.4644	108.9639	-92.318
2469.2287	108.9464	-35.676
2487.1218	108.9336	21.384
2505.1445	108.9222	78.893
2523.2978	108.9068	136.804
2541.5826	108.8914	-164.908
2560.0000	108.8774	-106.131
2578.5508	108.8597	-46.939
2597.2361	108.8440	12.666
2616.0567	108.8286	72.696
2635.0137	108.8134	133.152
2654.1081	108.7948	-165.945
2673.3409	108.7742	-104.606
2692.7130	108.7574	-42.802
2712.2255	108.7376	19.462
2731.8794	108.7174	82.141
2751.6758	108.6922	145.267
2771.6155	108.6733	-151.137
2791.6998	108.6533	-87.057
2811.9296	108.6325	-22.519
2832.3060	108.6058	42.446
2852.8301	108.5798	107.933
2873.5028	108.5594	173.865
2894.3254	108.5319	-119.698
2915.2989	108.5033	-52.831
2936.4244	108.4758	14.571
2957.7029	108.4548	82.427
2979.1356	108.4229	150.801
3000.7237	108.3922	-140.331
3022.4682	108.3646	-70.993
3044.3702	108.3326	-1.163
3066.4310	108.3005	69.183
3088.6516	108.2693	140.089
3111.0332	108.2341	-148.551
3133.5771	108.1988	-76.651
3156.2843	108.1678	-4.231
3179.1560	108.1290	68.717
3202.1935	108.0902	142.165
3225.3979	108.0562	-143.794
3248.7705	108.0159	-69.251
3272.3124	107.9742	5.804
3296.0249	107.9378	81.408
3319.9093	107.8927	157.589
3343.9667	107.8506	-125.696
3368.1985	107.8063	-48.419
3392.6058	107.7644	29.406
3417.1900	107.7207	107.837
3441.9524	107.6710	-173.202
3466.8942	107.6241	-93.652
3492.0167	107.5738	-13.565
3517.3213	107.5263	67.136
3542.8093	107.4736	148.436
3568.4820	107.4252	-129.694
3594.3406	107.3734	-47.231
3620.3867	107.3224	35.830
3646.6215	107.2683	119.511
3673.0465	107.2085	-156.218
3699.6629	107.1578	-71.320
3726.4721	107.0959	14.192
3753.4757	107.0402	100.309
3780.6749	106.9790	-172.921
3808.0713	106.9204	-85.534
3835.6661	106.8563	2.492
3863.4609	106.7943	91.142
3891.4572	106.7291	-179.516
3919.6563	106.6658	-89.557
3948.0597	106.5991	1.053
3976.6690	106.5292	92.355
4005.4856	106.4610	-175.718
4034.5110	106.3880	-83.093
4063.7467	106.3159	10.199
4093.1943	106.2445	104.169
4122.8552	106.1682	-161.138
4152.7312	106.0952	-65.802
4182.8236	106.0117	30.226
4213.1340	105.9298	127.015
4243.6641	105.8452	-135.527
4274.4155	105.7628	-37.331
4305.3896	105.6790	61.548
4336.5883	105.5898	161.174
4368.0130	105.5039	-98.427
4399.6654	105.4146	2.599
4431.5472	105.3164	104.451
4463.6600	105.2216	-152.988
4496.0055	105.1258	-49.670
4528.5854	105.0283	54.399
4561.4014	104.9226	159.250
4594.4552	104.8177	-95.126
4627.7485	104.7143	11.223
4661.2831	104.6010	118.392
4695.0607	104.4932	-133.677
4729.0830	104.3800	-24.926
4763.3519	104.2659	84.595
4797.8691	104.1460	-165.113
4832.6365	104.0314	-54.010
4867.6558	103.9070	57.950
4902.9288	103.7829	170.714
4938.4574	103.6582	-75.702
4974.2435	103.5257	38.732
5010.2890	103.4025	153.940
5046.5956	103.2645	-89.991
5083.1653	103.1291	26.972
5120.0000	102.9938	144.720
5157.1016	102.8490	-96.585
5194.4721	102.7096	22.935
5232.1134	102.5698	143.287
5270.0275	102.4263	-95.425
5308.2162	102.2802	26.718
5346.6818	102.1324	149.738
5385.4260	101.9879	-86.331
5424.4510	101.8329	38.514
5463.7589	101.6856	164.295
5503.3515	101.5349	-69.034
5543.2311	101.3817	58.596
5583.3996	101.2271	-172.831
5623.8592	101.0656	-43.400
5664.6120	100.9077	87.063
5705.6601	100.7488	-141.509
5747.0057	100.5986	-9.119
5788.6509	100.4383	124.160
5830.5978	100.2763	-101.454
5872.8487	100.1163	33.888
5915.4058	99.9636	170.196
5958.2713	99.7901	-52.495
6001.4474	99.6154	85.865
6044.9363	99.4621	-134.802
6088.7404	99.2922	5.632
6132.8620	99.1147	147.140
6177.3032	98.9415	-70.396
6222.0665	98.7741	73.104
6267.1541	98.5949	-142.243
6312.5685	98.4206	3.400
6358.3120	98.2383	150.133
6404.3869	98.0514	-62.053
6450.7958	97.8584	86.878
6497.5409	97.6764	-123.123
6544.6248	97.4741	28.025
6592.0498	97.2898	-179.703
6639.8185	97.0824	-26.436
6687.9334	96.8802	128.121
6736.3969	96.6710	-76.372
6785.2116	96.4564	80.445
6834.3801	96.2551	-121.718
6883.9048	96.0438	37.310
6933.7884	95.8160	-162.491
6984.0335	95.5872	-1.176
7034.6427	95.3823	161.415
7085.6186	95.1550	-34.864
7136.9639	94.9238	129.973
7188.6813	94.7068	-64.013
7240.7734	94.4690	103.332
7293.2431	94.2495	-88.273
7346.0929	94.0152	81.521
7399.3257	93.7956	-107.662
7452.9443	93.5547	64.728
7506.9514	93.3427	-121.864
7561.3499	93.1206	52.794
7616.1425	92.8945	-131.295
7671.3322	92.6897	46.080
7726.9219	92.4715	-135.355
7782.9143	92.2502	44.528
7839.3125	92.0491	-134.129
7896.1194	91.8448	48.378
7953.3380	91.6311	-127.602
8010.9711	91.3842	57.735
8069.0219	91.2376	-115.686
8127.4934	91.0085	72.471
8186.3886	90.7925	-98.230
8245.7105	90.5708	92.962
8305.4623	90.3701	-74.702
8365.6471	90.1373	119.025
8426.2680	89.9062	-45.719
8487.3283	89.6944	150.957
8548.8309	89.4323	-10.973
8610.7793	89.1976	-171.578
8673.1765	88.9469	29.560
8736.0260	88.7039	-127.927
8799.3308	88.4367	76.058
8863.0944	88.1813	-78.598
8927.3200	87.8903	128.273
8992.0111	87.6035	-23.405
9057.1709	87.3136	-173.504
9122.8029	87.0384	37.657
9188.9105	86.7536	-109.434
9255.4971	86.4667	105.017
9322.5662	86.1738	-39.252
9390.1214	85.9118	178.113
9458.1661	85.6365	36.782
9526.7039	85.3718	-102.701
9595.7383	85.0938	119.344
9665.2730	84.8141	-16.984
9735.3115	84.6058	-151.795
9805.8576	84.3853	75.228
9876.9149	84.1998	-56.470
9948.4871	84.0130	173.964
10020.5779	83.7972	46.264
10093.1912	83.5598	-79.929
10166.3306	83.3670	155.816
10240.0000	83.1162	33.066
10314.2033	82.9462	-87.554
10388.9442	82.8292	153.822
10464.2268	82.5992	36.711
10540.0549	82.3989	-78.645
10616.4325	82.0522	168.408
10693.3635	81.8870	56.760
10770.8521	81.5399	-53.193
10848.9021	81.2154	-160.978
10927.5177	80.8960	92.749
11006.7030	80.6365	-11.704
11086.4621	80.2694	-114.666
11166.7992	79.9028	144.680
11247.7184	79.5840	45.464
11329.2240	79.2484	-52.129
11411.3202	78.8531	-147.765
11494.0114	78.4472	118.439
11577.3017	78.1406	25.285
11661.1956	77.9392	-64.483
11745.6975	77.4807	-152.976
11830.8116	77.3658	120.859
11916.5426	77.1910	36.136
12002.8947	76.9855	-46.203
12089.8727	76.7229	-126.459
12177.4809	76.7724	155.457
12265.7239	76.6151	80.696
12354.6064	76.4717	7.194
12444.1330	76.2895	-63.171
12534.3083	76.0769	-132.534
12625.1370	75.9532	161.606
12716.6240	75.7096	97.466
12808.7739	75.6009	36.171
12901.5916	75.1643	-23.383
12995.0818	74.6837	-80.957
13089.2495	74.3708	-137.414
13184.0996	73.9473	168.654
13279.6370	73.4652	117.941
13375.8668	72.7848	67.537
13472.7938	72.3984	20.935
13570.4232	71.8305	-26.184
13668.7601	71.3455	-69.681
13767.8096	71.2169	-114.474
13867.5768	70.6403	-152.226
13968.0670	70.3602	169.643
14069.2853	70.2964	133.384
14171.2372	70.3696	101.104
14273.9278	70.3753	70.643
14377.3626	70.5764	44.032
14481.5469	70.3288	19.374
14586.4861	70.4484	-0.794
14692.1858	70.2334	-17.493
14798.6515	70.0952	-32.885
14905.8886	70.0205	-45.635
15013.9028	69.8907	-52.769
15122.6997	69.5547	-59.875
15232.2851	68.7475	-63.408
15342.6645	68.1360	-68.178
15453.8437	67.6470	-69.699
15565.8287	66.4593	-66.508
15678.6251	65.8453	-66.673
15792.2389	64.9840	-61.795
15906.6759	64.2197	-58.066
16021.9423	64.4833	-49.974
16138.0439	63.5190	-40.466
16254.9868	64.3870	-24.755
16372.7771	64.5351	-5.378
16491.4210	64.6703	14.000
16610.9246	64.9030	37.747
16731.2942	65.5311	70.798
16852.5361	65.3848	103.287
16974.6565	65.5467	142.757
17097.6619	65.3159	-178.443
17221.5586	64.6724	-131.361
17346.3531	63.9610	-87.352
17472.0519	63.2072	-35.658
17598.6616	61.9596	14.337
17726.1888	60.8176	64.658
17854.6400	58.9142	113.046
17984.0221	56.7834	163.575
18114.3418	56.9464	-149.754
18245.6057	56.9073	-95.999
18377.8209	58.5612	-36.096
18510.9942	59.1602	34.105
18645.1325	60.4576	102.771
18780.2428	61.1366	-174.871
18916.3322	61.3717	-91.888
19053.4077	61.3210	-3.213
19191.4766	61.3883	88.892
19330.5459	60.0652	-169.998
19470.6230	59.7145	-74.677
19611.7152	57.4071	28.441
19753.8298	57.5388	131.978
19896.9742	55.3907	-128.779
