* Helix DSP Ultra S, output layer - phase control at 270 deg, high-pass active at 500 Hz.
* ELECTRICAL loop, no microphone: Scarlett 2i2 out L -> Helix line in,
* Helix line out -> Scarlett in 1; out R -> in 2 direct as the timing
* reference, timing offset 0. Everything else in the channel off; no gain,
* level or routing changed within a set, so the ratio to the set's reference
* is the filter alone.
* REW V5.40 beta 132 measurement #37 'v0 HP=500 phase=270deg', 2026-Sep-01 17:29:50, 512k sweep, 1 average, 96 kHz,
* 10 Hz - 30 kHz, loopback timing reference. SNR 45.3 dB, delay 0.4145 ms.
* Levels are REW's electrical dB (splOffset 102.34); only ratios within a set carry meaning.
* frequency_Hz<TAB>dB<TAB>phase_deg - REW's UNSMOOTHED raw spectrum (linear bins) resampled to 1/96 octave by complex averaging within each cell,
* with the measurement's own delay removed before averaging and restored after, so the cell average carries no rotation loss.
20.0000	29.9182	-89.804
20.1449	29.5072	-87.459
20.2909	29.5630	-83.611
20.4379	29.7101	-78.187
20.5860	29.9935	-77.052
20.7352	30.5152	-75.073
20.8855	30.9789	-73.445
21.0368	31.6209	-74.118
21.1893	32.3567	-74.828
21.3428	32.6485	-76.358
21.4975	33.0782	-78.461
21.6532	33.3730	-79.824
21.8102	33.6875	-83.454
21.9682	33.9506	-86.145
22.1274	34.0161	-88.875
22.2877	34.1341	-92.491
22.4492	34.0818	-94.177
22.6119	34.0182	-96.669
22.7758	33.9891	-98.114
22.9408	33.7097	-100.855
23.1071	33.5612	-102.446
23.2745	33.1928	-103.746
23.4432	32.8914	-104.868
23.6130	32.5145	-104.642
23.7841	32.0893	-104.370
23.9565	31.8264	-102.694
24.1301	31.4626	-100.184
24.3049	31.4508	-97.840
24.4811	31.4647	-93.838
24.6585	31.7026	-92.325
24.8372	32.1711	-89.542
25.0171	32.4721	-89.671
25.1984	33.0927	-89.899
25.3810	33.2908	-91.310
25.5649	33.7350	-94.218
25.7502	33.7649	-96.242
25.9368	33.8640	-100.518
26.1247	33.7065	-102.564
26.3141	33.4255	-106.723
26.5047	33.0895	-108.164
26.6968	32.5183	-110.781
26.8903	32.0706	-110.904
27.0851	31.4391	-111.074
27.2814	31.0444	-109.572
27.4791	30.6348	-107.909
27.6782	30.4415	-105.684
27.8788	30.3084	-104.030
28.0808	30.2172	-102.112
28.2843	30.1775	-101.215
28.4892	30.0032	-97.838
28.6957	30.0228	-95.680
28.9036	30.0885	-91.854
29.1131	30.5418	-88.470
29.3240	30.9997	-85.423
29.5365	32.0581	-84.277
29.7506	32.5671	-83.794
29.9661	34.0537	-88.129
30.1833	34.4378	-91.773
30.4020	34.9853	-96.251
30.6223	35.0948	-102.009
30.8442	35.2024	-105.450
31.0677	34.7043	-113.017
31.2929	34.2657	-114.275
31.5196	33.7084	-115.974
31.7480	32.9001	-112.228
31.9781	32.9715	-110.124
32.2098	33.1570	-105.799
32.4432	33.7926	-104.755
32.6783	34.2049	-104.133
32.9151	35.1060	-108.214
33.1536	35.2452	-111.929
33.3939	35.3936	-115.084
33.6359	35.0123	-121.499
33.8796	34.5869	-123.091
34.1251	34.1734	-124.740
34.3724	33.4110	-123.330
34.6215	33.3566	-121.543
34.8723	33.3173	-120.016
35.1250	33.7632	-119.686
35.3796	33.9644	-122.148
35.6359	34.0978	-123.671
35.8942	33.8742	-129.697
36.1543	32.9495	-134.505
36.4163	32.3441	-134.311
36.6802	31.5144	-134.005
36.9460	30.4700	-124.986
37.2137	30.7718	-117.603
37.4834	31.0187	-113.368
37.7550	32.5711	-108.867
38.0286	33.9378	-111.216
38.3041	34.4083	-114.535
38.5817	34.7264	-116.597
38.8613	34.9467	-122.091
39.1429	34.7444	-125.862
39.4265	34.3669	-126.857
39.7122	34.2582	-126.194
40.0000	34.1209	-125.321
40.2899	34.1879	-122.852
40.5818	34.4796	-121.349
40.8759	34.7649	-121.329
41.1721	34.8161	-121.721
41.4704	34.8845	-122.225
41.7710	34.8135	-123.061
42.0736	34.6100	-123.350
42.3785	34.3476	-123.095
42.6856	34.1744	-122.827
42.9949	34.0367	-122.618
43.3065	33.6342	-121.689
43.6203	33.1563	-119.613
43.9364	32.7973	-115.668
44.2548	32.8737	-110.858
44.5755	33.4398	-108.095
44.8985	34.1495	-109.280
45.2238	34.3740	-111.652
45.5515	34.6135	-113.974
45.8816	34.6287	-120.293
46.2141	34.1696	-126.170
46.5490	33.3932	-129.513
46.8863	32.6923	-129.123
47.2261	32.5186	-126.484
47.5683	32.8771	-125.040
47.9130	33.3447	-126.020
48.2602	33.6231	-127.831
48.6099	33.7733	-128.350
48.9621	34.1235	-127.056
49.3169	34.8927	-126.121
49.6743	35.8610	-128.074
50.0343	36.6042	-133.177
50.3968	36.8234	-139.888
50.7620	36.3939	-146.005
51.1299	35.3745	-148.686
51.5004	34.2188	-144.933
51.8736	33.9020	-135.677
52.2495	34.7316	-128.777
52.6281	35.7801	-128.391
53.0095	36.3391	-132.159
53.3936	36.2357	-136.604
53.7805	35.6112	-138.625
54.1702	34.9555	-136.121
54.5628	34.9747	-130.839
54.9581	35.7530	-128.413
55.3564	36.6302	-131.542
55.7575	37.0600	-138.843
56.1616	36.7951	-148.005
56.5685	34.7775	-158.596
56.9785	31.2386	-155.428
57.3914	30.2078	-136.077
57.8072	31.9001	-121.605
58.2261	33.9022	-120.423
58.6481	35.1076	-125.474
59.0730	35.4927	-131.726
59.5011	35.0020	-136.524
59.9323	34.4634	-133.978
60.3666	34.7296	-130.490
60.8040	35.2954	-129.530
61.2446	35.7198	-131.284
61.6884	35.5983	-134.991
62.1355	34.8972	-135.482
62.5857	34.4834	-132.445
63.0392	34.4322	-128.398
63.4960	34.8783	-124.917
63.9562	35.3307	-124.987
64.4196	35.4586	-126.579
64.8864	35.4197	-128.775
65.3566	34.9634	-132.093
65.8302	34.1356	-133.609
66.3073	33.5811	-132.073
66.7877	33.4448	-128.301
67.2717	33.8087	-128.268
67.7592	33.8385	-131.203
68.2502	33.1031	-133.954
68.7448	32.2461	-129.188
69.2429	32.5962	-122.561
69.7447	34.1978	-120.138
70.2501	35.4032	-124.553
70.7591	35.7169	-128.058
71.2719	36.0856	-130.181
71.7884	36.8783	-132.229
72.3086	37.5789	-139.830
72.8325	37.3893	-150.132
73.3603	35.7332	-155.868
73.8919	33.6863	-149.943
74.4274	33.4691	-140.074
74.9667	34.4361	-133.825
75.5099	34.8655	-134.496
76.0571	34.5950	-132.805
76.6083	34.8672	-128.505
77.1634	35.7500	-130.243
77.7226	35.8685	-140.463
78.2858	34.7440	-147.903
78.8531	32.9319	-146.763
79.4245	31.8470	-136.481
80.0000	32.6628	-127.266
80.5797	33.8335	-125.630
81.1636	34.3372	-128.082
81.7518	34.2923	-126.782
82.3442	34.7376	-121.307
82.9409	35.9341	-119.863
83.5419	36.7537	-123.588
84.1473	36.5064	-128.026
84.7570	35.5255	-126.555
85.3712	35.2995	-122.373
85.9899	35.0418	-122.472
86.6130	33.3014	-119.801
87.2406	32.6815	-101.961
87.8728	34.1590	-97.265
88.5096	34.7495	-104.657
89.1509	33.9025	-113.503
89.7970	33.6094	-115.588
90.4477	34.3654	-123.286
91.1031	34.2619	-139.670
91.7633	31.3498	-160.071
92.4282	25.2083	-131.383
93.0980	31.7380	-97.929
93.7726	34.8811	-107.007
94.4521	35.6418	-118.839
95.1366	34.4350	-126.381
95.8260	32.7426	-111.606
96.5204	34.7850	-95.653
97.2198	36.3385	-100.663
97.9243	35.3478	-106.193
98.6339	34.0984	-95.481
99.3486	35.4927	-87.998
100.0685	36.3783	-94.366
100.7937	36.1890	-100.827
101.5241	35.9604	-105.130
102.2598	35.5168	-108.583
103.0008	35.2031	-105.864
103.7472	36.0434	-103.557
104.4990	36.5282	-107.366
105.2562	36.1112	-107.801
106.0189	36.1470	-103.888
106.7872	36.3272	-103.604
107.5610	35.9269	-102.725
108.3404	35.7315	-99.500
109.1255	35.7392	-96.770
109.9163	36.3828	-95.726
110.7128	36.6077	-102.829
111.5151	34.9996	-105.209
112.3231	34.9203	-86.263
113.1371	38.4766	-86.919
113.9569	39.0117	-99.732
114.7827	38.1674	-98.511
115.6145	38.4699	-93.551
116.4523	38.5032	-91.013
117.2961	38.9623	-83.174
118.1461	39.8933	-83.728
119.0022	39.6373	-85.829
119.8646	39.7616	-81.492
120.7332	40.3210	-83.852
121.6080	39.6523	-85.891
122.4893	39.8549	-77.898
123.3769	41.3814	-80.604
124.2709	41.6371	-87.267
125.1714	41.7455	-88.371
126.0785	42.1416	-92.096
126.9921	41.5656	-94.938
127.9123	41.0819	-88.817
128.8392	42.1861	-82.549
129.7728	43.3032	-84.223
130.7132	43.4007	-86.157
131.6604	43.6223	-83.789
132.6145	44.1464	-84.748
133.5755	43.9949	-86.058
134.5434	43.9976	-84.737
135.5184	43.9504	-85.392
136.5004	43.7801	-81.038
137.4895	45.0402	-78.447
138.4858	45.7024	-87.172
139.4894	44.6261	-87.792
140.5002	46.0895	-82.478
141.5183	46.5640	-91.578
142.5438	45.3306	-90.932
143.5767	45.8153	-81.699
144.6171	46.8387	-82.277
145.6651	47.0389	-85.446
146.7206	46.8600	-84.438
147.7838	47.2305	-82.214
148.8547	47.6941	-81.745
149.9334	48.0433	-83.477
151.0199	47.9980	-83.666
152.1142	48.3917	-83.028
153.2165	48.4282	-84.517
154.3268	48.5440	-83.469
155.4451	48.8843	-83.384
156.5715	49.4305	-84.066
157.7061	49.7181	-85.730
158.8489	49.9759	-86.417
160.0000	50.2061	-86.635
161.1594	50.4545	-87.091
162.3273	50.4985	-86.582
163.5035	51.0428	-85.685
164.6884	51.3465	-88.211
165.8818	51.5057	-88.534
167.0838	51.7108	-90.565
168.2946	51.5797	-88.413
169.5141	52.4450	-87.321
170.7425	52.5387	-89.560
171.9797	52.7360	-89.183
173.2260	52.8332	-89.363
174.4812	53.3046	-89.806
175.7456	53.4591	-91.927
177.0191	53.7165	-92.673
178.3019	53.8074	-92.991
179.5939	54.1292	-92.252
180.8953	54.3705	-92.182
182.2062	54.5149	-92.866
183.5265	54.6352	-91.109
184.8564	55.2983	-93.033
186.1960	55.4726	-95.480
187.5452	55.7288	-97.727
188.9043	55.7167	-97.382
190.2731	56.0844	-96.837
191.6519	56.5141	-96.236
193.0407	56.8252	-97.764
194.4396	57.1081	-98.691
195.8486	57.1190	-100.307
197.2678	57.3963	-99.265
198.6972	57.7101	-100.959
200.1371	57.9154	-100.953
201.5874	58.0668	-102.164
203.0482	58.3449	-102.639
204.5195	58.5051	-103.731
206.0016	58.7673	-104.975
207.4943	58.9784	-104.761
208.9979	59.3540	-105.255
210.5124	59.6785	-106.324
212.0379	59.7994	-107.017
213.5744	60.1604	-107.447
215.1220	60.3133	-108.972
216.6809	60.4904	-109.342
218.2510	60.7948	-110.653
219.8326	60.9758	-111.324
221.4256	61.2670	-112.406
223.0301	61.5378	-113.148
224.6463	61.6724	-113.051
226.2742	62.1917	-113.855
227.9138	62.3181	-115.415
229.5654	62.4380	-116.252
231.2289	62.6834	-117.515
232.9045	62.8648	-117.985
234.5922	63.1606	-118.608
236.2922	63.4106	-119.892
238.0045	63.5662	-120.137
239.7291	63.8300	-120.504
241.4663	64.1730	-121.898
243.2161	64.3507	-123.430
244.9785	64.5603	-124.208
246.7537	64.8637	-125.185
248.5418	65.0851	-126.669
250.3428	65.3399	-127.365
252.1569	65.5440	-128.990
253.9842	65.6278	-129.375
255.8246	65.9094	-130.150
257.6785	66.2341	-131.966
259.5457	66.5075	-132.976
261.4265	66.6433	-134.285
263.3209	66.8410	-134.518
265.2290	67.0069	-135.020
267.1510	67.6054	-141.598
269.0869	67.2303	-139.855
271.0368	67.7942	-140.603
273.0008	68.0943	-140.831
274.9791	68.3701	-140.128
276.9717	68.5206	-141.964
278.9788	68.6841	-143.439
281.0003	69.0060	-144.856
283.0366	69.1329	-145.861
285.0876	69.4285	-146.760
287.1535	69.6697	-148.103
289.2343	69.8398	-149.631
291.3302	70.0790	-150.756
293.4413	70.3027	-151.498
295.5677	70.5746	-152.614
297.7095	70.7491	-153.852
299.8668	70.9633	-155.162
302.0398	71.1620	-156.623
304.2285	71.3623	-157.499
306.4330	71.6020	-158.808
308.6536	71.8163	-159.767
310.8902	72.1197	-161.468
313.1431	72.2805	-162.666
315.4122	72.4841	-163.807
317.6978	72.6824	-165.201
320.0000	72.8931	-166.464
322.3189	73.1054	-167.948
324.6545	73.3348	-169.308
327.0071	73.5455	-170.690
329.3767	73.7578	-172.047
331.7635	73.9600	-173.323
334.1676	74.1603	-174.845
336.5891	74.3655	-176.102
339.0282	74.5899	-177.761
341.4849	74.7764	-179.118
343.9595	74.9391	179.632
346.4519	75.1972	178.177
348.9625	75.3902	176.784
351.4912	75.6116	175.411
354.0383	75.7966	173.745
356.6038	75.9858	172.306
359.1879	76.1884	170.748
361.7907	76.3667	169.367
364.4124	76.5580	167.892
367.0530	76.7386	166.286
369.7129	76.9407	164.838
372.3920	77.1478	163.199
375.0905	77.3168	161.777
377.8085	77.5164	160.302
380.5463	77.6944	158.614
383.3039	77.8926	157.079
386.0814	78.0771	155.412
388.8792	78.2523	153.886
391.6971	78.4308	152.442
394.5355	78.6216	150.711
397.3945	78.8038	149.040
400.2742	78.9778	147.451
403.1747	79.1429	145.897
406.0963	79.3164	144.239
409.0390	79.4990	142.638
412.0031	79.6734	140.915
414.9887	79.8356	139.229
417.9958	79.9966	137.582
421.0248	80.1579	135.938
424.0757	80.3230	134.194
427.1488	80.4924	132.592
430.2440	80.6703	130.813
433.3618	80.8150	129.104
436.5021	80.9800	127.340
439.6652	81.1280	125.653
442.8512	81.2785	124.018
446.0602	81.4362	122.179
449.2926	81.5970	120.348
452.5483	81.7450	118.606
455.8277	81.8830	116.836
459.1308	82.0292	114.979
462.4579	82.1788	113.273
465.8090	82.3235	111.528
469.1845	82.4618	109.801
472.5844	82.5984	107.993
476.0089	82.7369	106.120
479.4583	82.8645	104.394
482.9326	83.0041	102.563
486.4321	83.1410	100.733
489.9570	83.2650	98.933
493.5075	83.3935	97.166
497.0836	83.5256	95.265
500.6857	83.6540	93.369
504.3139	83.7769	91.481
507.9683	83.9017	89.657
511.6493	84.0178	87.796
515.3569	84.1288	85.968
519.0914	84.2447	84.139
522.8529	84.3595	82.300
526.6418	84.4742	80.386
530.4580	84.5911	78.537
534.3019	84.6789	76.649
538.1737	84.7920	74.853
542.0735	84.9054	72.900
546.0016	85.0167	70.987
549.9582	85.1131	69.130
553.9434	85.2142	67.199
557.9575	85.3096	65.271
562.0007	85.4079	63.339
566.0732	85.5068	61.470
570.1752	85.5959	59.619
574.3069	85.6825	57.746
578.4686	85.7710	55.766
582.6604	85.8625	53.865
586.8826	85.9470	51.974
591.1354	86.0378	49.995
595.4190	86.1268	48.137
599.7336	86.1991	46.257
604.0796	86.2869	44.282
608.4570	86.3672	42.387
612.8661	86.4395	40.474
617.3072	86.5154	38.543
621.7804	86.5913	36.599
626.2861	86.6698	34.630
630.8244	86.7363	32.769
635.3957	86.8076	30.839
640.0000	86.8718	28.904
644.6377	86.9406	26.996
649.3090	87.0053	25.035
654.0142	87.0716	23.081
658.7534	87.1345	21.159
663.5270	87.1992	19.225
668.3352	87.2557	17.299
673.1783	87.3167	15.367
678.0564	87.3733	13.423
682.9699	87.4305	11.498
687.9189	87.4856	9.547
692.9039	87.5421	7.618
697.9249	87.5922	5.679
702.9824	87.6449	3.730
708.0765	87.6912	1.803
713.2075	87.7411	-0.152
718.3757	87.7937	-2.058
723.5814	87.8404	-4.035
728.8247	87.8896	-6.009
734.1061	87.9346	-7.881
739.4257	87.9781	-9.848
744.7839	88.0210	-11.811
750.1809	88.0608	-13.772
755.6170	88.1008	-15.661
761.0926	88.1456	-17.612
766.6077	88.1851	-19.568
772.1629	88.2259	-21.524
777.7583	88.2619	-23.508
783.3943	88.2965	-25.432
789.0711	88.3291	-27.351
794.7890	88.3669	-29.342
800.5484	88.4023	-31.304
806.3495	88.4317	-33.256
812.1926	88.4675	-35.182
818.0781	88.4968	-37.137
824.0062	88.5307	-39.122
829.9773	88.5597	-41.087
835.9917	88.5884	-43.089
842.0496	88.6149	-45.007
848.1515	88.6421	-46.994
854.2975	88.6692	-48.945
860.4881	88.6999	-50.944
866.7236	88.7255	-52.880
873.0042	88.7496	-54.876
879.3303	88.7727	-56.832
885.7023	88.7929	-58.827
892.1205	88.8201	-60.800
898.5852	88.8442	-62.766
905.0967	88.8683	-64.761
911.6554	88.8850	-66.786
918.2616	88.9090	-68.769
924.9157	88.9294	-70.764
931.6180	88.9505	-72.772
938.3689	88.9679	-74.770
945.1687	88.9903	-76.781
952.0178	89.0102	-78.795
958.9165	89.0274	-80.794
965.8652	89.0409	-82.791
972.8643	89.0630	-84.814
979.9141	89.0760	-86.879
987.0149	89.0950	-88.875
994.1672	89.1100	-90.903
1001.3714	89.1238	-92.942
1008.6277	89.1375	-95.019
1015.9367	89.1553	-97.050
1023.2986	89.1695	-99.107
1030.7138	89.1782	-101.158
1038.1828	89.1945	-103.228
1045.7059	89.2067	-105.272
1053.2835	89.2249	-107.325
1060.9160	89.2358	-109.428
1068.6039	89.2367	-111.511
1076.3474	89.2556	-113.602
1084.1471	89.2685	-115.715
1092.0032	89.2821	-117.810
1099.9164	89.2898	-119.919
1107.8868	89.3048	-122.041
1115.9150	89.3190	-124.193
1124.0014	89.3225	-126.284
1132.1464	89.3319	-128.406
1140.3504	89.3415	-130.577
1148.6138	89.3512	-132.720
1156.9371	89.3587	-134.861
1165.3208	89.3670	-137.039
1173.7652	89.3773	-139.213
1182.2708	89.3867	-141.394
1190.8380	89.3883	-143.581
1199.4673	89.4041	-145.781
1208.1591	89.4073	-147.991
1216.9139	89.4167	-150.203
1225.7322	89.4265	-152.432
1234.6144	89.4246	-154.687
1243.5609	89.4364	-156.920
1252.5722	89.4355	-159.143
1261.6489	89.4512	-161.410
1270.7913	89.4539	-163.691
1280.0000	89.4607	-165.950
1289.2754	89.4628	-168.248
1298.6180	89.4714	-170.537
1308.0284	89.4792	-172.832
1317.5069	89.4828	-175.153
1327.0541	89.4856	-177.482
1336.6704	89.4893	-179.865
1346.3565	89.4975	177.771
1356.1128	89.5013	175.414
1365.9397	89.5022	173.031
1375.8379	89.5085	170.657
1385.8078	89.5111	168.272
1395.8499	89.5150	165.839
1405.9648	89.5174	163.418
1416.1530	89.5219	160.940
1426.4150	89.5270	158.490
1436.7514	89.5313	156.041
1447.1627	89.5325	153.609
1457.6495	89.5355	151.087
1468.2122	89.5397	148.608
1478.8515	89.5430	146.071
1489.5678	89.5441	143.503
1500.3618	89.5444	140.968
1511.2341	89.5470	138.386
1522.1851	89.5494	135.814
1533.2155	89.5524	133.237
1544.3258	89.5549	130.620
1555.5166	89.5599	127.973
1566.7885	89.5565	125.359
1578.1421	89.5601	122.712
1589.5780	89.5590	120.001
1601.0967	89.5546	117.305
1612.6989	89.5611	114.643
1624.3852	89.5650	111.900
1636.1562	89.5618	109.152
1648.0125	89.5658	106.392
1659.9546	89.5723	103.603
1671.9833	89.5708	100.788
1684.0992	89.5744	97.987
1696.3029	89.5695	95.157
1708.5950	89.5707	92.292
1720.9762	89.5715	89.412
1733.4471	89.5718	86.538
1746.0084	89.5746	83.605
1758.6607	89.5767	80.673
1771.4046	89.5746	77.739
1784.2410	89.5752	74.758
1797.1703	89.5748	71.764
1810.1934	89.5739	68.726
1823.3108	89.5792	65.711
1836.5232	89.5768	62.607
1849.8314	89.5775	59.532
1863.2361	89.5752	56.438
1876.7379	89.5767	53.310
1890.3375	89.5747	50.187
1904.0356	89.5755	46.976
1917.8331	89.5767	43.804
1931.7305	89.5733	40.575
1945.7286	89.5782	37.360
1959.8281	89.5789	34.088
1974.0299	89.5768	30.798
1988.3345	89.5796	27.447
2002.7428	89.5766	24.087
2017.2555	89.5807	20.744
2031.8733	89.5792	17.339
2046.5971	89.5795	13.926
2061.4276	89.5807	10.499
2076.3656	89.5780	6.993
2091.4118	89.5801	3.513
2106.5670	89.5808	0.006
2121.8321	89.5815	-3.560
2137.2077	89.5802	-7.140
2152.6948	89.5819	-10.755
2168.2941	89.5837	-14.392
2184.0065	89.5820	-18.041
2199.8327	89.5858	-21.726
2215.7736	89.5860	-25.452
2231.8300	89.5858	-29.205
2248.0028	89.5813	-32.962
2264.2927	89.5845	-36.751
2280.7007	89.5876	-40.610
2297.2276	89.5901	-44.471
2313.8743	89.5919	-48.376
2330.6416	89.5950	-52.276
2347.5304	89.5932	-56.220
2364.5415	89.5932	-60.217
2381.6760	89.5950	-64.201
2398.9346	89.5950	-68.233
2416.3182	89.5995	-72.307
2433.8279	89.5963	-76.422
2451.4644	89.5980	-80.545
2469.2287	89.5988	-84.699
2487.1218	89.6020	-88.870
2505.1445	89.6025	-93.069
2523.2978	89.6060	-97.320
2541.5826	89.6037	-101.576
2560.0000	89.6048	-105.890
2578.5508	89.6079	-110.191
2597.2361	89.6054	-114.558
2616.0567	89.6096	-118.944
2635.0137	89.6119	-123.383
2654.1081	89.6119	-127.817
2673.3409	89.6138	-132.284
2692.7130	89.6167	-136.776
2712.2255	89.6132	-141.326
2731.8794	89.6156	-145.886
2751.6758	89.6187	-150.471
2771.6155	89.6150	-155.080
2791.6998	89.6180	-159.697
2811.9296	89.6176	-164.393
2832.3060	89.6211	-169.081
2852.8301	89.6196	-173.798
2873.5028	89.6192	-178.542
2894.3254	89.6196	176.698
2915.2989	89.6177	171.879
2936.4244	89.6177	167.059
2957.7029	89.6189	162.206
2979.1356	89.6194	157.347
3000.7237	89.6167	152.440
3022.4682	89.6170	147.502
3044.3702	89.6164	142.560
3066.4310	89.6127	137.603
3088.6516	89.6146	132.604
3111.0332	89.6123	127.587
3133.5771	89.6128	122.570
3156.2843	89.6070	117.508
3179.1560	89.6102	112.415
3202.1935	89.6083	107.304
3225.3979	89.6061	102.186
3248.7705	89.6046	97.041
3272.3124	89.6048	91.884
3296.0249	89.6044	86.706
3319.9093	89.5981	81.515
3343.9667	89.5993	76.273
3368.1985	89.5977	71.043
3392.6058	89.5982	65.778
3417.1900	89.5985	60.520
3441.9524	89.5964	55.228
3466.8942	89.5931	49.925
3492.0167	89.5920	44.596
3517.3213	89.5968	39.243
3542.8093	89.5938	33.881
3568.4820	89.5914	28.515
3594.3406	89.5894	23.120
3620.3867	89.5912	17.727
3646.6215	89.5913	12.302
3673.0465	89.5898	6.886
3699.6629	89.5922	1.419
3726.4721	89.5928	-4.020
3753.4757	89.5915	-9.498
3780.6749	89.5944	-14.993
3808.0713	89.5960	-20.507
3835.6661	89.5986	-26.016
3863.4609	89.5969	-31.516
3891.4572	89.6014	-37.051
3919.6563	89.6012	-42.613
3948.0597	89.6052	-48.178
3976.6690	89.6070	-53.768
4005.4856	89.6086	-59.356
4034.5110	89.6076	-64.963
4063.7467	89.6144	-70.581
4093.1943	89.6158	-76.213
4122.8552	89.6206	-81.862
4152.7312	89.6206	-87.521
4182.8236	89.6228	-93.201
4213.1340	89.6286	-98.910
4243.6641	89.6291	-104.590
4274.4155	89.6314	-110.318
4305.3896	89.6317	-116.054
4336.5883	89.6357	-121.791
4368.0130	89.6375	-127.551
4399.6654	89.6421	-133.332
4431.5472	89.6413	-139.136
4463.6600	89.6427	-144.943
4496.0055	89.6468	-150.769
4528.5854	89.6492	-156.612
4561.4014	89.6520	-162.492
4594.4552	89.6501	-168.385
4627.7485	89.6524	-174.281
4661.2831	89.6550	179.817
4695.0607	89.6530	173.877
4729.0830	89.6559	167.900
4763.3519	89.6561	161.916
4797.8691	89.6562	155.921
4832.6365	89.6572	149.896
4867.6558	89.6564	143.861
4902.9288	89.6536	137.789
4938.4574	89.6547	131.690
4974.2435	89.6549	125.586
5010.2890	89.6524	119.446
5046.5956	89.6550	113.253
5083.1653	89.6506	107.076
5120.0000	89.6519	100.845
5157.1016	89.6514	94.611
5194.4721	89.6492	88.323
5232.1134	89.6507	82.040
5270.0275	89.6492	75.694
5308.2162	89.6458	69.350
5346.6818	89.6455	62.967
5385.4260	89.6440	56.552
5424.4510	89.6445	50.122
5463.7589	89.6423	43.629
5503.3515	89.6436	37.135
5543.2311	89.6427	30.599
5583.3996	89.6429	24.054
5623.8592	89.6409	17.458
5664.6120	89.6407	10.814
5705.6601	89.6381	4.188
5747.0057	89.6427	-2.519
5788.6509	89.6433	-9.243
5830.5978	89.6453	-16.005
5872.8487	89.6470	-22.780
5915.4058	89.6472	-29.596
5958.2713	89.6482	-36.434
6001.4474	89.6513	-43.339
6044.9363	89.6528	-50.262
6088.7404	89.6535	-57.222
6132.8620	89.6556	-64.198
6177.3032	89.6596	-71.226
6222.0665	89.6623	-78.271
6267.1541	89.6638	-85.362
6312.5685	89.6667	-92.501
6358.3120	89.6672	-99.668
6404.3869	89.6722	-106.867
6450.7958	89.6746	-114.105
6497.5409	89.6745	-121.377
6544.6248	89.6757	-128.693
6592.0498	89.6785	-136.055
6639.8185	89.6807	-143.446
6687.9334	89.6818	-150.878
6736.3969	89.6837	-158.357
6785.2116	89.6822	-165.856
6834.3801	89.6835	-173.411
6883.9048	89.6812	179.005
6933.7884	89.6820	171.358
6984.0335	89.6807	163.656
7034.6427	89.6787	155.925
7085.6186	89.6760	148.141
7136.9639	89.6777	140.315
7188.6813	89.6720	132.464
7240.7734	89.6703	124.534
7293.2431	89.6672	116.557
7346.0929	89.6657	108.562
7399.3257	89.6594	100.486
7452.9443	89.6565	92.385
7506.9514	89.6534	84.204
7561.3499	89.6485	75.978
7616.1425	89.6461	67.710
7671.3322	89.6423	59.384
7726.9219	89.6370	50.997
7782.9143	89.6347	42.575
7839.3125	89.6296	34.107
7896.1194	89.6264	25.567
7953.3380	89.6248	16.979
8010.9711	89.6218	8.304
8069.0219	89.6211	-0.386
8127.4934	89.6174	-9.124
8186.3886	89.6142	-17.938
8245.7105	89.6146	-26.802
8305.4623	89.6134	-35.713
8365.6471	89.6148	-44.696
8426.2680	89.6136	-53.711
8487.3283	89.6160	-62.806
8548.8309	89.6142	-71.939
8610.7793	89.6152	-81.139
8673.1765	89.6174	-90.382
8736.0260	89.6171	-99.694
8799.3308	89.6192	-109.063
8863.0944	89.6186	-118.489
8927.3200	89.6184	-127.966
8992.0111	89.6168	-137.505
9057.1709	89.6188	-147.125
9122.8029	89.6205	-156.767
9188.9105	89.6227	-166.498
9255.4971	89.6195	-176.283
9322.5662	89.6196	173.850
9390.1214	89.6169	163.946
9458.1661	89.6175	153.980
9526.7039	89.6146	143.927
9595.7383	89.6129	133.797
9665.2730	89.6108	123.606
9735.3115	89.6088	113.357
9805.8576	89.6048	103.025
9876.9149	89.6002	92.623
9948.4871	89.6007	82.160
10020.5779	89.5986	71.605
10093.1912	89.5950	60.978
10166.3306	89.5935	50.276
10240.0000	89.5915	39.519
10314.2033	89.5922	28.669
10388.9442	89.5913	17.742
10464.2268	89.5939	6.758
10540.0549	89.5938	-4.310
10616.4325	89.5977	-15.461
10693.3635	89.5985	-26.680
10770.8521	89.6020	-37.972
10848.9021	89.6039	-49.323
10927.5177	89.6086	-60.773
11006.7030	89.6144	-72.295
11086.4621	89.6162	-83.886
11166.7992	89.6245	-95.566
11247.7184	89.6298	-107.314
11329.2240	89.6337	-119.140
11411.3202	89.6384	-131.035
11494.0114	89.6400	-142.995
11577.3017	89.6460	-155.057
11661.1956	89.6496	-167.214
11745.6975	89.6539	-179.442
11830.8116	89.6538	168.255
11916.5426	89.6547	155.846
12002.8947	89.6564	143.390
12089.8727	89.6538	130.796
12177.4809	89.6520	118.131
12265.7239	89.6540	105.382
12354.6064	89.6492	92.527
12444.1330	89.6466	79.576
12534.3083	89.6463	66.544
12625.1370	89.6441	53.401
12716.6240	89.6430	40.164
12808.7739	89.6399	26.828
12901.5916	89.6405	13.407
12995.0818	89.6376	-0.093
13089.2495	89.6406	-13.722
13184.0996	89.6401	-27.425
13279.6370	89.6423	-41.218
13375.8668	89.6421	-55.122
13472.7938	89.6415	-69.112
13570.4232	89.6441	-83.210
13668.7601	89.6441	-97.396
13767.8096	89.6435	-111.667
13867.5768	89.6421	-126.045
13968.0670	89.6445	-140.511
14069.2853	89.6422	-155.099
14171.2372	89.6390	-169.766
14273.9278	89.6352	175.460
14377.3626	89.6315	160.573
14481.5469	89.6265	145.569
14586.4861	89.6222	130.475
14692.1858	89.6115	115.235
14798.6515	89.6063	99.911
14905.8886	89.6012	84.447
15013.9028	89.5939	68.870
15122.6997	89.5884	53.218
15232.2851	89.5806	37.395
15342.6645	89.5770	21.469
15453.8437	89.5732	5.434
15565.8287	89.5723	-10.737
15678.6251	89.5716	-27.014
15792.2389	89.5705	-43.402
15906.6759	89.5720	-59.890
16021.9423	89.5727	-76.509
16138.0439	89.5736	-93.234
16254.9868	89.5771	-110.084
16372.7771	89.5807	-127.033
16491.4210	89.5829	-144.127
16610.9246	89.5827	-161.326
16731.2942	89.5840	-178.635
16852.5361	89.5867	163.875
16974.6565	89.5837	146.307
17097.6619	89.5831	128.582
17221.5586	89.5827	110.718
17346.3531	89.5807	92.739
17472.0519	89.5779	74.595
17598.6616	89.5765	56.321
17726.1888	89.5782	37.909
17854.6400	89.5777	19.318
17984.0221	89.5798	0.656
18114.3418	89.5829	-18.197
18245.6057	89.5902	-37.141
18377.8209	89.5939	-56.253
18510.9942	89.5971	-75.496
18645.1325	89.6039	-94.866
18780.2428	89.6049	-114.359
18916.3322	89.6064	-134.017
19053.4077	89.6084	-153.797
19191.4766	89.6063	-173.714
19330.5459	89.6047	166.195
19470.6230	89.6010	145.970
19611.7152	89.5930	125.577
19753.8298	89.5881	105.028
19896.9742	89.5791	84.325
