* Helix DSP Ultra S, output layer - phase control at 180 deg, mid/high channel, HPF 500 Hz active.
* ELECTRICAL loop, no microphone: Scarlett 2i2 out L -> Helix line in,
* Helix line out -> Scarlett in 1; out R -> in 2 direct as the timing
* reference, timing offset 0. Everything else in the channel off; no gain,
* level or routing changed within a set, so the ratio to the set's reference
* is the filter alone.
* REW V5.40 beta 134 measurement #56 'i1_phase_180_hp500_midhigh LR24', 2026-Sep-02 10:43:35, 512k sweep, 1 average, 96 kHz,
* 20 Hz - 20 kHz, loopback timing reference. SNR 45.6 dB, delay -8.9999 ms.
* Levels are REW's electrical dB (splOffset 120.00); only ratios within a set carry meaning.
* This capture carries an EXTRA first-order all-pass, an AP1 the operator left engaged at 8 kHz (measured corner 7611.6 Hz) from REW #55 to #67. It is present in this set's own reference as well, so it divides out of any ratio taken within the set; see README.
* frequency_Hz<TAB>dB<TAB>phase_deg - REW's UNSMOOTHED raw spectrum (linear bins) resampled to 1/96 octave by complex averaging within each cell,
* with the measurement's own delay removed before averaging and restored after, so the cell average carries no rotation loss.
20.0000	54.5395	-0.407
20.1449	54.5395	0.063
20.2909	54.9289	-2.037
20.4379	55.4866	-4.884
20.5860	55.5800	-5.646
20.7352	55.7650	-7.443
20.8855	55.9441	-8.977
21.0368	55.9225	-10.389
21.1893	55.9090	-12.260
21.3428	55.7845	-12.398
21.4975	55.5966	-12.885
21.6532	55.4642	-13.097
21.8102	55.0727	-12.601
21.9682	54.7500	-12.098
22.1274	54.4213	-10.603
22.2877	53.9596	-8.630
22.4492	53.7743	-6.821
22.6119	53.5041	-4.308
22.7758	53.3514	-2.590
22.9408	53.2203	1.035
23.1071	53.1586	3.308
23.2745	53.2670	5.327
23.4432	53.3563	7.021
23.6130	53.4785	7.054
23.7841	53.6089	7.067
23.9565	53.5646	5.893
24.1301	53.5162	4.026
24.3049	53.2435	2.720
24.4811	52.7841	-0.172
24.6585	52.3018	-0.641
24.8372	51.2719	-2.520
25.0171	50.6782	-1.183
25.1984	49.2352	1.479
25.3810	48.8377	5.149
25.5649	47.9924	13.722
25.7502	48.1862	16.802
25.9368	48.6390	22.377
26.1247	49.0602	20.948
26.3141	49.8503	18.113
26.5047	50.0940	12.762
26.6968	50.6616	4.386
26.8903	50.6924	-3.354
27.0851	51.0057	-13.407
27.2814	50.8319	-21.658
27.4791	50.8718	-30.115
27.6782	50.3654	-36.065
27.8788	50.0634	-40.619
28.0808	49.1412	-39.446
28.2843	48.6727	-38.500
28.4892	48.4293	-20.946
28.6957	49.2449	-13.954
28.9036	50.7037	-4.605
29.1131	52.0230	-2.380
29.3240	53.1738	-0.532
29.5365	54.1600	-2.212
29.7506	54.6408	-2.568
29.9661	55.0619	-6.733
30.1833	54.8807	-7.508
30.4020	54.6364	-8.928
30.6223	54.0764	-8.466
30.8442	53.7157	-7.918
31.0677	52.8865	-4.003
31.2929	52.7920	-1.542
31.5196	52.6869	1.343
31.7480	53.0224	2.483
31.9781	53.1337	1.913
32.2098	53.3767	0.012
32.4432	53.3476	-3.042
32.6783	53.3499	-4.903
32.9151	52.7199	-10.300
33.1536	52.0490	-10.774
33.3939	51.4191	-11.266
33.6359	49.8263	-5.002
33.8796	49.4851	2.602
34.1251	49.2754	10.230
34.3724	50.3745	20.970
34.6215	51.1155	21.724
34.8723	51.6982	22.499
35.1250	52.3514	17.045
35.3796	52.2639	13.073
35.6359	52.2401	10.813
35.8942	51.6179	6.340
36.1543	51.1536	7.746
36.4163	51.4174	10.536
36.6802	51.7521	13.679
36.9460	53.2533	15.271
37.2137	54.1249	13.097
37.4834	54.6301	12.376
37.7550	55.2414	5.933
38.0286	54.8664	0.039
38.3041	54.1102	-0.447
38.5817	53.5632	-0.629
38.8613	52.0443	6.550
39.1429	51.9388	19.295
39.4265	53.2365	24.120
39.7122	53.7646	22.086
40.0000	54.4153	19.756
40.2899	54.8597	9.453
40.5818	54.4706	-1.142
40.8759	53.2458	-7.212
41.1721	52.5804	-4.775
41.4704	51.6168	-1.428
41.7710	51.3814	15.594
42.0736	53.2456	28.390
42.3785	55.1492	30.573
42.6856	55.7176	29.329
42.9949	56.1452	28.771
43.3065	56.2171	25.328
43.6203	55.6324	23.946
43.9364	54.8982	25.935
44.2548	54.6097	29.689
44.5755	54.8874	31.296
44.8985	55.2997	29.150
45.2238	55.3493	27.639
45.5515	55.4182	26.091
45.8816	55.0336	23.134
46.2141	54.2113	24.936
46.5490	53.5453	34.133
46.8863	53.9561	46.891
47.2261	55.1781	54.650
47.5683	56.1571	55.579
47.9130	56.3530	52.298
48.2602	55.6502	47.354
48.6099	54.1478	43.015
48.9621	52.2527	41.676
49.3169	50.9021	44.252
49.6743	50.9645	46.351
50.0343	52.0378	43.626
50.3968	53.2129	38.035
50.7620	53.9849	33.499
51.1299	54.2931	32.884
51.5004	54.4615	37.257
51.8736	54.9295	44.416
52.2495	55.6525	50.175
52.6281	56.1534	52.948
53.0095	56.0970	54.257
53.3936	55.5040	56.670
53.7805	54.7813	62.108
54.1702	54.5591	69.282
54.5628	54.9775	73.751
54.9581	55.5537	73.461
55.3564	55.8709	70.137
55.7575	55.8290	66.544
56.1616	55.5734	64.949
56.5685	55.5089	66.191
56.9785	55.9659	66.506
57.3914	56.1601	64.282
57.8072	55.9240	61.109
58.2261	55.2257	59.281
58.6481	54.3175	61.321
59.0730	53.8000	67.971
59.5011	54.5690	77.110
59.9323	55.7153	79.400
60.3666	56.0408	79.138
60.8040	55.9828	79.621
61.2446	55.7439	81.626
61.6884	55.4704	84.427
62.1355	55.1384	84.181
62.5857	54.5785	82.582
63.0392	53.7161	81.895
63.4960	52.8255	87.588
63.9562	53.8428	96.449
64.4196	55.4009	97.276
64.8864	56.6993	93.501
65.3566	57.2706	83.490
65.8302	56.2197	74.978
66.3073	54.4348	75.692
66.7877	52.5631	93.871
67.2717	54.2748	109.462
67.7592	55.8663	107.332
68.2502	56.9479	95.735
68.7448	56.8293	85.584
69.2429	56.1403	84.373
69.7447	55.3819	91.593
70.2501	55.5888	101.340
70.7591	55.8163	105.875
71.2719	55.5943	111.950
71.7884	55.5128	120.991
72.3086	56.3586	125.429
72.8325	57.0317	121.436
73.3603	56.4989	112.656
73.8919	54.9709	106.694
74.4274	53.7734	109.308
74.9667	53.4540	117.192
75.5099	54.2653	118.042
76.0571	54.3490	110.465
76.6083	53.2414	104.799
77.1634	51.8247	115.389
77.7226	54.0912	135.146
78.2858	56.3827	134.729
78.8531	56.8025	129.210
79.4245	55.6366	129.110
80.0000	54.4401	146.497
80.5797	55.9635	165.197
81.1636	58.0309	166.153
81.7518	58.8083	157.337
82.3442	58.1738	151.784
82.9409	57.0123	151.890
83.5419	56.0523	157.426
84.1473	56.0751	166.228
84.7570	57.1733	171.045
85.3712	57.7350	168.302
85.9899	57.2316	163.976
86.6130	55.9804	166.582
87.2406	56.7355	174.343
87.8728	57.6398	172.884
88.5096	57.0772	171.795
89.1509	56.0165	-170.751
89.7970	58.4749	-156.241
90.4477	59.6417	-160.266
91.1031	58.8499	-166.965
91.7633	56.7425	-165.532
92.4282	57.1123	-157.856
93.0980	58.1380	-163.855
93.7726	57.8261	-168.814
94.4521	56.8840	-167.081
95.1366	56.3364	-160.854
95.8260	56.3037	-159.032
96.5204	56.4097	-155.465
97.2198	57.7135	-148.326
97.9243	59.1263	-144.016
98.6339	59.3406	-137.314
99.3486	59.3521	-124.988
100.0685	59.7310	-120.086
100.7937	58.8618	-127.711
101.5241	56.4909	-136.635
102.2598	55.1520	-130.563
103.0008	56.9375	-124.349
103.7472	58.0861	-127.735
104.4990	57.5839	-128.631
105.2562	57.1845	-122.925
106.0189	58.1154	-119.365
106.7872	59.2113	-120.895
107.5610	59.3132	-119.954
108.3404	58.9525	-108.025
109.1255	60.2109	-94.207
109.9163	60.3687	-94.640
110.7128	59.2321	-90.636
111.5151	59.5767	-82.955
112.3231	60.4924	-84.894
113.1371	60.1160	-87.704
113.9569	60.1287	-81.408
114.7827	60.8391	-78.782
115.6145	61.1298	-76.117
116.4523	61.6148	-71.763
117.2961	61.1555	-71.155
118.1461	59.7870	-63.199
119.0022	60.6374	-53.118
119.8646	61.7917	-60.411
120.7332	61.4147	-64.442
121.6080	61.3977	-56.531
122.4893	62.5926	-51.476
123.3769	62.6902	-52.140
124.2709	62.3859	-45.982
125.1714	63.4008	-41.934
126.0785	63.4862	-43.518
126.9921	63.3240	-35.762
127.9123	64.3315	-32.756
128.8392	64.0392	-32.905
129.7728	64.0872	-25.671
130.7132	64.7167	-24.956
131.6604	64.6225	-23.950
132.6145	64.9197	-18.859
133.5755	65.7071	-12.952
134.5434	66.2306	-9.847
135.5184	66.0205	-5.088
136.5004	66.4173	-2.436
137.4895	65.9538	-5.559
138.4858	65.7851	0.956
139.4894	66.9512	2.185
140.5002	66.9103	8.128
141.5183	67.8401	14.293
142.5438	67.5653	13.323
143.5767	67.1750	18.881
144.6171	67.6067	16.973
145.6651	67.3481	22.221
146.7206	68.6807	28.281
147.7838	68.7422	28.906
148.8547	68.6260	34.616
149.9334	69.0658	35.234
151.0199	69.0079	34.208
152.1142	69.3277	39.675
153.2165	69.7747	44.696
154.3268	69.9556	48.946
155.4451	70.0337	49.431
156.5715	70.1917	52.554
157.7061	70.5793	58.081
158.8489	71.0156	62.104
160.0000	70.9846	63.605
161.1594	70.8859	67.348
162.3273	71.0861	71.878
163.5035	71.7484	74.623
164.6884	71.8829	76.110
165.8818	72.1350	82.724
167.0838	72.5043	85.413
168.2946	72.3136	87.354
169.5141	72.3002	91.072
170.7425	72.5247	95.944
171.9797	73.1040	99.153
173.2260	73.4594	101.317
174.4812	73.7789	105.834
175.7456	73.9900	108.950
177.0191	74.2304	111.823
178.3019	74.3255	113.553
179.5939	74.4519	118.281
180.8953	74.8352	121.033
182.2062	75.3035	125.380
183.5265	75.6345	129.101
184.8564	75.5716	133.595
186.1960	75.7822	136.164
187.5452	75.9692	140.700
188.9043	76.4289	146.012
190.2731	76.6289	148.398
191.6519	76.5929	151.046
193.0407	76.9871	155.106
194.4396	77.1849	158.356
195.8486	77.4285	162.329
197.2678	77.6607	164.959
198.6972	77.7685	169.434
200.1371	77.9408	173.420
201.5874	78.4948	177.570
203.0482	78.6936	179.706
204.5195	78.8482	-174.682
206.0016	79.0757	-171.842
207.4943	79.2365	-168.390
208.9979	79.3503	-163.401
210.5124	79.7243	-159.353
212.0379	80.0412	-156.076
213.5744	80.1800	-151.954
215.1220	80.4222	-147.917
216.6809	80.7152	-144.220
218.2510	80.7678	-140.275
219.8326	80.9408	-135.442
221.4256	81.3996	-130.608
223.0301	81.5163	-127.539
224.6463	81.9184	-123.013
226.2742	82.2432	-119.128
227.9138	82.2734	-114.984
229.5654	82.3749	-111.717
231.2289	82.6720	-106.354
232.9045	82.8495	-102.175
234.5922	83.1766	-97.718
236.2922	83.3930	-94.472
238.0045	83.5847	-89.228
239.7291	83.8141	-84.308
241.4663	84.1138	-80.064
243.2161	84.3017	-75.458
244.9785	84.5210	-72.533
246.7537	84.8359	-66.888
248.5418	84.9477	-62.508
250.3428	85.2452	-58.762
252.1569	85.4210	-54.071
253.9842	85.6138	-49.529
255.8246	85.8993	-44.868
257.6785	86.1122	-40.232
259.5457	86.3395	-35.353
261.4265	86.5400	-31.903
263.3209	86.7783	-26.268
265.2290	87.0633	-20.989
267.1510	87.7560	-19.713
269.0869	87.4770	-13.131
271.0368	87.8005	-6.312
273.0008	87.7817	-2.295
274.9791	88.0721	3.182
276.9717	88.3344	7.428
278.9788	88.5110	12.252
281.0003	88.7633	17.299
283.0366	88.9909	22.395
285.0876	89.1594	27.194
287.1535	89.4457	31.913
289.2343	89.6662	37.651
291.3302	89.8108	42.726
293.4413	90.1025	47.707
295.5677	90.2349	52.900
297.7095	90.4853	57.708
299.8668	90.7369	63.000
302.0398	90.9745	68.344
304.2285	91.1641	73.559
306.4330	91.2936	79.019
308.6536	91.4914	84.257
310.8902	91.6792	89.621
313.1431	91.9753	94.842
315.4122	92.1832	100.264
317.6978	92.3813	105.747
320.0000	92.5642	111.540
322.3189	92.8140	117.030
324.6545	93.0061	122.561
327.0071	93.2344	128.248
329.3767	93.4227	133.808
331.7635	93.6492	139.477
334.1676	93.8274	145.178
336.5891	94.0655	151.144
339.0282	94.2920	156.747
341.4849	94.4657	162.802
343.9595	94.6800	168.743
346.4519	94.8799	174.685
348.9625	95.0662	-179.540
351.4912	95.2830	-173.755
354.0383	95.4515	-167.550
356.6038	95.6504	-161.564
359.1879	95.8502	-155.405
361.7907	96.0503	-149.286
364.4124	96.2502	-142.980
367.0530	96.4445	-136.724
369.7129	96.6518	-130.488
372.3920	96.8269	-124.261
375.0905	96.9835	-117.810
377.8085	97.1876	-111.482
380.5463	97.3913	-105.048
383.3039	97.5554	-98.540
386.0814	97.7543	-92.004
388.8792	97.9422	-85.644
391.6971	98.1357	-78.830
394.5355	98.2945	-72.192
397.3945	98.4800	-65.636
400.2742	98.6678	-58.800
403.1747	98.8316	-51.768
406.0963	99.0103	-44.859
409.0390	99.1841	-37.932
412.0031	99.3695	-31.160
414.9887	99.5377	-24.192
417.9958	99.7041	-17.072
421.0248	99.8811	-9.841
424.0757	100.0417	-2.682
427.1488	100.2131	4.458
430.2440	100.3753	11.795
433.3618	100.5396	19.152
436.5021	100.6940	26.619
439.6652	100.8582	34.008
442.8512	101.0138	41.738
446.0602	101.1798	49.250
449.2926	101.3278	56.939
452.5483	101.4822	64.579
455.8277	101.6401	72.362
459.1308	101.7975	80.331
462.4579	101.9360	88.254
465.8090	102.0727	96.312
469.1845	102.2184	104.427
472.5844	102.3673	112.572
476.0089	102.5112	120.760
479.4583	102.6435	129.189
482.9326	102.7873	137.581
486.4321	102.9227	145.926
489.9570	103.0539	154.479
493.5075	103.1801	163.243
497.0836	103.3257	171.815
500.6857	103.4507	-179.430
504.3139	103.5762	-170.554
507.9683	103.6936	-161.584
511.6493	103.8293	-152.540
515.3569	103.9440	-143.299
519.0914	104.0698	-134.049
522.8529	104.1707	-124.614
526.6418	104.2946	-115.239
530.4580	104.4065	-105.831
534.3019	104.5241	-96.131
538.1737	104.6398	-86.421
542.0735	104.7375	-76.557
546.0016	104.8473	-66.751
549.9582	104.9467	-56.770
553.9434	105.0562	-46.642
557.9575	105.1547	-36.441
562.0007	105.2526	-26.105
566.0732	105.3450	-15.626
570.1752	105.4363	-5.089
574.3069	105.5349	5.666
578.4686	105.6198	16.376
582.6604	105.7217	27.270
586.8826	105.8045	38.249
591.1354	105.8956	49.293
595.4190	105.9718	60.563
599.7336	106.0587	71.938
604.0796	106.1447	83.310
608.4570	106.2211	94.921
612.8661	106.3023	106.621
617.3072	106.3644	118.398
621.7804	106.4519	130.330
626.2861	106.5263	142.294
630.8244	106.5902	154.567
635.3957	106.6660	166.859
640.0000	106.7328	179.308
644.6377	106.7974	-168.052
649.3090	106.8660	-155.429
654.0142	106.9272	-142.681
658.7534	106.9888	-129.740
663.5270	107.0476	-116.657
668.3352	107.1094	-103.403
673.1783	107.1744	-90.059
678.0564	107.2305	-76.647
682.9699	107.2801	-63.064
687.9189	107.3330	-49.308
692.9039	107.3946	-35.390
697.9249	107.4415	-21.341
702.9824	107.4950	-7.256
708.0765	107.5350	6.985
713.2075	107.5860	21.457
718.3757	107.6352	36.063
723.5814	107.6869	50.703
728.8247	107.7297	65.516
734.1061	107.7691	80.553
739.4257	107.8156	95.694
744.7839	107.8592	110.923
750.1809	107.8989	126.394
755.6170	107.9409	142.010
761.0926	107.9786	157.747
766.6077	108.0173	173.611
772.1629	108.0549	-170.442
777.7583	108.0862	-154.294
783.3943	108.1258	-137.939
789.0711	108.1526	-121.495
794.7890	108.1930	-104.908
800.5484	108.2220	-88.114
806.3495	108.2551	-71.123
812.1926	108.2864	-54.088
818.0781	108.3131	-36.836
824.0062	108.3477	-19.481
829.9773	108.3743	-1.999
835.9917	108.4017	15.730
842.0496	108.4300	33.593
848.1515	108.4588	51.590
854.2975	108.4806	69.775
860.4881	108.5107	88.095
866.7236	108.5338	106.612
873.0042	108.5525	125.287
879.3303	108.5774	144.157
885.7023	108.6020	163.152
892.1205	108.6236	-177.670
898.5852	108.6499	-158.347
905.0967	108.6645	-138.932
911.6554	108.6859	-119.259
918.2616	108.7040	-99.406
924.9157	108.7252	-79.367
931.6180	108.7428	-59.223
938.3689	108.7626	-38.875
945.1687	108.7801	-18.358
952.0178	108.7979	2.289
958.9165	108.8145	23.185
965.8652	108.8355	44.278
972.8643	108.8550	65.461
979.9141	108.8712	86.876
987.0149	108.8828	108.460
994.1672	108.8951	130.214
1001.3714	108.9102	152.165
1008.6277	108.9303	174.252
1015.9367	108.9454	-163.414
1023.2986	108.9549	-140.916
1030.7138	108.9685	-118.252
1038.1828	108.9823	-95.323
1045.7059	108.9935	-72.327
1053.2835	109.0079	-49.081
1060.9160	109.0187	-25.629
1068.6039	109.0307	-2.020
1076.3474	109.0409	21.792
1084.1471	109.0555	45.810
1092.0032	109.0647	69.997
1099.9164	109.0782	94.418
1107.8868	109.0843	119.009
1115.9150	109.0946	143.813
1124.0014	109.1035	168.792
1132.1464	109.1169	-165.970
1140.3504	109.1208	-140.597
1148.6138	109.1356	-114.983
1156.9371	109.1440	-89.161
1165.3208	109.1537	-63.149
1173.7652	109.1630	-36.944
1182.2708	109.1710	-10.521
1190.8380	109.1804	16.117
1199.4673	109.1889	42.989
1208.1591	109.1937	70.029
1216.9139	109.2019	97.284
1225.7322	109.2104	124.793
1234.6144	109.2176	152.510
1243.5609	109.2251	-179.580
1252.5722	109.2306	-151.427
1261.6489	109.2396	-123.036
1270.7913	109.2407	-94.468
1280.0000	109.2514	-65.631
1289.2754	109.2562	-36.592
1298.6180	109.2616	-7.338
1308.0284	109.2698	22.162
1317.5069	109.2745	51.871
1327.0541	109.2822	81.842
1336.6704	109.2855	112.008
1346.3565	109.2904	142.424
1356.1128	109.2966	173.077
1365.9397	109.3021	-156.024
1375.8379	109.3021	-124.894
1385.8078	109.3100	-93.531
1395.8499	109.3143	-61.919
1405.9648	109.3217	-30.035
1416.1530	109.3253	2.028
1426.4150	109.3312	34.367
1436.7514	109.3332	66.968
1447.1627	109.3343	99.836
1457.6495	109.3407	132.912
1468.2122	109.3428	166.294
1478.8515	109.3471	-160.109
1489.5678	109.3534	-126.258
1500.3618	109.3524	-92.119
1511.2341	109.3596	-57.723
1522.1851	109.3616	-23.113
1533.2155	109.3662	11.795
1544.3258	109.3648	46.975
1555.5166	109.3696	82.395
1566.7885	109.3721	118.138
1578.1421	109.3762	154.077
1589.5780	109.3785	-169.683
1601.0967	109.3778	-133.140
1612.6989	109.3806	-96.343
1624.3852	109.3881	-59.250
1636.1562	109.3869	-21.873
1648.0125	109.3889	15.782
1659.9546	109.3925	53.679
1671.9833	109.3900	91.873
1684.0992	109.3928	130.391
1696.3029	109.3963	169.190
1708.5950	109.3987	-151.731
1720.9762	109.3991	-112.364
1733.4471	109.4002	-72.699
1746.0084	109.4027	-32.727
1758.6607	109.4035	7.556
1771.4046	109.4037	48.128
1784.2410	109.4085	89.009
1797.1703	109.4080	130.174
1810.1934	109.4069	171.678
1823.3108	109.4091	-146.518
1836.5232	109.4107	-104.426
1849.8314	109.4112	-61.983
1863.2361	109.4095	-19.243
1876.7379	109.4108	23.806
1890.3375	109.4116	67.204
1904.0356	109.4108	110.916
1917.8331	109.4085	154.933
1931.7305	109.4114	-160.693
1945.7286	109.4103	-116.010
1959.8281	109.4117	-70.991
1974.0299	109.4094	-25.624
1988.3345	109.4116	20.084
2002.7428	109.4110	66.106
2017.2555	109.4127	112.495
2031.8733	109.4125	159.251
2046.5971	109.4114	-153.695
2061.4276	109.4094	-106.274
2076.3656	109.4100	-58.496
2091.4118	109.4105	-10.374
2106.5670	109.4079	38.107
2121.8321	109.4089	86.931
2137.2077	109.4074	136.161
2152.6948	109.4066	-174.310
2168.2941	109.4096	-124.344
2184.0065	109.4037	-74.057
2199.8327	109.4076	-23.347
2215.7736	109.4034	27.700
2231.8300	109.4041	79.117
2248.0028	109.4049	130.945
2264.2927	109.4044	-176.878
2280.7007	109.4027	-124.312
2297.2276	109.3993	-71.319
2313.8743	109.4028	-17.979
2330.6416	109.4023	35.782
2347.5304	109.4011	89.918
2364.5415	109.4006	144.464
2381.6760	109.3992	-160.585
2398.9346	109.4000	-105.241
2416.3182	109.3951	-49.471
2433.8279	109.3946	6.705
2451.4644	109.3980	63.295
2469.2287	109.4011	120.299
2487.1218	109.3965	177.740
2505.1445	109.3971	-124.426
2523.2978	109.3975	-66.163
2541.5826	109.3976	-7.463
2560.0000	109.3976	51.689
2578.5508	109.3952	111.219
2597.2361	109.3934	171.243
2616.0567	109.3954	-128.308
2635.0137	109.3957	-67.417
2654.1081	109.3949	-6.076
2673.3409	109.3969	55.710
2692.7130	109.3981	117.962
2712.2255	109.3959	-179.316
2731.8794	109.3966	-116.150
2751.6758	109.3993	-52.546
2771.6155	109.3986	11.547
2791.6998	109.3963	76.123
2811.9296	109.3997	141.138
2832.3060	109.4002	-153.317
2852.8301	109.4010	-87.313
2873.5028	109.4025	-20.848
2894.3254	109.4007	46.130
2915.2989	109.4048	113.573
2936.4244	109.4044	-178.450
2957.7029	109.4043	-109.995
2979.1356	109.4078	-41.014
3000.7237	109.4045	28.424
3022.4682	109.4105	98.407
3044.3702	109.4090	168.891
3066.4310	109.4111	-120.091
3088.6516	109.4144	-48.567
3111.0332	109.4140	23.491
3133.5771	109.4126	96.066
3156.2843	109.4153	169.167
3179.1560	109.4153	-117.175
3202.1935	109.4162	-42.984
3225.3979	109.4215	31.728
3248.7705	109.4224	107.007
3272.3124	109.4248	-177.140
3296.0249	109.4233	-100.785
3319.9093	109.4268	-23.833
3343.9667	109.4277	53.679
3368.1985	109.4303	131.746
3392.6058	109.4280	-149.589
3417.1900	109.4297	-70.368
3441.9524	109.4302	9.443
3466.8942	109.4350	89.815
3492.0167	109.4355	170.771
3517.3213	109.4332	-107.656
3542.8093	109.4363	-25.493
3568.4820	109.4357	57.272
3594.3406	109.4407	140.636
3620.3867	109.4385	-135.366
3646.6215	109.4399	-50.795
3673.0465	109.4398	34.429
3699.6629	109.4409	120.258
3726.4721	109.4401	-153.281
3753.4757	109.4397	-66.193
3780.6749	109.4404	21.530
3808.0713	109.4387	109.909
3835.6661	109.4388	-161.094
3863.4609	109.4391	-71.426
3891.4572	109.4388	18.874
3919.6563	109.4390	109.877
3948.0597	109.4389	-158.493
3976.6690	109.4373	-66.197
4005.4856	109.4365	26.788
4034.5110	109.4367	120.462
4063.7467	109.4391	-145.197
4093.1943	109.4348	-50.189
4122.8552	109.4354	45.532
4152.7312	109.4341	141.945
4182.8236	109.4329	-120.932
4213.1340	109.4322	-23.111
4243.6641	109.4308	75.433
4274.4155	109.4308	174.693
4305.3896	109.4272	-85.333
4336.5883	109.4305	15.379
4368.0130	109.4281	116.819
4399.6654	109.4272	-140.981
4431.5472	109.4244	-38.054
4463.6600	109.4269	65.621
4496.0055	109.4269	170.060
4528.5854	109.4272	-84.762
4561.4014	109.4256	21.198
4594.4552	109.4245	127.926
4627.7485	109.4250	-124.552
4661.2831	109.4281	-16.275
4695.0607	109.4281	92.808
4729.0830	109.4274	-157.308
4763.3519	109.4278	-46.635
4797.8691	109.4313	64.868
4832.6365	109.4313	177.145
4867.6558	109.4315	-69.747
4902.9288	109.4335	44.199
4938.4574	109.4335	158.948
4974.2435	109.4363	-85.445
5010.2890	109.4392	31.023
5046.5956	109.4413	148.299
5083.1653	109.4428	-93.554
5120.0000	109.4473	25.454
5157.1016	109.4481	145.343
5194.4721	109.4517	-93.899
5232.1134	109.4534	27.727
5270.0275	109.4566	150.273
5308.2162	109.4584	-86.320
5346.6818	109.4593	38.010
5385.4260	109.4678	163.215
5424.4510	109.4697	-70.641
5463.7589	109.4677	56.430
5503.3515	109.4735	-175.584
5543.2311	109.4773	-46.674
5583.3996	109.4776	83.189
5623.8592	109.4811	-146.017
5664.6120	109.4845	-14.242
5705.6601	109.4863	118.485
5747.0057	109.4858	-107.837
5788.6509	109.4901	26.827
5830.5978	109.4907	162.477
5872.8487	109.4935	-60.897
5915.4058	109.4932	76.724
5958.2713	109.4941	-144.643
6001.4474	109.4984	-5.007
6044.9363	109.4963	135.646
6088.7404	109.4939	-82.673
6132.8620	109.4949	60.034
6177.3032	109.4924	-156.233
6222.0665	109.4911	-11.425
6267.1541	109.4904	134.409
6312.5685	109.4871	-78.659
6358.3120	109.4857	69.287
6404.3869	109.4870	-141.667
6450.7958	109.4817	8.454
6497.5409	109.4818	159.690
6544.6248	109.4781	-47.998
6592.0498	109.4776	105.444
6639.8185	109.4740	-100.031
6687.9334	109.4714	55.633
6736.3969	109.4706	-147.573
6785.2116	109.4665	10.362
6834.3801	109.4654	169.460
6883.9048	109.4608	-30.335
6933.7884	109.4610	131.083
6984.0335	109.4569	-66.335
7034.6427	109.4574	97.419
7085.6186	109.4542	-97.653
7136.9639	109.4563	68.501
7188.6813	109.4554	-124.127
7240.7734	109.4516	44.439
7293.2431	109.4528	-145.760
7346.0929	109.4535	25.267
7399.3257	109.4520	-162.442
7452.9443	109.4546	11.100
7506.9514	109.4527	-174.090
7561.3499	109.4580	1.970
7616.1425	109.4548	179.329
7671.3322	109.4561	-2.003
7726.9219	109.4583	177.962
7782.9143	109.4584	-0.774
7839.3125	109.4564	-178.207
7896.1194	109.4592	5.716
7953.3380	109.4598	-169.028
8010.9711	109.4582	17.598
8069.0219	109.4601	-154.462
8127.4934	109.4577	34.862
8186.3886	109.4596	-134.428
8245.7105	109.4563	57.675
8305.4623	109.4554	-108.825
8365.6471	109.4529	86.088
8426.2680	109.4517	-77.622
8487.3283	109.4459	120.155
8548.8309	109.4456	-40.670
8610.7793	109.4393	159.953
8673.1765	109.4354	2.038
8736.0260	109.4324	-154.411
8799.3308	109.4301	50.609
8863.0944	109.4253	-102.887
8927.3200	109.4217	105.147
8992.0111	109.4159	-45.316
9057.1709	109.4125	165.699
9122.8029	109.4117	18.280
9188.9105	109.4065	-127.595
9255.4971	109.4036	88.065
9322.5662	109.4007	-54.680
9390.1214	109.4006	164.138
9458.1661	109.3974	24.538
9526.7039	109.3988	-113.464
9595.7383	109.3994	110.165
9665.2730	109.3984	-24.584
9735.3115	109.3995	-157.675
9805.8576	109.4043	70.831
9876.9149	109.4042	-58.977
9948.4871	109.4085	172.910
10020.5779	109.4100	46.473
10093.1912	109.4164	-78.258
10166.3306	109.4197	158.716
10240.0000	109.4199	37.414
10314.2033	109.4241	-82.149
10388.9442	109.4291	160.056
10464.2268	109.4312	44.008
10540.0549	109.4351	-70.263
10616.4325	109.4345	177.246
10693.3635	109.4396	66.552
10770.8521	109.4396	-42.318
10848.9021	109.4397	-149.374
10927.5177	109.4410	105.403
11006.7030	109.4391	2.042
11086.4621	109.4391	-99.470
11166.7992	109.4378	160.882
11247.7184	109.4372	63.113
11329.2240	109.4371	-32.712
11411.3202	109.4348	-126.644
11494.0114	109.4353	141.325
11577.3017	109.4345	51.276
11661.1956	109.4345	-36.818
11745.6975	109.4378	-122.961
11830.8116	109.4380	152.902
11916.5426	109.4426	70.731
12002.8947	109.4449	-9.386
12089.8727	109.4452	-87.457
12177.4809	109.4501	-163.505
12265.7239	109.4550	122.514
12354.6064	109.4575	50.615
12444.1330	109.4619	-19.189
12534.3083	109.4662	-86.890
12625.1370	109.4706	-152.459
12716.6240	109.4709	144.132
12808.7739	109.4772	82.880
12901.5916	109.4759	23.777
12995.0818	109.4788	-33.154
13089.2495	109.4793	-87.863
13184.0996	109.4776	-140.349
13279.6370	109.4712	169.396
13375.8668	109.4716	121.380
13472.7938	109.4637	75.600
13570.4232	109.4600	32.140
13668.7601	109.4541	-9.059
13767.8096	109.4480	-47.954
13867.5768	109.4413	-84.505
13968.0670	109.4371	-118.716
14069.2853	109.4313	-150.586
14171.2372	109.4295	179.928
14273.9278	109.4262	152.833
14377.3626	109.4215	128.165
14481.5469	109.4213	105.945
14586.4861	109.4206	86.156
14692.1858	109.4191	68.856
14798.6515	109.4178	54.041
14905.8886	109.4188	41.701
15013.9028	109.4174	31.912
15122.6997	109.4164	24.695
15232.2851	109.4144	20.003
15342.6645	109.4127	17.908
15453.8437	109.4119	18.390
15565.8287	109.4108	21.518
15678.6251	109.4040	27.271
15792.2389	109.4037	35.664
15906.6759	109.3969	46.715
16021.9423	109.3917	60.464
16138.0439	109.3855	76.904
16254.9868	109.3848	96.059
16372.7771	109.3827	117.973
16491.4210	109.3803	142.656
16610.9246	109.3767	170.081
16731.2942	109.3785	-159.611
16852.5361	109.3839	-126.530
16974.6565	109.3871	-90.619
17097.6619	109.3911	-51.770
17221.5586	109.3961	-10.063
17346.3531	109.4002	34.587
17472.0519	109.4020	82.144
17598.6616	109.4088	132.708
17726.1888	109.4113	-173.845
17854.6400	109.4076	-117.325
17984.0221	109.4248	-57.785
18114.3418	109.4182	4.760
18245.6057	109.4190	70.397
18377.8209	109.4166	139.110
18510.9942	109.4169	-149.120
18645.1325	109.4121	-74.232
18780.2428	109.4133	3.855
18916.3322	109.4126	85.091
19053.4077	109.4094	169.486
19191.4766	109.4053	-102.865
19330.5459	109.4079	-12.020
19470.6230	109.4099	82.113
19611.7152	109.4109	179.593
19753.8298	109.4095	-79.660
19896.9742	109.4054	24.374
