* Helix DSP Ultra S, output layer - phase control at 0 - the set's reference for the three above; taken LAST, the block was captured in reverse order.
* ELECTRICAL loop, no microphone: Scarlett 2i2 out L -> Helix line in,
* Helix line out -> Scarlett in 1; out R -> in 2 direct as the timing
* reference, timing offset 0. Everything else in the channel off; no gain,
* level or routing changed within a set, so the ratio to the set's reference
* is the filter alone.
* REW V5.40 beta 134 measurement #91 'p7_0_lp5000_LR24', 2026-Sep-02 12:26:13, 512k sweep, 1 average, 96 kHz,
* 20 Hz - 20 kHz, loopback timing reference. SNR 38.7 dB, delay -8.9316 ms.
* Levels are REW's electrical dB (splOffset 120.00); only ratios within a set carry meaning.
* frequency_Hz<TAB>dB<TAB>phase_deg - REW's UNSMOOTHED raw spectrum (linear bins) resampled to 1/96 octave by complex averaging within each cell,
* with the measurement's own delay removed before averaging and restored after, so the cell average carries no rotation loss.
20.0000	106.5331	129.643
20.1449	106.5331	130.109
20.2909	106.5558	130.166
20.4379	106.5892	130.048
20.5860	106.5989	130.320
20.7352	106.6177	130.413
20.8855	106.6354	130.541
21.0368	106.6549	130.615
21.1893	106.6795	130.596
21.3428	106.6920	130.828
21.4975	106.7109	130.935
21.6532	106.7244	131.163
21.8102	106.7495	131.144
21.9682	106.7697	131.241
22.1274	106.7882	131.355
22.2877	106.8138	131.334
22.4492	106.8263	131.575
22.6119	106.8449	131.693
22.7758	106.8556	131.990
22.9408	106.8812	131.956
23.1071	106.8955	132.182
23.2745	106.9171	132.260
23.4432	106.9346	132.438
23.6130	106.9533	132.608
23.7841	106.9739	132.755
23.9565	106.9905	132.993
24.1301	107.0138	133.117
24.3049	107.0283	133.405
24.4811	107.0533	133.508
24.6585	107.0657	133.831
24.8372	107.0907	133.919
25.0171	107.1011	134.267
25.1984	107.1241	134.349
25.3810	107.1329	134.715
25.5649	107.1531	134.810
25.7502	107.1611	135.186
25.9368	107.1788	135.314
26.1247	107.1871	135.694
26.3141	107.2036	135.867
26.5047	107.2133	136.241
26.6968	107.2296	136.466
26.8903	107.2415	136.823
27.0851	107.2576	137.098
27.2814	107.2720	137.425
27.4791	107.2867	137.754
27.6782	107.3028	138.040
27.8788	107.3146	138.430
28.0808	107.3316	138.671
28.2843	107.3397	139.133
28.4892	107.3616	139.211
28.6957	107.3687	139.674
28.9036	107.3816	139.987
29.1131	107.3914	140.394
29.3240	107.4015	140.806
29.5365	107.4152	141.146
29.7506	107.4225	141.655
29.9661	107.4445	141.827
30.1833	107.4535	142.304
30.4020	107.4661	142.705
30.6223	107.4786	143.089
30.8442	107.4864	143.605
31.0677	107.5050	143.814
31.2929	107.5128	144.316
31.5196	107.5225	144.776
31.7480	107.5398	145.042
31.9781	107.5454	145.637
32.2098	107.5573	146.077
32.4432	107.5678	146.567
32.6783	107.5751	147.145
32.9151	107.5923	147.475
33.1536	107.6008	148.015
33.3939	107.6084	148.589
33.6359	107.6232	148.947
33.8796	107.6302	149.518
34.1251	107.6369	150.106
34.3724	107.6497	150.493
34.6215	107.6562	151.075
34.8723	107.6618	151.696
35.1250	107.6732	152.110
35.3796	107.6797	152.690
35.6359	107.6838	153.362
35.8942	107.6939	153.816
36.1543	107.7041	154.294
36.4163	107.7089	154.985
36.6802	107.7151	155.642
36.9460	107.7276	156.166
37.2137	107.7362	156.823
37.4834	107.7415	157.565
37.7550	107.7558	158.105
38.0286	107.7690	158.642
38.3041	107.7754	159.321
38.5817	107.7798	160.074
38.8613	107.7878	160.633
39.1429	107.7942	161.214
39.4265	107.8006	161.820
39.7122	107.8041	162.610
40.0000	107.8085	163.372
40.2899	107.8185	164.017
40.5818	107.8298	164.666
40.8759	107.8413	165.318
41.1721	107.8458	166.144
41.4704	107.8518	166.935
41.7710	107.8608	167.613
42.0736	107.8689	168.309
42.3785	107.8766	169.023
42.6856	107.8809	169.865
42.9949	107.8844	170.746
43.3065	107.8924	171.493
43.6203	107.9004	172.248
43.9364	107.9083	173.009
44.2548	107.9156	173.777
44.5755	107.9224	174.553
44.8985	107.9286	175.341
45.2238	107.9313	176.266
45.5515	107.9343	177.196
45.8816	107.9399	178.020
46.2141	107.9458	178.860
46.5490	107.9521	179.713
46.8863	107.9587	-179.422
47.2261	107.9651	-178.547
47.5683	107.9711	-177.661
47.9130	107.9767	-176.762
48.2602	107.9823	-175.850
48.6099	107.9880	-174.927
48.9621	107.9940	-173.997
49.3169	107.9998	-173.060
49.6743	108.0052	-172.116
50.0343	108.0100	-171.162
50.3968	108.0147	-170.194
50.7620	108.0199	-169.216
51.1299	108.0253	-168.229
51.5004	108.0304	-167.236
51.8736	108.0345	-166.232
52.2495	108.0373	-165.212
52.6281	108.0396	-164.169
53.0095	108.0429	-163.103
53.3936	108.0480	-162.022
53.7805	108.0547	-160.937
54.1702	108.0613	-159.856
54.5628	108.0659	-158.774
54.9581	108.0676	-157.678
55.3564	108.0675	-156.556
55.7575	108.0679	-155.402
56.1616	108.0710	-154.227
56.5685	108.0813	-153.123
56.9785	108.0919	-152.055
57.3914	108.0955	-150.912
57.8072	108.0960	-149.752
58.2261	108.0952	-148.564
58.6481	108.0957	-147.348
59.0730	108.0989	-146.113
59.5011	108.1071	-144.947
59.9323	108.1146	-143.785
60.3666	108.1174	-142.536
60.8040	108.1192	-141.263
61.2446	108.1215	-139.967
61.6884	108.1274	-138.716
62.1355	108.1347	-137.469
62.5857	108.1387	-136.159
63.0392	108.1414	-134.841
63.4960	108.1436	-133.572
63.9562	108.1456	-132.276
64.4196	108.1476	-130.899
64.8864	108.1501	-129.508
65.3566	108.1546	-128.160
65.8302	108.1589	-126.807
66.3073	108.1608	-125.391
66.7877	108.1615	-124.024
67.2717	108.1613	-122.636
67.7592	108.1625	-121.173
68.2502	108.1680	-119.754
68.7448	108.1755	-118.342
69.2429	108.1796	-116.868
69.7447	108.1819	-115.432
70.2501	108.1823	-113.951
70.7591	108.1837	-112.388
71.2719	108.1892	-110.847
71.7884	108.1961	-109.316
72.3086	108.2002	-107.799
72.8325	108.2009	-106.273
73.3603	108.2003	-104.720
73.8919	108.2011	-103.144
74.4274	108.2028	-101.511
74.9667	108.2065	-99.914
75.5099	108.2101	-98.309
76.0571	108.2132	-96.691
76.6083	108.2155	-95.059
77.1634	108.2168	-93.405
77.7226	108.2189	-91.761
78.2858	108.2222	-90.057
78.8531	108.2270	-88.352
79.4245	108.2305	-86.647
80.0000	108.2309	-84.930
80.5797	108.2306	-83.183
81.1636	108.2336	-81.409
81.7518	108.2412	-79.678
82.3442	108.2447	-77.909
82.9409	108.2439	-76.108
83.5419	108.2426	-74.267
84.1473	108.2434	-72.403
84.7570	108.2456	-70.576
85.3712	108.2460	-68.716
85.9899	108.2459	-66.841
86.6130	108.2476	-64.979
87.2406	108.2515	-63.094
87.8728	108.2547	-61.154
88.5096	108.2575	-59.194
89.1509	108.2605	-57.251
89.7970	108.2619	-55.308
90.4477	108.2610	-53.323
91.1031	108.2590	-51.309
91.7633	108.2603	-49.281
92.4282	108.2683	-47.242
93.0980	108.2749	-45.225
93.7726	108.2749	-43.160
94.4521	108.2731	-41.059
95.1366	108.2734	-38.965
95.8260	108.2745	-36.873
96.5204	108.2746	-34.752
97.2198	108.2781	-32.593
97.9243	108.2833	-30.434
98.6339	108.2834	-28.271
99.3486	108.2808	-26.067
100.0685	108.2829	-23.839
100.7937	108.2880	-21.624
101.5241	108.2911	-19.397
102.2598	108.2933	-17.131
103.0008	108.2958	-14.831
103.7472	108.2979	-12.506
104.4990	108.3010	-10.165
105.2562	108.3050	-7.826
106.0189	108.3064	-5.481
106.7872	108.3059	-3.100
107.5610	108.3059	-0.688
108.3404	108.3054	1.742
109.1255	108.3057	4.171
109.9163	108.3098	6.593
110.7128	108.3111	9.034
111.5151	108.3081	11.523
112.3231	108.3069	14.079
113.1371	108.3118	16.627
113.9569	108.3132	19.144
114.7827	108.3117	21.714
115.6145	108.3142	24.307
116.4523	108.3171	26.885
117.2961	108.3178	29.513
118.1461	108.3215	32.188
119.0022	108.3265	34.840
119.8646	108.3279	37.507
120.7332	108.3269	40.232
121.6080	108.3265	42.974
122.4893	108.3264	45.720
123.3769	108.3271	48.497
124.2709	108.3335	51.284
125.1714	108.3330	54.087
126.0785	108.3325	56.974
126.9921	108.3378	59.811
127.9123	108.3308	62.643
128.8392	108.3316	65.574
129.7728	108.3399	68.478
130.7132	108.3391	71.432
131.6604	108.3418	74.430
132.6145	108.3382	77.416
133.5755	108.3385	80.452
134.5434	108.3448	83.452
135.5184	108.3421	86.502
136.5004	108.3474	89.594
137.4895	108.3468	92.684
138.4858	108.3445	95.854
139.4894	108.3529	99.003
140.5002	108.3555	102.132
141.5183	108.3534	105.339
142.5438	108.3518	108.596
143.5767	108.3514	111.856
144.6171	108.3514	115.135
145.6651	108.3519	118.424
146.7206	108.3487	121.760
147.7838	108.3531	125.108
148.8547	108.3541	128.461
149.9334	108.3535	131.888
151.0199	108.3559	135.354
152.1142	108.3589	138.820
153.2165	108.3581	142.271
154.3268	108.3601	145.768
155.4451	108.3605	149.263
156.5715	108.3627	152.827
157.7061	108.3641	156.375
158.8489	108.3649	160.031
160.0000	108.3710	163.689
161.1594	108.3671	167.359
162.3273	108.3651	171.037
163.5035	108.3639	174.736
164.6884	108.3687	178.493
165.8818	108.3699	-177.707
167.0838	108.3711	-173.923
168.2946	108.3655	-170.118
169.5141	108.3730	-166.263
170.7425	108.3743	-162.390
171.9797	108.3746	-158.455
173.2260	108.3720	-154.488
174.4812	108.3748	-150.504
175.7456	108.3747	-146.495
177.0191	108.3766	-142.457
178.3019	108.3721	-138.360
179.5939	108.3770	-134.264
180.8953	108.3743	-130.200
182.2062	108.3790	-126.000
183.5265	108.3872	-121.851
184.8564	108.3797	-117.587
186.1960	108.3854	-113.337
187.5452	108.3808	-109.057
188.9043	108.3825	-104.761
190.2731	108.3807	-100.407
191.6519	108.3847	-96.020
193.0407	108.3786	-91.615
194.4396	108.3805	-87.151
195.8486	108.3863	-82.647
197.2678	108.3958	-78.139
198.6972	108.3911	-73.636
200.1371	108.3931	-69.011
201.5874	108.3937	-64.441
203.0482	108.3897	-59.782
204.5195	108.3910	-55.085
206.0016	108.3953	-50.356
207.4943	108.3930	-45.637
208.9979	108.3920	-40.857
210.5124	108.3959	-35.987
212.0379	108.3973	-31.146
213.5744	108.3972	-26.241
215.1220	108.3966	-21.340
216.6809	108.3957	-16.372
218.2510	108.3957	-11.341
219.8326	108.4016	-6.353
221.4256	108.3961	-1.248
223.0301	108.3978	3.828
224.6463	108.3907	9.072
226.2742	108.4008	14.294
227.9138	108.3935	19.417
229.5654	108.4014	24.667
231.2289	108.4000	29.995
232.9045	108.4013	35.330
234.5922	108.3978	40.689
236.2922	108.3998	46.170
238.0045	108.4014	51.625
239.7291	108.3984	57.111
241.4663	108.3967	62.661
243.2161	108.4066	68.189
244.9785	108.4058	73.878
246.7537	108.4002	79.530
248.5418	108.4071	85.218
250.3428	108.4086	90.979
252.1569	108.4129	96.763
253.9842	108.4088	102.588
255.8246	108.4150	108.551
257.6785	108.4096	114.404
259.5457	108.4174	120.387
261.4265	108.4078	126.516
263.3209	108.4082	132.448
265.2290	108.3976	138.517
267.1510	108.3502	145.072
269.0869	108.4022	151.024
271.0368	108.3988	157.006
273.0008	108.4244	163.461
274.9791	108.4203	169.624
276.9717	108.4149	176.079
278.9788	108.4171	-177.516
281.0003	108.4165	-171.043
283.0366	108.4073	-164.581
285.0876	108.4208	-157.962
287.1535	108.4134	-151.360
289.2343	108.4088	-144.765
291.3302	108.4110	-138.008
293.4413	108.4148	-131.266
295.5677	108.4216	-124.435
297.7095	108.4159	-117.595
299.8668	108.4176	-110.692
302.0398	108.4112	-103.731
304.2285	108.4170	-96.731
306.4330	108.4156	-89.650
308.6536	108.4181	-82.518
310.8902	108.4192	-75.346
313.1431	108.4187	-68.219
315.4122	108.4150	-60.948
317.6978	108.4268	-53.618
320.0000	108.4257	-46.252
322.3189	108.4236	-38.834
324.6545	108.4220	-31.364
327.0071	108.4224	-23.804
329.3767	108.4257	-16.220
331.7635	108.4271	-8.583
334.1676	108.4263	-0.859
336.5891	108.4226	6.856
339.0282	108.4286	14.664
341.4849	108.4344	22.551
343.9595	108.4322	30.482
346.4519	108.4284	38.478
348.9625	108.4243	46.541
351.4912	108.4288	54.599
354.0383	108.4245	62.791
356.6038	108.4256	70.996
359.1879	108.4309	79.296
361.7907	108.4278	87.624
364.4124	108.4318	96.060
367.0530	108.4214	104.501
369.7129	108.4271	113.008
372.3920	108.4310	121.620
375.0905	108.4298	130.261
377.8085	108.4416	138.993
380.5463	108.4329	147.764
383.3039	108.4304	156.598
386.0814	108.4312	165.503
388.8792	108.4333	174.483
391.6971	108.4331	-176.474
394.5355	108.4298	-167.408
397.3945	108.4315	-158.254
400.2742	108.4350	-149.016
403.1747	108.4348	-139.675
406.0963	108.4414	-130.326
409.0390	108.4377	-120.869
412.0031	108.4386	-111.383
414.9887	108.4333	-101.773
417.9958	108.4358	-92.128
421.0248	108.4362	-82.427
424.0757	108.4430	-72.698
427.1488	108.4417	-62.805
430.2440	108.4388	-52.876
433.3618	108.4371	-42.871
436.5021	108.4440	-32.781
439.6652	108.4443	-22.667
442.8512	108.4421	-12.411
446.0602	108.4431	-2.116
449.2926	108.4400	8.214
452.5483	108.4408	18.700
455.8277	108.4437	29.208
459.1308	108.4487	39.821
462.4579	108.4431	50.508
465.8090	108.4487	61.269
469.1845	108.4409	72.088
472.5844	108.4462	82.999
476.0089	108.4460	93.964
479.4583	108.4476	105.040
482.9326	108.4469	116.200
486.4321	108.4458	127.441
489.9570	108.4475	138.771
493.5075	108.4484	150.134
497.0836	108.4484	161.640
500.6857	108.4490	173.173
504.3139	108.4505	-175.171
507.9683	108.4482	-163.400
511.6493	108.4529	-151.591
515.3569	108.4470	-139.729
519.0914	108.4481	-127.723
522.8529	108.4539	-115.623
526.6418	108.4560	-103.484
530.4580	108.4461	-91.204
534.3019	108.4533	-78.882
538.1737	108.4545	-66.487
542.0735	108.4527	-53.928
546.0016	108.4525	-41.318
549.9582	108.4493	-28.629
553.9434	108.4465	-15.808
557.9575	108.4550	-2.903
562.0007	108.4519	10.044
566.0732	108.4480	23.161
570.1752	108.4546	36.322
574.3069	108.4545	49.576
578.4686	108.4571	62.940
582.6604	108.4563	76.416
586.8826	108.4556	89.970
591.1354	108.4512	103.614
595.4190	108.4542	117.404
599.7336	108.4563	131.196
604.0796	108.4565	145.169
608.4570	108.4576	159.277
612.8661	108.4550	173.428
617.3072	108.4573	-172.307
621.7804	108.4584	-157.945
626.2861	108.4522	-143.470
630.8244	108.4577	-128.881
635.3957	108.4592	-114.216
640.0000	108.4621	-99.436
644.6377	108.4651	-84.541
649.3090	108.4573	-69.528
654.0142	108.4601	-54.417
658.7534	108.4612	-39.150
663.5270	108.4587	-23.829
668.3352	108.4622	-8.374
673.1783	108.4632	7.132
678.0564	108.4634	22.829
682.9699	108.4644	38.645
687.9189	108.4638	54.537
692.9039	108.4621	70.540
697.9249	108.4611	86.691
702.9824	108.4620	102.892
708.0765	108.4639	119.281
713.2075	108.4649	135.767
718.3757	108.4648	152.384
723.5814	108.4655	169.115
728.8247	108.4625	-174.064
734.1061	108.4642	-157.074
739.4257	108.4669	-139.988
744.7839	108.4674	-122.763
750.1809	108.4655	-105.443
755.6170	108.4637	-87.954
761.0926	108.4673	-70.347
766.6077	108.4679	-52.621
772.1629	108.4619	-34.767
777.7583	108.4653	-16.826
783.3943	108.4648	1.322
789.0711	108.4652	19.516
794.7890	108.4642	37.910
800.5484	108.4589	56.402
806.3495	108.4641	75.090
812.1926	108.4663	93.849
818.0781	108.4677	112.733
824.0062	108.4665	131.810
829.9773	108.4635	150.982
835.9917	108.4687	170.318
842.0496	108.4612	-170.207
848.1515	108.4673	-150.615
854.2975	108.4696	-130.865
860.4881	108.4673	-110.952
866.7236	108.4671	-90.929
873.0042	108.4630	-70.716
879.3303	108.4634	-50.408
885.7023	108.4680	-29.921
892.1205	108.4657	-9.321
898.5852	108.4682	11.475
905.0967	108.4686	32.388
911.6554	108.4654	53.463
918.2616	108.4653	74.712
924.9157	108.4670	96.113
931.6180	108.4665	117.636
938.3689	108.4625	139.323
945.1687	108.4653	161.183
952.0178	108.4625	-176.783
958.9165	108.4626	-154.640
965.8652	108.4672	-132.287
972.8643	108.4653	-109.751
979.9141	108.4641	-87.151
987.0149	108.4602	-64.307
994.1672	108.4629	-41.315
1001.3714	108.4613	-18.161
1008.6277	108.4593	5.147
1015.9367	108.4594	28.645
1023.2986	108.4614	52.345
1030.7138	108.4601	76.164
1038.1828	108.4610	100.194
1045.7059	108.4571	124.315
1053.2835	108.4565	148.681
1060.9160	108.4598	173.232
1068.6039	108.4591	-162.087
1076.3474	108.4637	-137.178
1084.1471	108.4582	-112.166
1092.0032	108.4561	-86.877
1099.9164	108.4576	-61.436
1107.8868	108.4517	-35.835
1115.9150	108.4545	-10.027
1124.0014	108.4549	15.984
1132.1464	108.4545	42.149
1140.3504	108.4534	68.532
1148.6138	108.4518	95.069
1156.9371	108.4527	121.825
1165.3208	108.4499	148.759
1173.7652	108.4470	175.891
1182.2708	108.4484	-156.742
1190.8380	108.4392	-129.213
1199.4673	108.4446	-101.465
1208.1591	108.4416	-73.568
1216.9139	108.4438	-45.440
1225.7322	108.4359	-17.086
1234.6144	108.4382	11.508
1243.5609	108.4398	40.251
1252.5722	108.4341	69.180
1261.6489	108.4357	98.354
1270.7913	108.4333	127.751
1280.0000	108.4316	157.330
1289.2754	108.4318	-172.896
1298.6180	108.4251	-142.836
1308.0284	108.4265	-112.573
1317.5069	108.4266	-82.105
1327.0541	108.4257	-51.433
1336.6704	108.4190	-20.582
1346.3565	108.4156	10.569
1356.1128	108.4136	41.946
1365.9397	108.4119	73.497
1375.8379	108.4104	105.305
1385.8078	108.4097	137.347
1395.8499	108.4095	169.637
1405.9648	108.4043	-157.893
1416.1530	108.4004	-125.128
1426.4150	108.3981	-92.153
1436.7514	108.3967	-58.934
1447.1627	108.3948	-25.462
1457.6495	108.3950	8.227
1468.2122	108.3870	42.135
1478.8515	108.3865	76.324
1489.5678	108.3845	110.772
1500.3618	108.3834	145.421
1511.2341	108.3740	-179.634
1522.1851	108.3780	-144.438
1533.2155	108.3724	-108.998
1544.3258	108.3730	-73.288
1555.5166	108.3650	-37.322
1566.7885	108.3638	-1.130
1578.1421	108.3587	35.340
1589.5780	108.3510	72.102
1601.0967	108.3494	109.100
1612.6989	108.3478	146.377
1624.3852	108.3492	-176.091
1636.1562	108.3419	-138.272
1648.0125	108.3384	-100.207
1659.9546	108.3332	-61.816
1671.9833	108.3283	-23.177
1684.0992	108.3229	15.770
1696.3029	108.3235	54.974
1708.5950	108.3142	94.430
1720.9762	108.3096	134.208
1733.4471	108.3043	174.267
1746.0084	108.3017	-145.373
1758.6607	108.2970	-104.733
1771.4046	108.2906	-63.801
1784.2410	108.2915	-22.562
1797.1703	108.2839	18.964
1810.1934	108.2809	60.749
1823.3108	108.2727	102.932
1836.5232	108.2692	145.342
1849.8314	108.2633	-171.890
1863.2361	108.2614	-128.847
1876.7379	108.2490	-85.508
1890.3375	108.2483	-41.811
1904.0356	108.2379	2.151
1917.8331	108.2390	46.481
1931.7305	108.2299	91.121
1945.7286	108.2241	136.084
1959.8281	108.2164	-178.640
1974.0299	108.2097	-133.005
1988.3345	108.2047	-87.126
2002.7428	108.1958	-40.843
2017.2555	108.1938	5.753
2031.8733	108.1825	52.725
2046.5971	108.1763	99.968
2061.4276	108.1693	147.621
2076.3656	108.1613	-164.463
2091.4118	108.1503	-116.134
2106.5670	108.1509	-67.466
2121.8321	108.1418	-18.432
2137.2077	108.1354	30.935
2152.6948	108.1253	80.640
2168.2941	108.1190	130.768
2184.0065	108.1096	-178.839
2199.8327	108.0977	-127.986
2215.7736	108.0910	-76.811
2231.8300	108.0828	-25.246
2248.0028	108.0718	26.660
2264.2927	108.0641	78.950
2280.7007	108.0484	131.628
2297.2276	108.0456	-175.301
2313.8743	108.0316	-121.841
2330.6416	108.0200	-68.046
2347.5304	108.0099	-13.807
2364.5415	107.9994	40.771
2381.6760	107.9861	95.804
2398.9346	107.9779	151.220
2416.3182	107.9640	-152.963
2433.8279	107.9528	-96.769
2451.4644	107.9397	-40.174
2469.2287	107.9264	16.873
2487.1218	107.9156	74.294
2505.1445	107.9029	132.213
2523.2978	107.8881	-169.537
2541.5826	107.8757	-110.874
2560.0000	107.8615	-51.710
2578.5508	107.8435	7.781
2597.2361	107.8321	67.772
2616.0567	107.8143	128.229
2635.0137	107.7941	-170.948
2654.1081	107.7806	-109.631
2673.3409	107.7638	-47.938
2692.7130	107.7469	14.296
2712.2255	107.7247	76.912
2731.8794	107.7054	139.997
2751.6758	107.6868	-156.436
2771.6155	107.6700	-92.449
2791.6998	107.6450	-27.970
2811.9296	107.6256	36.946
2832.3060	107.6018	102.362
2852.8301	107.5841	168.238
2873.5028	107.5620	-125.392
2894.3254	107.5343	-58.564
2915.2989	107.5009	8.756
2936.4244	107.4822	76.567
2957.7029	107.4546	144.862
2979.1356	107.4330	-146.332
3000.7237	107.4022	-77.041
3022.4682	107.3737	-7.214
3044.3702	107.3447	63.052
3066.4310	107.3153	133.867
3088.6516	107.2802	-154.822
3111.0332	107.2514	-82.997
3133.5771	107.2155	-10.631
3156.2843	107.1851	62.252
3179.1560	107.1466	135.656
3202.1935	107.1138	-150.387
3225.3979	107.0736	-75.886
3248.7705	107.0382	-0.875
3272.3124	106.9992	74.698
3296.0249	106.9590	150.768
3319.9093	106.9182	-132.569
3343.9667	106.8732	-55.342
3368.1985	106.8284	22.409
3392.6058	106.7899	100.748
3417.1900	106.7412	179.675
3441.9524	106.6923	-100.845
3466.8942	106.6469	-20.844
3492.0167	106.5946	59.812
3517.3213	106.5465	141.039
3542.8093	106.4951	-137.170
3568.4820	106.4407	-54.795
3594.3406	106.3849	28.217
3620.3867	106.3325	111.797
3646.6215	106.2732	-164.007
3673.0465	106.2144	-79.191
3699.6629	106.1537	6.204
3726.4721	106.0974	92.277
3753.4757	106.0361	178.920
3780.6749	105.9718	-93.787
3808.0713	105.9057	-5.860
3835.6661	105.8444	82.688
3863.4609	105.7821	171.894
3891.4572	105.7102	-98.229
3919.6563	105.6397	-7.729
3948.0597	105.5681	83.450
3976.6690	105.5010	175.232
4005.4856	105.4249	-92.274
4034.5110	105.3599	0.955
4063.7467	105.2802	94.763
4093.1943	105.2031	-170.739
4122.8552	105.1237	-75.482
4152.7312	105.0473	20.407
4182.8236	104.9618	117.022
4213.1340	104.8822	-145.690
4243.6641	104.7985	-47.648
4274.4155	104.7179	51.058
4305.3896	104.6279	150.566
4336.5883	104.5426	-109.274
4368.0130	104.4557	-8.371
4399.6654	104.3651	93.287
4431.5472	104.2703	-164.286
4463.6600	104.1823	-61.157
4496.0055	104.0875	42.739
4528.5854	103.9916	147.397
4561.4014	103.8886	-107.168
4594.4552	103.7849	-0.933
4627.7485	103.6879	106.013
4661.2831	103.5883	-146.232
4695.0607	103.4866	-37.670
4729.0830	103.3750	71.670
4763.3519	103.2661	-178.157
4797.8691	103.1581	-67.215
4832.6365	103.0387	44.559
4867.6558	102.9256	157.157
4902.9288	102.8020	-89.393
4938.4574	102.6862	24.809
4974.2435	102.5671	139.905
5010.2890	102.4414	-104.117
5046.5956	102.3139	12.660
5083.1653	102.1792	130.334
5120.0000	102.0557	-111.182
5157.1016	101.9226	8.132
5194.4721	101.7841	128.416
5232.1134	101.6418	-110.433
5270.0275	101.4994	11.541
5308.2162	101.3627	134.452
5346.6818	101.2071	-101.738
5385.4260	101.0602	22.957
5424.4510	100.9093	148.587
5463.7589	100.7490	-84.841
5503.3515	100.5975	42.584
5543.2311	100.4325	171.032
5583.3996	100.2723	-59.699
5623.8592	100.1093	70.544
5664.6120	99.9485	-158.254
5705.6601	99.7767	-26.020
5747.0057	99.6070	107.132
5788.6509	99.4363	-118.742
5830.5978	99.2538	16.300
5872.8487	99.0823	152.396
5915.4058	98.9116	-70.536
5958.2713	98.7355	67.489
6001.4474	98.5426	-153.376
6044.9363	98.3698	-13.276
6088.7404	98.1868	127.773
6132.8620	98.0084	-90.034
6177.3032	97.8324	53.120
6222.0665	97.6485	-162.617
6267.1541	97.4643	-17.330
6312.5685	97.2868	128.992
6358.3120	97.0949	-83.583
6404.3869	96.9210	64.915
6450.7958	96.7329	-145.405
6497.5409	96.5467	5.228
6544.6248	96.3698	157.075
6592.0498	96.1781	-49.975
6639.8185	96.0018	104.123
6687.9334	95.7999	-100.684
6736.3969	95.6196	55.736
6785.2116	95.4247	-146.748
6834.3801	95.2424	11.983
6883.9048	95.0515	171.742
6933.7884	94.8616	-27.166
6984.0335	94.6625	135.070
7034.6427	94.4622	-61.456
7085.6186	94.2741	103.192
7136.9639	94.0616	-90.883
7188.6813	93.8408	76.186
7240.7734	93.6509	-115.552
7293.2431	93.4428	54.118
7346.0929	93.2139	-135.035
7399.3257	92.9893	36.936
7452.9443	92.7906	-149.632
7506.9514	92.5350	24.803
7561.3499	92.3062	-159.267
7616.1425	92.0980	17.855
7671.3322	91.8365	-163.680
7726.9219	91.5706	15.991
7782.9143	91.3394	-162.923
7839.3125	91.0995	19.371
7896.1194	90.8311	-156.944
7953.3380	90.5859	28.073
8010.9711	90.3129	-145.788
8069.0219	90.0562	41.776
8127.4934	89.8326	-129.256
8186.3886	89.5693	60.896
8245.7105	89.2915	-107.337
8305.4623	89.0530	85.663
8365.6471	88.8228	-79.909
8426.2680	88.5742	115.996
8487.3283	88.2972	-46.615
8548.8309	88.0754	152.104
8610.7793	87.8959	-7.923
8673.1765	87.6436	-165.836
8736.0260	87.4213	37.097
8799.3308	87.2494	-118.099
8863.0944	87.0123	87.969
8927.3200	86.8095	-64.085
8992.0111	86.6211	145.224
9057.1709	86.3868	-3.999
9122.8029	86.1969	-151.453
9188.9105	85.9767	62.664
9255.4971	85.7416	-81.641
9322.5662	85.5926	135.605
9390.1214	85.3555	-5.515
9458.1661	85.1106	-145.009
9526.7039	84.8372	77.226
9595.7383	84.6333	-58.927
9665.2730	84.3746	166.298
9735.3115	84.0976	34.047
9805.8576	83.8302	-96.877
9876.9149	83.5815	133.263
9948.4871	83.2679	5.288
10020.5779	82.9887	-121.178
10093.1912	82.6458	114.446
10166.3306	82.3231	-8.792
10240.0000	81.9023	-129.985
10314.2033	81.6042	109.822
10388.9442	81.2290	-8.618
10464.2268	80.9990	-124.432
10540.0549	80.6679	120.616
10616.4325	80.3823	7.751
10693.3635	80.0548	-103.990
10770.8521	79.7625	147.307
10848.9021	79.5266	39.080
10927.5177	79.3056	-67.127
11006.7030	79.0832	-170.761
11086.4621	78.9165	87.267
11166.7992	78.7500	-13.086
11247.7184	78.6149	-110.868
11329.2240	78.3808	153.371
11411.3202	78.2873	59.190
11494.0114	78.1323	-33.037
11577.3017	77.9742	-122.311
11661.1956	77.8455	150.614
11745.6975	77.6503	65.541
11830.8116	77.4724	-19.085
11916.5426	77.1460	-100.073
12002.8947	76.8937	-178.655
12089.8727	76.5390	103.605
12177.4809	76.3478	28.835
12265.7239	75.8536	-44.571
12354.6064	75.4804	-115.702
12444.1330	75.1151	175.641
12534.3083	74.7539	107.763
12625.1370	74.0035	42.224
12716.6240	73.5699	-20.330
12808.7739	73.1766	-82.740
12901.5916	72.8138	-142.787
12995.0818	72.4554	158.375
13089.2495	72.0626	101.818
13184.0996	71.7056	48.239
13279.6370	71.4312	-3.982
13375.8668	71.2218	-52.448
13472.7938	71.5083	-99.776
13570.4232	71.1693	-144.109
13668.7601	71.2297	171.956
13767.8096	71.2627	134.944
13867.5768	71.1634	99.466
13968.0670	71.3344	67.656
14069.2853	71.1172	35.423
14171.2372	71.1174	6.644
14273.9278	70.9180	-17.844
14377.3626	70.5886	-40.148
14481.5469	70.1497	-59.111
14586.4861	69.9310	-75.781
14692.1858	69.7316	-91.952
14798.6515	68.7169	-106.049
14905.8886	68.1825	-119.082
15013.9028	67.4342	-123.670
15122.6997	66.3987	-132.248
15232.2851	65.6353	-136.698
15342.6645	64.8039	-143.369
15453.8437	63.7926	-144.806
15565.8287	63.6901	-150.915
15678.6251	64.0159	-144.714
15792.2389	63.7036	-138.146
15906.6759	64.2164	-133.177
16021.9423	64.2858	-119.253
16138.0439	64.6505	-107.642
16254.9868	65.1907	-83.718
16372.7771	65.0387	-60.119
16491.4210	65.4102	-33.433
16610.9246	66.1748	-0.934
16731.2942	65.2875	35.596
16852.5361	65.2845	70.819
16974.6565	64.0125	113.650
17097.6619	64.2288	154.111
17221.5586	63.2303	-158.690
17346.3531	62.1325	-112.162
17472.0519	60.3577	-63.361
17598.6616	58.8973	-10.856
17726.1888	57.4876	41.425
17854.6400	55.6067	95.869
17984.0221	54.7721	146.219
18114.3418	55.6890	-178.521
18245.6057	55.8040	-117.021
18377.8209	56.4874	-55.228
18510.9942	58.6488	22.948
18645.1325	60.0028	92.922
18780.2428	60.1940	179.541
18916.3322	60.4685	-93.773
19053.4077	60.9981	-0.424
19191.4766	61.1033	93.701
19330.5459	60.8385	-167.130
19470.6230	59.4863	-62.336
19611.7152	59.1057	47.719
19753.8298	58.1719	154.640
19896.9742	56.4898	-103.282
