* Resonalyze transfer coherence, 4 averaged sweeps, 2026-08-20 block A
* frequency_Hz<TAB>coherence (1/48-octave band means of the native linear grid)
20.0000	0.024889
20.2899	0.185415
20.5840	0.022089
20.8824	0.025409
21.1851	0.168782
21.4922	0.102524
21.8037	0.222980
22.1197	0.109724
22.4404	0.000000
22.7656	0.104931
23.0956	0.013420
23.4304	0.136820
23.7700	0.081467
24.1146	0.093549
24.4641	0.032641
24.8188	0.000000
25.1785	0.156797
25.5435	0.003504
25.9137	0.248509
26.2894	0.148641
26.6704	0.100365
27.0570	0.042603
27.4492	0.038834
27.8471	0.174337
28.2508	0.051197
28.6603	0.104625
29.0757	0.039322
29.4971	0.078467
29.9247	0.057696
30.3585	0.173269
30.7985	0.142739
31.2450	0.095600
31.6979	0.121205
32.1573	0.123485
32.6235	0.009965
33.0963	0.107578
33.5761	0.140867
34.0628	0.107244
34.5565	0.060112
35.0574	0.019329
35.5656	0.179311
36.0811	0.059180
36.6041	0.058738
37.1347	0.270409
37.6730	0.043878
38.2191	0.109683
38.7731	0.015011
39.3351	0.148679
39.9052	0.045128
40.4837	0.055003
41.0705	0.091056
41.6658	0.029937
42.2698	0.156961
42.8825	0.135201
43.5041	0.032590
44.1347	0.155973
44.7744	0.139045
45.4234	0.122366
46.0819	0.138057
46.7498	0.099914
47.4275	0.200241
48.1149	0.144006
48.8124	0.093593
49.5199	0.101481
50.2377	0.072863
50.9659	0.085859
51.7047	0.074609
52.4542	0.126235
53.2145	0.145963
53.9859	0.137307
54.7684	0.079898
55.5623	0.015309
56.3677	0.120763
57.1847	0.044888
58.0136	0.157453
58.8545	0.267747
59.7077	0.290767
60.5731	0.146129
61.4511	0.274152
62.3419	0.337122
63.2456	0.370656
64.1623	0.320226
65.0924	0.216488
66.0359	0.351494
66.9931	0.382606
67.9642	0.423994
68.9493	0.321633
69.9488	0.394195
70.9627	0.484238
71.9913	0.491406
73.0348	0.313639
74.0935	0.532447
75.1675	0.304423
76.2570	0.535679
77.3624	0.530827
78.4838	0.475302
79.6214	0.408850
80.7756	0.687620
81.9464	0.671761
83.1343	0.696374
84.3393	0.732075
85.5618	0.702923
86.8021	0.705625
88.0603	0.840505
89.3367	0.859794
90.6317	0.758178
91.9454	0.846316
93.2782	0.878060
94.6303	0.901306
96.0019	0.914935
97.3935	0.918485
98.8052	0.950520
100.2374	0.963456
101.6904	0.959782
103.1644	0.966655
104.6598	0.967015
106.1769	0.969930
107.7159	0.977849
109.2773	0.982508
110.8613	0.989394
112.4683	0.986961
114.0985	0.991540
115.7524	0.990464
117.4303	0.991380
119.1324	0.990908
120.8593	0.994221
122.6112	0.994738
124.3884	0.995400
126.1915	0.997306
128.0206	0.997662
129.8763	0.997709
131.7589	0.998096
133.6688	0.998976
135.6063	0.998829
137.5720	0.998967
139.5661	0.998980
141.5892	0.999171
143.6415	0.999124
145.7236	0.999083
147.8359	0.999270
149.9788	0.999398
152.1528	0.999483
154.3583	0.999370
156.5958	0.999543
158.8656	0.999548
161.1684	0.999395
163.5046	0.999557
165.8746	0.999538
168.2790	0.999556
170.7183	0.999773
173.1929	0.999792
175.7033	0.999837
178.2502	0.999894
180.8340	0.999902
183.4552	0.999910
186.1144	0.999935
188.8122	0.999927
191.5490	0.999906
194.3256	0.999926
197.1424	0.999909
200.0000	0.999892
202.8990	0.999878
205.8401	0.999797
208.8238	0.999820
211.8507	0.999803
214.9216	0.999653
218.0369	0.999737
221.1974	0.999728
224.4037	0.999602
227.6565	0.999699
230.9564	0.999660
234.3042	0.999621
237.7004	0.999753
241.1460	0.999664
244.6414	0.999713
248.1876	0.999785
251.7851	0.999764
255.4348	0.999859
259.1373	0.999883
262.8936	0.999901
266.7043	0.999915
270.5702	0.999912
274.4922	0.999848
278.4710	0.999889
282.5075	0.999921
286.6025	0.999810
290.7569	0.999819
294.9715	0.999844
299.2471	0.999810
303.5848	0.999785
307.9853	0.999682
312.4496	0.999485
316.9786	0.999250
321.5733	0.999180
326.2346	0.999067
330.9634	0.998802
335.7608	0.999228
340.6277	0.999621
345.5652	0.999314
350.5742	0.999490
355.6559	0.999495
360.8112	0.999590
366.0412	0.999412
371.3471	0.999139
376.7298	0.998741
382.1906	0.998662
387.7305	0.998548
393.3508	0.998667
399.0525	0.998903
404.8368	0.999297
410.7050	0.999395
416.6583	0.999512
422.6978	0.999675
428.8249	0.999699
435.0408	0.999769
441.3468	0.999752
447.7442	0.999693
454.2344	0.999596
460.8186	0.999462
467.4983	0.999303
474.2747	0.999181
481.1495	0.998858
488.1238	0.997661
495.1993	0.997499
502.3773	0.998277
509.6593	0.998971
517.0470	0.999275
524.5417	0.999225
532.1450	0.999552
539.8586	0.999771
547.6839	0.999718
555.6227	0.999853
563.6766	0.999859
571.8472	0.999847
580.1362	0.999776
588.5454	0.999743
597.0765	0.999773
605.7313	0.999800
614.5115	0.999736
623.4189	0.999701
632.4555	0.999822
641.6231	0.999851
650.9236	0.999827
660.3588	0.999784
669.9309	0.999758
679.6417	0.999740
689.4932	0.999715
699.4876	0.999672
709.6268	0.999636
719.9130	0.999787
730.3483	0.999873
740.9348	0.999895
751.6748	0.999905
762.5705	0.999885
773.6241	0.999889
784.8380	0.999899
796.2143	0.999936
807.7556	0.999959
819.4642	0.999970
831.3425	0.999958
843.3930	0.999936
855.6182	0.999830
868.0205	0.999498
880.6027	0.998752
893.3672	0.999317
906.3167	0.999814
919.4540	0.999908
932.7817	0.999886
946.3025	0.999886
960.0194	0.999856
973.9351	0.999853
988.0524	0.999852
1002.3745	0.999754
1016.9041	0.999144
1031.6443	0.998992
1046.5982	0.999449
1061.7689	0.999675
1077.1594	0.999666
1092.7731	0.999727
1108.6131	0.999729
1124.6827	0.999437
1140.9852	0.998463
1157.5240	0.997490
1174.3025	0.997629
1191.3243	0.998034
1208.5928	0.999178
1226.1116	0.999553
1243.8843	0.999384
1261.9147	0.999265
1280.2064	0.999335
1298.7633	0.999510
1317.5891	0.999699
1336.6878	0.999813
1356.0634	0.999840
1375.7198	0.999804
1395.6612	0.999717
1415.8916	0.999647
1436.4152	0.999255
1457.2363	0.999328
1478.3593	0.999501
1499.7884	0.998159
1521.5282	0.998665
1543.5830	0.999435
1565.9576	0.999268
1588.6565	0.999159
1611.6844	0.999353
1635.0461	0.999343
1658.7464	0.998766
1682.7903	0.997306
1707.1827	0.997460
1731.9286	0.999003
1757.0333	0.999737
1782.5019	0.999878
1808.3396	0.999944
1834.5519	0.999952
1861.1441	0.999924
1888.1218	0.999943
1915.4905	0.999943
1943.2559	0.999938
1971.4238	0.999942
2000.0000	0.999951
2028.9904	0.999937
2058.4011	0.999833
2088.2380	0.999817
2118.5075	0.999898
2149.2157	0.999948
2180.3690	0.999948
2211.9739	0.999871
2244.0369	0.999858
2276.5647	0.999814
2309.5640	0.999777
2343.0416	0.999894
2377.0045	0.999903
2411.4596	0.999905
2446.4142	0.999813
2481.8755	0.999821
2517.8508	0.999862
2554.3476	0.999781
2591.3734	0.999822
2628.9359	0.999771
2667.0429	0.999874
2705.7022	0.999878
2744.9219	0.999122
2784.7101	0.996801
2825.0751	0.998050
2866.0251	0.997548
2907.5688	0.995783
2949.7146	0.997879
2992.4713	0.998427
3035.8478	0.999133
3079.8531	0.999685
3124.4962	0.999289
3169.7864	0.999263
3215.7331	0.998510
3262.3458	0.998018
3309.6342	0.999287
3357.6080	0.999568
3406.2773	0.998936
3455.6520	0.999516
3505.7424	0.999466
3556.5588	0.998930
3608.1119	0.998749
3660.4122	0.999491
3713.4706	0.999729
3767.2982	0.999534
3821.9059	0.999668
3877.3053	0.998922
3933.5076	0.998526
3990.5246	0.999499
4048.3681	0.996836
4107.0501	0.995248
4166.5826	0.998245
4226.9781	0.996216
4288.2490	0.995936
4350.4081	0.998955
4413.4681	0.999444
4477.4423	0.998619
4542.3437	0.994376
4608.1860	0.999241
4674.9826	0.998856
4742.7474	0.996817
4811.4945	0.997796
4881.2381	0.997956
4951.9927	0.999112
5023.7729	0.993866
5096.5935	0.990543
5170.4697	0.993548
5245.4167	0.995392
5321.4501	0.995752
5398.5856	0.981693
5476.8393	0.955974
5556.2272	0.997434
5636.7659	0.999017
5718.4720	0.997783
5801.3624	0.998269
5885.4544	0.999246
5970.7652	0.997107
6057.3127	0.994740
6145.1147	0.939840
6234.1894	0.984773
6324.5553	0.952794
6416.2311	0.988037
6509.2357	0.891597
6603.5884	0.905571
6699.3088	0.979881
6796.4167	0.998667
6894.9321	0.995453
6994.8756	0.993332
7096.2678	0.971085
7199.1297	0.992194
7303.4825	0.988965
7409.3480	0.994018
7516.7481	0.997130
7625.7049	0.996986
7736.2411	0.998256
7848.3795	0.994565
7962.1434	0.993341
8077.5563	0.974218
8194.6422	0.719527
8313.4252	0.965934
8433.9301	0.968268
8556.1816	0.996163
8680.2053	0.991836
8806.0267	0.994510
8933.6718	0.976751
9063.1673	0.986995
9194.5398	0.985276
9327.8165	0.830357
9463.0252	0.988700
9600.1937	0.953531
9739.3505	0.882585
9880.5244	0.959808
10023.7447	0.938019
10169.0409	0.773953
10316.4433	0.833766
10465.9823	0.919433
10617.6889	0.995808
10771.5945	0.981030
10927.7310	0.992449
11086.1307	0.986003
11246.8265	0.992609
11409.8516	0.935799
11575.2398	0.945309
11743.0253	0.968185
11913.2429	0.921091
12085.9278	0.664805
12261.1158	0.986801
12438.8433	0.991272
12619.1469	0.979530
12802.0640	0.913310
12987.6326	0.969219
13175.8911	0.927668
13366.8784	0.977036
13560.6340	0.965039
13757.1982	0.972199
13956.6117	0.904325
14158.9157	0.978143
14364.1521	0.984661
14572.3635	0.893493
14783.5929	0.942660
14997.8842	0.969342
15215.2816	0.727242
15435.8303	0.859737
15659.5759	0.979210
15886.5647	0.870523
16116.8438	0.970462
16350.4608	0.982782
16587.4641	0.989289
16827.9028	0.990819
17071.8268	0.897602
17319.2865	0.819428
17570.3331	0.965625
17825.0188	0.977141
18083.3961	0.989666
18345.5187	0.868418
18611.4408	0.985390
18881.2175	0.984759
19154.9047	0.937662
19432.5590	0.954768
19714.2380	0.950261
20000.0000	0.983969
