* Resonalyze transfer coherence, 4 averaged sweeps, 2026-08-20 block A
* frequency_Hz<TAB>coherence (1/48-octave band means of the native linear grid)
20.0000	0.000000
20.2899	0.036213
20.5840	0.018428
20.8824	0.092889
21.1851	0.000000
21.4922	0.000000
21.8037	0.032558
22.1197	0.094032
22.4404	0.000000
22.7656	0.024501
23.0956	0.315978
23.4304	0.080000
23.7700	0.234206
24.1146	0.295754
24.4641	0.217673
24.8188	0.053770
25.1785	0.096596
25.5435	0.038515
25.9137	0.064384
26.2894	0.000000
26.6704	0.027024
27.0570	0.207418
27.4492	0.059568
27.8471	0.212315
28.2508	0.024416
28.6603	0.247751
29.0757	0.016953
29.4971	0.062306
29.9247	0.087688
30.3585	0.297329
30.7985	0.208347
31.2450	0.142307
31.6979	0.000000
32.1573	0.009158
32.6235	0.026722
33.0963	0.154609
33.5761	0.000000
34.0628	0.041435
34.5565	0.000000
35.0574	0.146729
35.5656	0.085707
36.0811	0.229503
36.6041	0.077763
37.1347	0.205324
37.6730	0.041271
38.2191	0.153688
38.7731	0.275604
39.3351	0.117719
39.9052	0.086879
40.4837	0.170111
41.0705	0.186123
41.6658	0.103184
42.2698	0.122735
42.8825	0.205408
43.5041	0.248232
44.1347	0.021787
44.7744	0.154351
45.4234	0.059002
46.0819	0.154238
46.7498	0.222078
47.4275	0.092780
48.1149	0.329241
48.8124	0.130951
49.5199	0.119993
50.2377	0.076655
50.9659	0.011680
51.7047	0.103471
52.4542	0.179872
53.2145	0.129011
53.9859	0.130713
54.7684	0.153211
55.5623	0.267341
56.3677	0.353879
57.1847	0.259564
58.0136	0.300086
58.8545	0.390381
59.7077	0.289229
60.5731	0.293538
61.4511	0.479811
62.3419	0.363067
63.2456	0.485401
64.1623	0.325252
65.0924	0.558074
66.0359	0.552509
66.9931	0.718344
67.9642	0.643591
68.9493	0.650116
69.9488	0.835845
70.9627	0.871605
71.9913	0.892154
73.0348	0.919391
74.0935	0.952154
75.1675	0.953314
76.2570	0.957477
77.3624	0.964233
78.4838	0.979470
79.6214	0.981238
80.7756	0.986342
81.9464	0.983310
83.1343	0.992104
84.3393	0.991477
85.5618	0.989895
86.8021	0.991653
88.0603	0.991832
89.3367	0.993943
90.6317	0.993668
91.9454	0.995299
93.2782	0.995609
94.6303	0.996175
96.0019	0.996931
97.3935	0.996595
98.8052	0.997528
100.2374	0.998224
101.6904	0.997872
103.1644	0.998182
104.6598	0.998734
106.1769	0.998817
107.7159	0.998897
109.2773	0.998798
110.8613	0.999421
112.4683	0.999338
114.0985	0.998791
115.7524	0.998475
117.4303	0.999113
119.1324	0.999596
120.8593	0.999669
122.6112	0.999772
124.3884	0.999696
126.1915	0.999762
128.0206	0.999840
129.8763	0.999832
131.7589	0.999792
133.6688	0.999815
135.6063	0.999868
137.5720	0.999828
139.5661	0.999856
141.5892	0.999875
143.6415	0.999860
145.7236	0.999897
147.8359	0.999886
149.9788	0.999917
152.1528	0.999914
154.3583	0.999949
156.5958	0.999964
158.8656	0.999975
161.1684	0.999973
163.5046	0.999982
165.8746	0.999986
168.2790	0.999987
170.7183	0.999986
173.1929	0.999986
175.7033	0.999988
178.2502	0.999990
180.8340	0.999991
183.4552	0.999991
186.1144	0.999987
188.8122	0.999987
191.5490	0.999990
194.3256	0.999988
197.1424	0.999992
200.0000	0.999991
202.8990	0.999987
205.8401	0.999986
208.8238	0.999987
211.8507	0.999987
214.9216	0.999985
218.0369	0.999988
221.1974	0.999987
224.4037	0.999988
227.6565	0.999988
230.9564	0.999988
234.3042	0.999986
237.7004	0.999987
241.1460	0.999985
244.6414	0.999985
248.1876	0.999986
251.7851	0.999983
255.4348	0.999982
259.1373	0.999986
262.8936	0.999983
266.7043	0.999979
270.5702	0.999987
274.4922	0.999985
278.4710	0.999985
282.5075	0.999988
286.6025	0.999986
290.7569	0.999990
294.9715	0.999990
299.2471	0.999993
303.5848	0.999990
307.9853	0.999989
312.4496	0.999988
316.9786	0.999988
321.5733	0.999988
326.2346	0.999989
330.9634	0.999987
335.7608	0.999991
340.6277	0.999989
345.5652	0.999989
350.5742	0.999991
355.6559	0.999989
360.8112	0.999990
366.0412	0.999990
371.3471	0.999990
376.7298	0.999989
382.1906	0.999988
387.7305	0.999988
393.3508	0.999990
399.0525	0.999990
404.8368	0.999989
410.7050	0.999990
416.6583	0.999989
422.6978	0.999989
428.8249	0.999988
435.0408	0.999989
441.3468	0.999988
447.7442	0.999987
454.2344	0.999985
460.8186	0.999982
467.4983	0.999980
474.2747	0.999976
481.1495	0.999967
488.1238	0.999952
495.1993	0.999906
502.3773	0.999840
509.6593	0.999813
517.0470	0.999876
524.5417	0.999936
532.1450	0.999950
539.8586	0.999961
547.6839	0.999966
555.6227	0.999976
563.6766	0.999977
571.8472	0.999979
580.1362	0.999979
588.5454	0.999976
597.0765	0.999973
605.7313	0.999961
614.5115	0.999937
623.4189	0.999901
632.4555	0.999868
641.6231	0.999842
650.9236	0.999858
660.3588	0.999810
669.9309	0.999631
679.6417	0.999495
689.4932	0.999457
699.4876	0.999181
709.6268	0.998922
719.9130	0.999237
730.3483	0.999632
740.9348	0.999787
751.6748	0.999822
762.5705	0.999850
773.6241	0.999880
784.8380	0.999877
796.2143	0.999810
807.7556	0.999832
819.4642	0.999849
831.3425	0.999863
843.3930	0.999820
855.6182	0.999806
868.0205	0.999827
880.6027	0.999896
893.3672	0.999919
906.3167	0.999916
919.4540	0.999915
932.7817	0.999894
946.3025	0.999882
960.0194	0.999881
973.9351	0.999892
988.0524	0.999865
1002.3745	0.999765
1016.9041	0.999623
1031.6443	0.999609
1046.5982	0.999585
1061.7689	0.999510
1077.1594	0.999216
1092.7731	0.999448
1108.6131	0.999802
1124.6827	0.999917
1140.9852	0.999944
1157.5240	0.999944
1174.3025	0.999946
1191.3243	0.999944
1208.5928	0.999948
1226.1116	0.999962
1243.8843	0.999894
1261.9147	0.999813
1280.2064	0.999824
1298.7633	0.999876
1317.5891	0.999940
1336.6878	0.999921
1356.0634	0.999745
1375.7198	0.998050
1395.6612	0.998203
1415.8916	0.999844
1436.4152	0.999901
1457.2363	0.999855
1478.3593	0.999922
1499.7884	0.999852
1521.5282	0.999582
1543.5830	0.997026
1565.9576	0.998433
1588.6565	0.999197
1611.6844	0.999230
1635.0461	0.999265
1658.7464	0.999164
1682.7903	0.999311
1707.1827	0.999386
1731.9286	0.999605
1757.0333	0.999700
1782.5019	0.999797
1808.3396	0.999723
1834.5519	0.999228
1861.1441	0.997184
1888.1218	0.997400
1915.4905	0.997680
1943.2559	0.999234
1971.4238	0.999364
2000.0000	0.999662
2028.9904	0.999555
2058.4011	0.999558
2088.2380	0.999661
2118.5075	0.999393
2149.2157	0.999284
2180.3690	0.999564
2211.9739	0.999220
2244.0369	0.998598
2276.5647	0.999540
2309.5640	0.999744
2343.0416	0.999713
2377.0045	0.999747
2411.4596	0.999576
2446.4142	0.999801
2481.8755	0.999863
2517.8508	0.999669
2554.3476	0.999495
2591.3734	0.999857
2628.9359	0.999822
2667.0429	0.999806
2705.7022	0.999887
2744.9219	0.999846
2784.7101	0.999106
2825.0751	0.999479
2866.0251	0.999446
2907.5688	0.999446
2949.7146	0.999416
2992.4713	0.999689
3035.8478	0.999681
3079.8531	0.999383
3124.4962	0.997686
3169.7864	0.999171
3215.7331	0.998147
3262.3458	0.999662
3309.6342	0.999475
3357.6080	0.998587
3406.2773	0.998489
3455.6520	0.999363
3505.7424	0.999499
3556.5588	0.999578
3608.1119	0.999624
3660.4122	0.999767
3713.4706	0.999159
3767.2982	0.998794
3821.9059	0.998342
3877.3053	0.999127
3933.5076	0.997005
3990.5246	0.997449
4048.3681	0.998589
4107.0501	0.999207
4166.5826	0.998500
4226.9781	0.998684
4288.2490	0.996870
4350.4081	0.989989
4413.4681	0.996232
4477.4423	0.995429
4542.3437	0.996554
4608.1860	0.998056
4674.9826	0.998253
4742.7474	0.993451
4811.4945	0.997315
4881.2381	0.994310
4951.9927	0.985961
5023.7729	0.878300
5096.5935	0.833415
5170.4697	0.988445
5245.4167	0.991109
5321.4501	0.998034
5398.5856	0.991661
5476.8393	0.996567
5556.2272	0.990149
5636.7659	0.997410
5718.4720	0.994348
5801.3624	0.997966
5885.4544	0.998351
5970.7652	0.999290
6057.3127	0.994698
6145.1147	0.998436
6234.1894	0.998927
6324.5553	0.998521
6416.2311	0.992585
6509.2357	0.997969
6603.5884	0.997115
6699.3088	0.998197
6796.4167	0.998383
6894.9321	0.998947
6994.8756	0.995682
7096.2678	0.998420
7199.1297	0.998406
7303.4825	0.998721
7409.3480	0.997931
7516.7481	0.998532
7625.7049	0.998713
7736.2411	0.995691
7848.3795	0.986971
7962.1434	0.945767
8077.5563	0.965268
8194.6422	0.984006
8313.4252	0.993027
8433.9301	0.993765
8556.1816	0.976989
8680.2053	0.993042
8806.0267	0.986541
8933.6718	0.979644
9063.1673	0.963011
9194.5398	0.995586
9327.8165	0.988529
9463.0252	0.987997
9600.1937	0.952650
9739.3505	0.925023
9880.5244	0.990457
10023.7447	0.997509
10169.0409	0.993284
10316.4433	0.994752
10465.9823	0.990763
10617.6889	0.992152
10771.5945	0.923813
10927.7310	0.988534
11086.1307	0.993596
11246.8265	0.981817
11409.8516	0.990727
11575.2398	0.951113
11743.0253	0.990248
11913.2429	0.994007
12085.9278	0.991780
12261.1158	0.988957
12438.8433	0.961182
12619.1469	0.991522
12802.0640	0.992881
12987.6326	0.972665
13175.8911	0.987905
13366.8784	0.989266
13560.6340	0.957895
13757.1982	0.949477
13956.6117	0.611291
14158.9157	0.950939
14364.1521	0.845080
14572.3635	0.775587
14783.5929	0.926590
14997.8842	0.993096
15215.2816	0.977517
15435.8303	0.974565
15659.5759	0.991412
15886.5647	0.962125
16116.8438	0.954203
16350.4608	0.973056
16587.4641	0.886451
16827.9028	0.880449
17071.8268	0.953864
17319.2865	0.938272
17570.3331	0.836020
17825.0188	0.943926
18083.3961	0.988692
18345.5187	0.968214
18611.4408	0.943452
18881.2175	0.988135
19154.9047	0.976382
19432.5590	0.982045
19714.2380	0.800613
20000.0000	0.972815
