* Resonalyze transfer coherence, 4 averaged sweeps, 2026-08-20 block A
* frequency_Hz<TAB>coherence (1/48-octave band means of the native linear grid)
20.0000	0.033079
20.2899	0.000368
20.5840	0.306808
20.8824	0.197987
21.1851	0.065151
21.4922	0.062529
21.8037	0.079839
22.1197	0.065075
22.4404	0.002120
22.7656	0.074972
23.0956	0.089622
23.4304	0.217739
23.7700	0.327228
24.1146	0.251245
24.4641	0.246276
24.8188	0.029725
25.1785	0.000000
25.5435	0.008183
25.9137	0.001421
26.2894	0.214421
26.6704	0.047596
27.0570	0.151261
27.4492	0.093843
27.8471	0.458855
28.2508	0.278997
28.6603	0.113486
29.0757	0.300168
29.4971	0.114975
29.9247	0.152737
30.3585	0.000000
30.7985	0.000000
31.2450	0.028508
31.6979	0.045595
32.1573	0.027566
32.6235	0.033404
33.0963	0.011190
33.5761	0.096085
34.0628	0.000000
34.5565	0.013317
35.0574	0.133006
35.5656	0.115243
36.0811	0.072999
36.6041	0.277210
37.1347	0.258472
37.6730	0.139320
38.2191	0.038776
38.7731	0.064750
39.3351	0.000000
39.9052	0.105283
40.4837	0.108055
41.0705	0.095704
41.6658	0.237914
42.2698	0.021156
42.8825	0.000570
43.5041	0.236431
44.1347	0.035751
44.7744	0.004337
45.4234	0.058662
46.0819	0.046001
46.7498	0.074584
47.4275	0.203580
48.1149	0.229487
48.8124	0.275522
49.5199	0.240469
50.2377	0.236842
50.9659	0.097271
51.7047	0.240260
52.4542	0.330700
53.2145	0.352050
53.9859	0.181982
54.7684	0.347248
55.5623	0.505798
56.3677	0.538696
57.1847	0.509468
58.0136	0.675757
58.8545	0.724852
59.7077	0.701839
60.5731	0.748947
61.4511	0.812581
62.3419	0.805372
63.2456	0.809689
64.1623	0.821567
65.0924	0.894249
66.0359	0.856033
66.9931	0.927313
67.9642	0.919040
68.9493	0.943970
69.9488	0.927617
70.9627	0.955291
71.9913	0.962845
73.0348	0.961181
74.0935	0.967941
75.1675	0.969935
76.2570	0.976239
77.3624	0.979887
78.4838	0.977293
79.6214	0.977478
80.7756	0.973366
81.9464	0.961998
83.1343	0.959369
84.3393	0.962741
85.5618	0.934432
86.8021	0.920926
88.0603	0.928160
89.3367	0.896450
90.6317	0.834980
91.9454	0.680161
93.2782	0.539407
94.6303	0.298444
96.0019	0.587357
97.3935	0.765774
98.8052	0.911068
100.2374	0.967589
101.6904	0.986465
103.1644	0.991279
104.6598	0.995606
106.1769	0.996893
107.7159	0.998093
109.2773	0.998506
110.8613	0.998201
112.4683	0.999156
114.0985	0.999351
115.7524	0.999307
117.4303	0.999598
119.1324	0.999710
120.8593	0.999695
122.6112	0.999764
124.3884	0.999773
126.1915	0.999788
128.0206	0.999841
129.8763	0.999826
131.7589	0.999885
133.6688	0.999939
135.6063	0.999908
137.5720	0.999938
139.5661	0.999936
141.5892	0.999956
143.6415	0.999956
145.7236	0.999963
147.8359	0.999956
149.9788	0.999968
152.1528	0.999972
154.3583	0.999967
156.5958	0.999977
158.8656	0.999976
161.1684	0.999978
163.5046	0.999977
165.8746	0.999981
168.2790	0.999986
170.7183	0.999983
173.1929	0.999982
175.7033	0.999982
178.2502	0.999984
180.8340	0.999980
183.4552	0.999986
186.1144	0.999979
188.8122	0.999987
191.5490	0.999987
194.3256	0.999988
197.1424	0.999987
200.0000	0.999991
202.8990	0.999990
205.8401	0.999991
208.8238	0.999992
211.8507	0.999994
214.9216	0.999992
218.0369	0.999992
221.1974	0.999989
224.4037	0.999990
227.6565	0.999989
230.9564	0.999988
234.3042	0.999988
237.7004	0.999988
241.1460	0.999985
244.6414	0.999980
248.1876	0.999982
251.7851	0.999982
255.4348	0.999982
259.1373	0.999978
262.8936	0.999970
266.7043	0.999956
270.5702	0.999958
274.4922	0.999941
278.4710	0.999930
282.5075	0.999933
286.6025	0.999937
290.7569	0.999945
294.9715	0.999949
299.2471	0.999946
303.5848	0.999947
307.9853	0.999953
312.4496	0.999948
316.9786	0.999927
321.5733	0.999930
326.2346	0.999905
330.9634	0.999866
335.7608	0.999820
340.6277	0.999736
345.5652	0.999723
350.5742	0.999687
355.6559	0.999739
360.8112	0.999845
366.0412	0.999901
371.3471	0.999920
376.7298	0.999938
382.1906	0.999938
387.7305	0.999927
393.3508	0.999927
399.0525	0.999912
404.8368	0.999918
410.7050	0.999911
416.6583	0.999919
422.6978	0.999921
428.8249	0.999938
435.0408	0.999950
441.3468	0.999969
447.7442	0.999971
454.2344	0.999970
460.8186	0.999968
467.4983	0.999963
474.2747	0.999959
481.1495	0.999947
488.1238	0.999936
495.1993	0.999929
502.3773	0.999942
509.6593	0.999952
517.0470	0.999947
524.5417	0.999952
532.1450	0.999954
539.8586	0.999960
547.6839	0.999959
555.6227	0.999962
563.6766	0.999964
571.8472	0.999945
580.1362	0.999920
588.5454	0.999906
597.0765	0.999885
605.7313	0.999884
614.5115	0.999862
623.4189	0.999760
632.4555	0.999346
641.6231	0.998331
650.9236	0.999333
660.3588	0.999622
669.9309	0.999533
679.6417	0.999321
689.4932	0.998699
699.4876	0.998298
709.6268	0.999001
719.9130	0.999413
730.3483	0.999663
740.9348	0.999631
751.6748	0.999536
762.5705	0.999052
773.6241	0.998980
784.8380	0.999672
796.2143	0.999815
807.7556	0.999848
819.4642	0.999822
831.3425	0.999761
843.3930	0.999564
855.6182	0.999300
868.0205	0.999032
880.6027	0.999120
893.3672	0.999491
906.3167	0.999706
919.4540	0.999825
932.7817	0.999853
946.3025	0.999818
960.0194	0.999787
973.9351	0.999758
988.0524	0.999676
1002.3745	0.999537
1016.9041	0.998983
1031.6443	0.994704
1046.5982	0.987365
1061.7689	0.993081
1077.1594	0.998618
1092.7731	0.999673
1108.6131	0.999760
1124.6827	0.999749
1140.9852	0.999773
1157.5240	0.999844
1174.3025	0.999910
1191.3243	0.999807
1208.5928	0.999769
1226.1116	0.999806
1243.8843	0.999821
1261.9147	0.999853
1280.2064	0.999812
1298.7633	0.999408
1317.5891	0.998655
1336.6878	0.999484
1356.0634	0.999831
1375.7198	0.999848
1395.6612	0.999836
1415.8916	0.999547
1436.4152	0.999182
1457.2363	0.999245
1478.3593	0.999155
1499.7884	0.998465
1521.5282	0.998410
1543.5830	0.998673
1565.9576	0.999064
1588.6565	0.999627
1611.6844	0.999850
1635.0461	0.999897
1658.7464	0.999893
1682.7903	0.999901
1707.1827	0.999864
1731.9286	0.999877
1757.0333	0.999861
1782.5019	0.999520
1808.3396	0.998679
1834.5519	0.999105
1861.1441	0.999716
1888.1218	0.999696
1915.4905	0.999555
1943.2559	0.999583
1971.4238	0.999616
2000.0000	0.999449
2028.9904	0.999446
2058.4011	0.999544
2088.2380	0.999224
2118.5075	0.996869
2149.2157	0.992794
2180.3690	0.991841
2211.9739	0.988135
2244.0369	0.985599
2276.5647	0.995228
2309.5640	0.998492
2343.0416	0.999007
2377.0045	0.997053
2411.4596	0.998614
2446.4142	0.983855
2481.8755	0.945416
2517.8508	0.710964
2554.3476	0.958988
2591.3734	0.998777
2628.9359	0.998745
2667.0429	0.998725
2705.7022	0.998131
2744.9219	0.999745
2784.7101	0.999464
2825.0751	0.999502
2866.0251	0.999670
2907.5688	0.999443
2949.7146	0.999809
2992.4713	0.999868
3035.8478	0.999330
3079.8531	0.999540
3124.4962	0.999583
3169.7864	0.999693
3215.7331	0.998908
3262.3458	0.999596
3309.6342	0.999802
3357.6080	0.999261
3406.2773	0.998458
3455.6520	0.999268
3505.7424	0.985450
3556.5588	0.989828
3608.1119	0.997448
3660.4122	0.996768
3713.4706	0.998091
3767.2982	0.879050
3821.9059	0.991235
3877.3053	0.996834
3933.5076	0.996903
3990.5246	0.998962
4048.3681	0.998863
4107.0501	0.998657
4166.5826	0.997315
4226.9781	0.996978
4288.2490	0.998800
4350.4081	0.998218
4413.4681	0.994884
4477.4423	0.996944
4542.3437	0.999036
4608.1860	0.997871
4674.9826	0.999305
4742.7474	0.998683
4811.4945	0.977339
4881.2381	0.985049
4951.9927	0.987196
5023.7729	0.983966
5096.5935	0.993159
5170.4697	0.998569
5245.4167	0.986011
5321.4501	0.990016
5398.5856	0.976656
5476.8393	0.998981
5556.2272	0.997893
5636.7659	0.998757
5718.4720	0.999090
5801.3624	0.999167
5885.4544	0.999319
5970.7652	0.998618
6057.3127	0.998478
6145.1147	0.992336
6234.1894	0.992359
6324.5553	0.991336
6416.2311	0.995529
6509.2357	0.995802
6603.5884	0.989641
6699.3088	0.990261
6796.4167	0.998873
6894.9321	0.998455
6994.8756	0.996409
7096.2678	0.992905
7199.1297	0.997209
7303.4825	0.995848
7409.3480	0.997716
7516.7481	0.997053
7625.7049	0.997382
7736.2411	0.995238
7848.3795	0.998448
7962.1434	0.995028
8077.5563	0.995529
8194.6422	0.987806
8313.4252	0.857994
8433.9301	0.981247
8556.1816	0.986535
8680.2053	0.989620
8806.0267	0.979188
8933.6718	0.980340
9063.1673	0.989176
9194.5398	0.981898
9327.8165	0.768176
9463.0252	0.991650
9600.1937	0.990347
9739.3505	0.995327
9880.5244	0.998257
10023.7447	0.987986
10169.0409	0.988529
10316.4433	0.931351
10465.9823	0.994826
10617.6889	0.984383
10771.5945	0.978181
10927.7310	0.994546
11086.1307	0.997971
11246.8265	0.994987
11409.8516	0.996282
11575.2398	0.990379
11743.0253	0.996417
11913.2429	0.994703
12085.9278	0.991212
12261.1158	0.839967
12438.8433	0.964094
12619.1469	0.928788
12802.0640	0.993468
12987.6326	0.975861
13175.8911	0.992584
13366.8784	0.985281
13560.6340	0.866308
13757.1982	0.986002
13956.6117	0.981041
14158.9157	0.890979
14364.1521	0.962785
14572.3635	0.987813
14783.5929	0.975316
14997.8842	0.985683
15215.2816	0.994418
15435.8303	0.988910
15659.5759	0.552026
15886.5647	0.762905
16116.8438	0.945795
16350.4608	0.886571
16587.4641	0.960556
16827.9028	0.845675
17071.8268	0.980564
17319.2865	0.989829
17570.3331	0.919897
17825.0188	0.985660
18083.3961	0.838895
18345.5187	0.967948
18611.4408	0.990925
18881.2175	0.966543
19154.9047	0.982299
19432.5590	0.985314
19714.2380	0.972344
20000.0000	0.983790
