* Resonalyze transfer coherence, 4 averaged sweeps, 2026-08-20 block A
* frequency_Hz<TAB>coherence (1/48-octave band means of the native linear grid)
20.0000	0.062577
20.2899	0.114008
20.5840	0.058721
20.8824	0.209977
21.1851	0.204220
21.4922	0.041256
21.8037	0.038102
22.1197	0.214406
22.4404	0.014521
22.7656	0.010999
23.0956	0.124467
23.4304	0.078866
23.7700	0.141792
24.1146	0.251193
24.4641	0.098000
24.8188	0.197220
25.1785	0.150080
25.5435	0.068097
25.9137	0.125135
26.2894	0.052323
26.6704	0.146406
27.0570	0.045839
27.4492	0.216482
27.8471	0.097700
28.2508	0.004532
28.6603	0.024990
29.0757	0.002235
29.4971	0.000000
29.9247	0.106315
30.3585	0.000000
30.7985	0.105845
31.2450	0.035796
31.6979	0.185984
32.1573	0.140864
32.6235	0.008561
33.0963	0.097288
33.5761	0.101897
34.0628	0.000000
34.5565	0.036211
35.0574	0.039492
35.5656	0.070389
36.0811	0.001310
36.6041	0.046237
37.1347	0.145169
37.6730	0.144103
38.2191	0.179467
38.7731	0.049631
39.3351	0.076790
39.9052	0.099403
40.4837	0.068108
41.0705	0.082751
41.6658	0.156422
42.2698	0.119527
42.8825	0.165514
43.5041	0.143731
44.1347	0.217310
44.7744	0.050043
45.4234	0.185096
46.0819	0.102119
46.7498	0.081104
47.4275	0.066267
48.1149	0.120275
48.8124	0.095237
49.5199	0.112163
50.2377	0.073388
50.9659	0.182197
51.7047	0.094175
52.4542	0.045490
53.2145	0.085322
53.9859	0.001569
54.7684	0.117528
55.5623	0.096830
56.3677	0.145939
57.1847	0.129348
58.0136	0.084724
58.8545	0.056615
59.7077	0.009994
60.5731	0.184278
61.4511	0.057761
62.3419	0.126146
63.2456	0.121378
64.1623	0.087780
65.0924	0.072574
66.0359	0.053221
66.9931	0.156226
67.9642	0.040202
68.9493	0.172803
69.9488	0.111359
70.9627	0.074330
71.9913	0.074745
73.0348	0.031211
74.0935	0.191238
75.1675	0.082027
76.2570	0.136100
77.3624	0.206652
78.4838	0.153330
79.6214	0.128618
80.7756	0.152458
81.9464	0.113674
83.1343	0.083389
84.3393	0.074528
85.5618	0.070180
86.8021	0.084329
88.0603	0.166558
89.3367	0.161151
90.6317	0.182252
91.9454	0.115062
93.2782	0.106910
94.6303	0.081885
96.0019	0.109097
97.3935	0.097206
98.8052	0.129174
100.2374	0.062660
101.6904	0.061852
103.1644	0.061085
104.6598	0.125969
106.1769	0.162292
107.7159	0.097934
109.2773	0.191352
110.8613	0.100702
112.4683	0.038312
114.0985	0.072381
115.7524	0.171730
117.4303	0.092361
119.1324	0.115283
120.8593	0.094647
122.6112	0.107674
124.3884	0.106306
126.1915	0.125375
128.0206	0.068280
129.8763	0.188050
131.7589	0.035948
133.6688	0.130817
135.6063	0.092096
137.5720	0.081565
139.5661	0.106881
141.5892	0.173037
143.6415	0.109761
145.7236	0.049477
147.8359	0.047917
149.9788	0.100217
152.1528	0.069671
154.3583	0.167534
156.5958	0.150707
158.8656	0.092313
161.1684	0.208967
163.5046	0.155921
165.8746	0.059240
168.2790	0.093079
170.7183	0.083569
173.1929	0.147707
175.7033	0.082252
178.2502	0.170252
180.8340	0.205435
183.4552	0.133488
186.1144	0.100445
188.8122	0.091856
191.5490	0.144651
194.3256	0.118401
197.1424	0.090176
200.0000	0.101884
202.8990	0.163992
205.8401	0.102681
208.8238	0.221056
211.8507	0.158658
214.9216	0.146461
218.0369	0.128971
221.1974	0.153497
224.4037	0.174221
227.6565	0.102008
230.9564	0.152594
234.3042	0.080676
237.7004	0.094272
241.1460	0.093208
244.6414	0.145024
248.1876	0.142151
251.7851	0.160612
255.4348	0.177090
259.1373	0.073800
262.8936	0.071245
266.7043	0.107811
270.5702	0.075008
274.4922	0.107131
278.4710	0.072800
282.5075	0.198204
286.6025	0.101499
290.7569	0.148267
294.9715	0.083287
299.2471	0.122470
303.5848	0.074020
307.9853	0.153074
312.4496	0.158460
316.9786	0.133220
321.5733	0.206382
326.2346	0.195470
330.9634	0.163421
335.7608	0.210493
340.6277	0.119865
345.5652	0.228719
350.5742	0.244787
355.6559	0.266674
360.8112	0.215135
366.0412	0.401992
371.3471	0.238665
376.7298	0.354839
382.1906	0.403686
387.7305	0.449988
393.3508	0.494148
399.0525	0.553172
404.8368	0.583979
410.7050	0.669119
416.6583	0.733274
422.6978	0.774334
428.8249	0.808239
435.0408	0.836312
441.3468	0.814327
447.7442	0.852078
454.2344	0.871145
460.8186	0.877672
467.4983	0.909780
474.2747	0.916626
481.1495	0.936214
488.1238	0.931967
495.1993	0.932397
502.3773	0.925460
509.6593	0.898573
517.0470	0.845855
524.5417	0.702956
532.1450	0.566840
539.8586	0.510935
547.6839	0.697891
555.6227	0.829464
563.6766	0.882109
571.8472	0.913710
580.1362	0.929943
588.5454	0.944666
597.0765	0.941314
605.7313	0.907688
614.5115	0.841333
623.4189	0.797497
632.4555	0.832843
641.6231	0.844162
650.9236	0.885480
660.3588	0.960240
669.9309	0.983434
679.6417	0.991752
689.4932	0.993158
699.4876	0.994558
709.6268	0.995945
719.9130	0.997044
730.3483	0.997940
740.9348	0.997792
751.6748	0.998079
762.5705	0.998335
773.6241	0.998561
784.8380	0.998181
796.2143	0.998772
807.7556	0.999435
819.4642	0.999681
831.3425	0.999761
843.3930	0.999808
855.6182	0.999835
868.0205	0.999833
880.6027	0.999844
893.3672	0.999868
906.3167	0.999871
919.4540	0.999865
932.7817	0.999866
946.3025	0.999913
960.0194	0.999914
973.9351	0.999891
988.0524	0.999864
1002.3745	0.999769
1016.9041	0.999529
1031.6443	0.999122
1046.5982	0.999011
1061.7689	0.999693
1077.1594	0.999849
1092.7731	0.999701
1108.6131	0.999497
1124.6827	0.999311
1140.9852	0.998864
1157.5240	0.996942
1174.3025	0.999699
1191.3243	0.999888
1208.5928	0.999919
1226.1116	0.999895
1243.8843	0.999711
1261.9147	0.999732
1280.2064	0.999748
1298.7633	0.999633
1317.5891	0.999400
1336.6878	0.999558
1356.0634	0.999458
1375.7198	0.999663
1395.6612	0.999825
1415.8916	0.999857
1436.4152	0.999876
1457.2363	0.999895
1478.3593	0.999690
1499.7884	0.999407
1521.5282	0.999859
1543.5830	0.999803
1565.9576	0.999635
1588.6565	0.999622
1611.6844	0.999584
1635.0461	0.999645
1658.7464	0.999737
1682.7903	0.999749
1707.1827	0.999796
1731.9286	0.999862
1757.0333	0.999764
1782.5019	0.999506
1808.3396	0.999851
1834.5519	0.999899
1861.1441	0.999885
1888.1218	0.999898
1915.4905	0.999858
1943.2559	0.999769
1971.4238	0.999376
2000.0000	0.997823
2028.9904	0.999513
2058.4011	0.999842
2088.2380	0.999954
2118.5075	0.999900
2149.2157	0.999637
2180.3690	0.999574
2211.9739	0.999751
2244.0369	0.998550
2276.5647	0.997873
2309.5640	0.999253
2343.0416	0.999882
2377.0045	0.999501
2411.4596	0.995836
2446.4142	0.999647
2481.8755	0.999902
2517.8508	0.999801
2554.3476	0.999480
2591.3734	0.999159
2628.9359	0.999262
2667.0429	0.998541
2705.7022	0.991189
2744.9219	0.984304
2784.7101	0.997355
2825.0751	0.997885
2866.0251	0.997841
2907.5688	0.996335
2949.7146	0.996488
2992.4713	0.999418
3035.8478	0.999643
3079.8531	0.999719
3124.4962	0.998156
3169.7864	0.998343
3215.7331	0.998710
3262.3458	0.997742
3309.6342	0.999202
3357.6080	0.998692
3406.2773	0.999315
3455.6520	0.999675
3505.7424	0.999769
3556.5588	0.999786
3608.1119	0.999855
3660.4122	0.999244
3713.4706	0.991960
3767.2982	0.994699
3821.9059	0.999651
3877.3053	0.999522
3933.5076	0.999330
3990.5246	0.999433
4048.3681	0.999857
4107.0501	0.999721
4166.5826	0.999701
4226.9781	0.997691
4288.2490	0.998411
4350.4081	0.998699
4413.4681	0.998502
4477.4423	0.994115
4542.3437	0.993097
4608.1860	0.999011
4674.9826	0.998919
4742.7474	0.999292
4811.4945	0.998005
4881.2381	0.997732
4951.9927	0.998926
5023.7729	0.993589
5096.5935	0.998780
5170.4697	0.999384
5245.4167	0.998048
5321.4501	0.998876
5398.5856	0.998003
5476.8393	0.999457
5556.2272	0.997881
5636.7659	0.999550
5718.4720	0.967971
5801.3624	0.999081
5885.4544	0.999215
5970.7652	0.999102
6057.3127	0.998914
6145.1147	0.967522
6234.1894	0.995933
6324.5553	0.998203
6416.2311	0.998506
6509.2357	0.997178
6603.5884	0.997114
6699.3088	0.973284
6796.4167	0.980370
6894.9321	0.995357
6994.8756	0.997248
7096.2678	0.998695
7199.1297	0.999718
7303.4825	0.999577
7409.3480	0.999200
7516.7481	0.999597
7625.7049	0.986093
7736.2411	0.996453
7848.3795	0.998776
7962.1434	0.998287
8077.5563	0.996110
8194.6422	0.997671
8313.4252	0.997719
8433.9301	0.995204
8556.1816	0.975603
8680.2053	0.997038
8806.0267	0.978196
8933.6718	0.998153
9063.1673	0.995448
9194.5398	0.985511
9327.8165	0.978195
9463.0252	0.996987
9600.1937	0.992967
9739.3505	0.997053
9880.5244	0.989421
10023.7447	0.991527
10169.0409	0.992202
10316.4433	0.957669
10465.9823	0.954588
10617.6889	0.980214
10771.5945	0.994314
10927.7310	0.995596
11086.1307	0.997166
11246.8265	0.997912
11409.8516	0.980402
11575.2398	0.926994
11743.0253	0.860091
11913.2429	0.962058
12085.9278	0.969005
12261.1158	0.963548
12438.8433	0.967208
12619.1469	0.981092
12802.0640	0.917683
12987.6326	0.992475
13175.8911	0.935645
13366.8784	0.951859
13560.6340	0.992292
13757.1982	0.990761
13956.6117	0.967823
14158.9157	0.985458
14364.1521	0.909464
14572.3635	0.983415
14783.5929	0.924795
14997.8842	0.988822
15215.2816	0.990224
15435.8303	0.967602
15659.5759	0.855032
15886.5647	0.959893
16116.8438	0.893350
16350.4608	0.898386
16587.4641	0.983025
16827.9028	0.940842
17071.8268	0.937910
17319.2865	0.936357
17570.3331	0.883339
17825.0188	0.865465
18083.3961	0.973744
18345.5187	0.987098
18611.4408	0.988907
18881.2175	0.982212
19154.9047	0.939953
19432.5590	0.926344
19714.2380	0.751145
20000.0000	0.863159
