* Resonalyze transfer coherence, 4 averaged sweeps, 2026-08-20 block A
* frequency_Hz<TAB>coherence (1/48-octave band means of the native linear grid)
20.0000	0.998676
20.2899	0.999138
20.5840	0.998216
20.8824	0.998783
21.1851	0.999246
21.4922	0.999384
21.8037	0.998851
22.1197	0.998703
22.4404	0.999498
22.7656	0.999464
23.0956	0.999418
23.4304	0.999051
23.7700	0.999545
24.1146	0.999346
24.4641	0.999490
24.8188	0.999410
25.1785	0.999281
25.5435	0.999143
25.9137	0.999010
26.2894	0.999506
26.6704	0.999472
27.0570	0.999478
27.4492	0.999334
27.8471	0.999520
28.2508	0.999270
28.6603	0.998916
29.0757	0.999390
29.4971	0.998195
29.9247	0.999275
30.3585	0.999442
30.7985	0.998474
31.2450	0.995305
31.6979	0.996891
32.1573	0.992630
32.6235	0.968151
33.0963	0.851816
33.5761	0.982187
34.0628	0.996829
34.5565	0.998090
35.0574	0.999013
35.5656	0.999512
36.0811	0.999545
36.6041	0.999662
37.1347	0.998523
37.6730	0.998877
38.2191	0.999523
38.7731	0.998455
39.3351	0.999660
39.9052	0.999645
40.4837	0.999579
41.0705	0.999613
41.6658	0.999785
42.2698	0.999630
42.8825	0.999511
43.5041	0.999791
44.1347	0.999546
44.7744	0.999650
45.4234	0.999710
46.0819	0.999335
46.7498	0.999388
47.4275	0.999516
48.1149	0.999675
48.8124	0.999690
49.5199	0.999611
50.2377	0.999802
50.9659	0.999663
51.7047	0.999667
52.4542	0.999663
53.2145	0.999771
53.9859	0.999719
54.7684	0.999827
55.5623	0.999825
56.3677	0.999901
57.1847	0.999909
58.0136	0.999859
58.8545	0.999843
59.7077	0.999833
60.5731	0.999848
61.4511	0.999829
62.3419	0.999758
63.2456	0.999823
64.1623	0.999732
65.0924	0.999755
66.0359	0.999830
66.9931	0.999814
67.9642	0.999847
68.9493	0.999825
69.9488	0.999864
70.9627	0.999827
71.9913	0.999832
73.0348	0.999808
74.0935	0.999803
75.1675	0.999795
76.2570	0.999844
77.3624	0.999902
78.4838	0.999879
79.6214	0.999892
80.7756	0.999892
81.9464	0.999933
83.1343	0.999924
84.3393	0.999953
85.5618	0.999958
86.8021	0.999965
88.0603	0.999971
89.3367	0.999977
90.6317	0.999985
91.9454	0.999982
93.2782	0.999989
94.6303	0.999991
96.0019	0.999989
97.3935	0.999989
98.8052	0.999986
100.2374	0.999981
101.6904	0.999987
103.1644	0.999982
104.6598	0.999986
106.1769	0.999981
107.7159	0.999980
109.2773	0.999980
110.8613	0.999982
112.4683	0.999981
114.0985	0.999976
115.7524	0.999968
117.4303	0.999962
119.1324	0.999966
120.8593	0.999955
122.6112	0.999942
124.3884	0.999929
126.1915	0.999945
128.0206	0.999946
129.8763	0.999909
131.7589	0.999910
133.6688	0.999904
135.6063	0.999851
137.5720	0.999663
139.5661	0.999380
141.5892	0.998835
143.6415	0.998019
145.7236	0.997318
147.8359	0.998350
149.9788	0.998173
152.1528	0.998770
154.3583	0.998897
156.5958	0.999097
158.8656	0.999220
161.1684	0.996304
163.5046	0.960223
165.8746	0.794371
168.2790	0.996210
170.7183	0.998881
173.1929	0.999631
175.7033	0.999812
178.2502	0.999880
180.8340	0.999883
183.4552	0.999918
186.1144	0.999905
188.8122	0.999936
191.5490	0.999951
194.3256	0.999927
197.1424	0.999913
200.0000	0.999908
202.8990	0.999899
205.8401	0.999872
208.8238	0.999866
211.8507	0.999874
214.9216	0.999912
218.0369	0.999912
221.1974	0.999935
224.4037	0.999942
227.6565	0.999939
230.9564	0.999953
234.3042	0.999956
237.7004	0.999959
241.1460	0.999968
244.6414	0.999966
248.1876	0.999965
251.7851	0.999978
255.4348	0.999970
259.1373	0.999962
262.8936	0.999932
266.7043	0.999912
270.5702	0.999890
274.4922	0.999852
278.4710	0.999881
282.5075	0.999919
286.6025	0.999926
290.7569	0.999903
294.9715	0.999875
299.2471	0.999935
303.5848	0.999947
307.9853	0.999968
312.4496	0.999970
316.9786	0.999969
321.5733	0.999969
326.2346	0.999972
330.9634	0.999982
335.7608	0.999981
340.6277	0.999976
345.5652	0.999965
350.5742	0.999963
355.6559	0.999961
360.8112	0.999954
366.0412	0.999964
371.3471	0.999954
376.7298	0.999962
382.1906	0.999972
387.7305	0.999974
393.3508	0.999969
399.0525	0.999963
404.8368	0.999957
410.7050	0.999934
416.6583	0.999922
422.6978	0.999919
428.8249	0.999916
435.0408	0.999897
441.3468	0.999897
447.7442	0.999866
454.2344	0.999821
460.8186	0.999748
467.4983	0.999636
474.2747	0.999498
481.1495	0.999319
488.1238	0.999346
495.1993	0.999355
502.3773	0.999507
509.6593	0.999631
517.0470	0.999631
524.5417	0.999603
532.1450	0.999583
539.8586	0.999523
547.6839	0.999634
555.6227	0.999787
563.6766	0.999903
571.8472	0.999953
580.1362	0.999965
588.5454	0.999975
597.0765	0.999980
605.7313	0.999983
614.5115	0.999980
623.4189	0.999977
632.4555	0.999975
641.6231	0.999976
650.9236	0.999967
660.3588	0.999960
669.9309	0.999951
679.6417	0.999924
689.4932	0.999901
699.4876	0.999860
709.6268	0.999810
719.9130	0.999783
730.3483	0.999814
740.9348	0.999888
751.6748	0.999906
762.5705	0.999923
773.6241	0.999915
784.8380	0.999930
796.2143	0.999923
807.7556	0.999909
819.4642	0.999878
831.3425	0.999875
843.3930	0.999865
855.6182	0.999906
868.0205	0.999938
880.6027	0.999955
893.3672	0.999939
906.3167	0.999905
919.4540	0.999835
932.7817	0.999322
946.3025	0.995408
960.0194	0.998938
973.9351	0.999794
988.0524	0.999919
1002.3745	0.999951
1016.9041	0.999968
1031.6443	0.999976
1046.5982	0.999968
1061.7689	0.999925
1077.1594	0.999826
1092.7731	0.999423
1108.6131	0.999206
1124.6827	0.999681
1140.9852	0.999673
1157.5240	0.999109
1174.3025	0.999689
1191.3243	0.999908
1208.5928	0.999936
1226.1116	0.999937
1243.8843	0.999944
1261.9147	0.999956
1280.2064	0.999943
1298.7633	0.999718
1317.5891	0.999516
1336.6878	0.999767
1356.0634	0.999801
1375.7198	0.999794
1395.6612	0.999913
1415.8916	0.999968
1436.4152	0.999981
1457.2363	0.999985
1478.3593	0.999979
1499.7884	0.999961
1521.5282	0.999950
1543.5830	0.999955
1565.9576	0.999918
1588.6565	0.999709
1611.6844	0.999785
1635.0461	0.999866
1658.7464	0.999708
1682.7903	0.999507
1707.1827	0.999883
1731.9286	0.999867
1757.0333	0.999836
1782.5019	0.999853
1808.3396	0.999858
1834.5519	0.999889
1861.1441	0.999775
1888.1218	0.999644
1915.4905	0.999731
1943.2559	0.999711
1971.4238	0.999910
2000.0000	0.999865
2028.9904	0.999817
2058.4011	0.999780
2088.2380	0.999705
2118.5075	0.999689
2149.2157	0.999181
2180.3690	0.999077
2211.9739	0.999435
2244.0369	0.999616
2276.5647	0.998603
2309.5640	0.998983
2343.0416	0.999488
2377.0045	0.999572
2411.4596	0.999781
2446.4142	0.999778
2481.8755	0.997967
2517.8508	0.942469
2554.3476	0.999655
2591.3734	0.999385
2628.9359	0.998366
2667.0429	0.999598
2705.7022	0.999810
2744.9219	0.994023
2784.7101	0.733285
2825.0751	0.981675
2866.0251	0.986960
2907.5688	0.988534
2949.7146	0.998389
2992.4713	0.998877
3035.8478	0.999663
3079.8531	0.988292
3124.4962	0.961836
3169.7864	0.999414
3215.7331	0.998302
3262.3458	0.999371
3309.6342	0.999850
3357.6080	0.999732
3406.2773	0.998789
3455.6520	0.998483
3505.7424	0.998883
3556.5588	0.998517
3608.1119	0.999426
3660.4122	0.999361
3713.4706	0.999339
3767.2982	0.998090
3821.9059	0.998958
3877.3053	0.957421
3933.5076	0.997178
3990.5246	0.995024
4048.3681	0.998801
4107.0501	0.998679
4166.5826	0.961935
4226.9781	0.994113
4288.2490	0.998875
4350.4081	0.998791
4413.4681	0.999029
4477.4423	0.986396
4542.3437	0.993616
4608.1860	0.998797
4674.9826	0.994399
4742.7474	0.997559
4811.4945	0.993636
4881.2381	0.993060
4951.9927	0.998668
5023.7729	0.995720
5096.5935	0.884427
5170.4697	0.997094
5245.4167	0.998845
5321.4501	0.997843
5398.5856	0.993487
5476.8393	0.996925
5556.2272	0.995732
5636.7659	0.960344
5718.4720	0.997722
5801.3624	0.998583
5885.4544	0.999075
5970.7652	0.999154
6057.3127	0.999329
6145.1147	0.997321
6234.1894	0.991482
6324.5553	0.948254
6416.2311	0.996225
6509.2357	0.997370
6603.5884	0.993159
6699.3088	0.995290
6796.4167	0.998700
6894.9321	0.994687
6994.8756	0.990512
7096.2678	0.997030
7199.1297	0.990305
7303.4825	0.997713
7409.3480	0.996844
7516.7481	0.990263
7625.7049	0.997252
7736.2411	0.991252
7848.3795	0.993853
7962.1434	0.996660
8077.5563	0.998846
8194.6422	0.994736
8313.4252	0.996988
8433.9301	0.994776
8556.1816	0.995833
8680.2053	0.988750
8806.0267	0.919595
8933.6718	0.997532
9063.1673	0.997834
9194.5398	0.998951
9327.8165	0.888796
9463.0252	0.935315
9600.1937	0.978319
9739.3505	0.996836
9880.5244	0.994778
10023.7447	0.985888
10169.0409	0.963563
10316.4433	0.933050
10465.9823	0.981875
10617.6889	0.932366
10771.5945	0.970399
10927.7310	0.963667
11086.1307	0.991706
11246.8265	0.989757
11409.8516	0.995192
11575.2398	0.969360
11743.0253	0.995713
11913.2429	0.986459
12085.9278	0.977199
12261.1158	0.906004
12438.8433	0.979960
12619.1469	0.986011
12802.0640	0.714359
12987.6326	0.921436
13175.8911	0.830099
13366.8784	0.942864
13560.6340	0.845007
13757.1982	0.919799
13956.6117	0.726273
14158.9157	0.744215
14364.1521	0.918382
14572.3635	0.811434
14783.5929	0.983931
14997.8842	0.944682
15215.2816	0.712052
15435.8303	0.768735
15659.5759	0.818367
15886.5647	0.722892
16116.8438	0.689852
16350.4608	0.730200
16587.4641	0.803131
16827.9028	0.863746
17071.8268	0.701245
17319.2865	0.594936
17570.3331	0.594970
17825.0188	0.546853
18083.3961	0.518955
18345.5187	0.570315
18611.4408	0.502436
18881.2175	0.748584
19154.9047	0.533319
19432.5590	0.558556
19714.2380	0.358151
20000.0000	0.318627
