* Resonalyze transfer coherence, 4 averaged sweeps, 2026-08-20 block A
* frequency_Hz<TAB>coherence (1/48-octave band means of the native linear grid)
20.0000	0.999016
20.2899	0.998788
20.5840	0.999403
20.8824	0.999061
21.1851	0.998586
21.4922	0.998509
21.8037	0.997962
22.1197	0.998807
22.4404	0.998656
22.7656	0.998727
23.0956	0.998856
23.4304	0.999300
23.7700	0.999716
24.1146	0.999445
24.4641	0.999085
24.8188	0.999494
25.1785	0.999580
25.5435	0.999606
25.9137	0.999378
26.2894	0.999634
26.6704	0.999612
27.0570	0.999264
27.4492	0.998630
27.8471	0.999252
28.2508	0.999020
28.6603	0.999626
29.0757	0.999350
29.4971	0.999706
29.9247	0.999513
30.3585	0.999085
30.7985	0.998471
31.2450	0.996622
31.6979	0.997398
32.1573	0.995844
32.6235	0.985074
33.0963	0.975962
33.5761	0.993208
34.0628	0.997972
34.5565	0.998668
35.0574	0.999098
35.5656	0.999616
36.0811	0.999257
36.6041	0.999456
37.1347	0.999623
37.6730	0.999195
38.2191	0.999573
38.7731	0.999312
39.3351	0.999323
39.9052	0.999724
40.4837	0.999567
41.0705	0.999719
41.6658	0.999737
42.2698	0.999495
42.8825	0.999855
43.5041	0.999787
44.1347	0.999791
44.7744	0.999821
45.4234	0.999763
46.0819	0.999522
46.7498	0.999702
47.4275	0.999757
48.1149	0.999827
48.8124	0.999874
49.5199	0.999827
50.2377	0.999736
50.9659	0.999889
51.7047	0.999862
52.4542	0.999793
53.2145	0.999771
53.9859	0.999832
54.7684	0.999778
55.5623	0.999856
56.3677	0.999826
57.1847	0.999861
58.0136	0.999886
58.8545	0.999815
59.7077	0.999879
60.5731	0.999848
61.4511	0.999707
62.3419	0.999786
63.2456	0.999787
64.1623	0.999853
65.0924	0.999913
66.0359	0.999909
66.9931	0.999922
67.9642	0.999899
68.9493	0.999959
69.9488	0.999941
70.9627	0.999935
71.9913	0.999915
73.0348	0.999928
74.0935	0.999884
75.1675	0.999849
76.2570	0.999875
77.3624	0.999850
78.4838	0.999886
79.6214	0.999806
80.7756	0.999798
81.9464	0.999847
83.1343	0.999845
84.3393	0.999860
85.5618	0.999866
86.8021	0.999903
88.0603	0.999915
89.3367	0.999962
90.6317	0.999950
91.9454	0.999953
93.2782	0.999940
94.6303	0.999951
96.0019	0.999935
97.3935	0.999948
98.8052	0.999912
100.2374	0.999931
101.6904	0.999899
103.1644	0.999909
104.6598	0.999832
106.1769	0.999688
107.7159	0.999454
109.2773	0.999124
110.8613	0.999482
112.4683	0.999150
114.0985	0.999487
115.7524	0.999586
117.4303	0.999796
119.1324	0.999840
120.8593	0.999921
122.6112	0.999908
124.3884	0.999920
126.1915	0.999926
128.0206	0.999923
129.8763	0.999894
131.7589	0.999937
133.6688	0.999929
135.6063	0.999935
137.5720	0.999924
139.5661	0.999925
141.5892	0.999922
143.6415	0.999892
145.7236	0.999811
147.8359	0.999809
149.9788	0.999773
152.1528	0.999734
154.3583	0.999756
156.5958	0.999838
158.8656	0.999894
161.1684	0.999937
163.5046	0.999956
165.8746	0.999961
168.2790	0.999970
170.7183	0.999977
173.1929	0.999973
175.7033	0.999979
178.2502	0.999976
180.8340	0.999975
183.4552	0.999976
186.1144	0.999975
188.8122	0.999978
191.5490	0.999975
194.3256	0.999962
197.1424	0.999956
200.0000	0.999936
202.8990	0.999931
205.8401	0.999906
208.8238	0.999880
211.8507	0.999846
214.9216	0.999841
218.0369	0.999814
221.1974	0.999789
224.4037	0.999862
227.6565	0.999866
230.9564	0.999851
234.3042	0.999842
237.7004	0.999793
241.1460	0.999778
244.6414	0.999749
248.1876	0.999739
251.7851	0.999683
255.4348	0.999655
259.1373	0.999548
262.8936	0.999187
266.7043	0.997228
270.5702	0.991425
274.4922	0.993356
278.4710	0.998306
282.5075	0.998922
286.6025	0.999198
290.7569	0.999445
294.9715	0.999679
299.2471	0.999750
303.5848	0.999772
307.9853	0.999865
312.4496	0.999845
316.9786	0.999864
321.5733	0.999875
326.2346	0.999857
330.9634	0.999836
335.7608	0.999840
340.6277	0.999807
345.5652	0.999785
350.5742	0.999792
355.6559	0.999729
360.8112	0.999629
366.0412	0.999467
371.3471	0.998960
376.7298	0.997352
382.1906	0.990474
387.7305	0.961322
393.3508	0.991048
399.0525	0.994324
404.8368	0.993572
410.7050	0.990193
416.6583	0.959716
422.6978	0.538832
428.8249	0.910488
435.0408	0.960945
441.3468	0.953454
447.7442	0.963762
454.2344	0.985037
460.8186	0.994328
467.4983	0.997288
474.2747	0.998288
481.1495	0.999009
488.1238	0.999247
495.1993	0.999385
502.3773	0.999451
509.6593	0.999558
517.0470	0.999551
524.5417	0.999548
532.1450	0.999506
539.8586	0.999487
547.6839	0.999511
555.6227	0.999511
563.6766	0.999466
571.8472	0.999491
580.1362	0.999316
588.5454	0.999078
597.0765	0.998664
605.7313	0.997572
614.5115	0.997020
623.4189	0.998895
632.4555	0.999489
641.6231	0.999637
650.9236	0.999717
660.3588	0.999682
669.9309	0.999709
679.6417	0.999736
689.4932	0.999725
699.4876	0.999592
709.6268	0.999432
719.9130	0.998803
730.3483	0.996287
740.9348	0.992551
751.6748	0.997102
762.5705	0.999053
773.6241	0.999584
784.8380	0.999750
796.2143	0.999779
807.7556	0.999660
819.4642	0.999606
831.3425	0.999608
843.3930	0.999488
855.6182	0.999082
868.0205	0.997167
880.6027	0.983047
893.3672	0.998364
906.3167	0.998207
919.4540	0.995457
932.7817	0.986575
946.3025	0.986295
960.0194	0.992404
973.9351	0.994889
988.0524	0.996492
1002.3745	0.997672
1016.9041	0.998264
1031.6443	0.998543
1046.5982	0.998572
1061.7689	0.997826
1077.1594	0.997709
1092.7731	0.998254
1108.6131	0.999060
1124.6827	0.999600
1140.9852	0.999727
1157.5240	0.999824
1174.3025	0.999843
1191.3243	0.999688
1208.5928	0.999416
1226.1116	0.999299
1243.8843	0.999408
1261.9147	0.999335
1280.2064	0.998903
1298.7633	0.998924
1317.5891	0.999111
1336.6878	0.999583
1356.0634	0.999609
1375.7198	0.999406
1395.6612	0.999524
1415.8916	0.999280
1436.4152	0.997421
1457.2363	0.994614
1478.3593	0.995189
1499.7884	0.995416
1521.5282	0.997505
1543.5830	0.998966
1565.9576	0.992464
1588.6565	0.996779
1611.6844	0.999728
1635.0461	0.999282
1658.7464	0.998512
1682.7903	0.997599
1707.1827	0.992694
1731.9286	0.990491
1757.0333	0.997446
1782.5019	0.994053
1808.3396	0.990144
1834.5519	0.993856
1861.1441	0.998547
1888.1218	0.998666
1915.4905	0.999181
1943.2559	0.998136
1971.4238	0.959923
2000.0000	0.997833
2028.9904	0.999335
2058.4011	0.999107
2088.2380	0.998725
2118.5075	0.998577
2149.2157	0.998983
2180.3690	0.996819
2211.9739	0.997064
2244.0369	0.998743
2276.5647	0.999245
2309.5640	0.999308
2343.0416	0.998647
2377.0045	0.998726
2411.4596	0.999582
2446.4142	0.998259
2481.8755	0.995166
2517.8508	0.997068
2554.3476	0.999319
2591.3734	0.998470
2628.9359	0.998306
2667.0429	0.999136
2705.7022	0.995043
2744.9219	0.984625
2784.7101	0.963905
2825.0751	0.771811
2866.0251	0.973106
2907.5688	0.986992
2949.7146	0.993045
2992.4713	0.995789
3035.8478	0.974821
3079.8531	0.985398
3124.4962	0.993786
3169.7864	0.997769
3215.7331	0.995945
3262.3458	0.994422
3309.6342	0.989985
3357.6080	0.990167
3406.2773	0.990660
3455.6520	0.986039
3505.7424	0.982000
3556.5588	0.917273
3608.1119	0.629007
3660.4122	0.848782
3713.4706	0.940741
3767.2982	0.994528
3821.9059	0.988676
3877.3053	0.982681
3933.5076	0.980522
3990.5246	0.996932
4048.3681	0.992969
4107.0501	0.971669
4166.5826	0.986131
4226.9781	0.997909
4288.2490	0.998416
4350.4081	0.994572
4413.4681	0.996520
4477.4423	0.987277
4542.3437	0.992868
4608.1860	0.918230
4674.9826	0.892216
4742.7474	0.996221
4811.4945	0.987821
4881.2381	0.994356
4951.9927	0.997841
5023.7729	0.983857
5096.5935	0.990888
5170.4697	0.979920
5245.4167	0.989130
5321.4501	0.981948
5398.5856	0.906494
5476.8393	0.876673
5556.2272	0.747697
5636.7659	0.976031
5718.4720	0.971191
5801.3624	0.886128
5885.4544	0.597325
5970.7652	0.752837
6057.3127	0.976961
6145.1147	0.991713
6234.1894	0.987052
6324.5553	0.974275
6416.2311	0.993173
6509.2357	0.995648
6603.5884	0.991087
6699.3088	0.997854
6796.4167	0.980842
6894.9321	0.888581
6994.8756	0.954369
7096.2678	0.548145
7199.1297	0.810421
7303.4825	0.989100
7409.3480	0.983029
7516.7481	0.768227
7625.7049	0.723526
7736.2411	0.871012
7848.3795	0.985698
7962.1434	0.973128
8077.5563	0.849442
8194.6422	0.975235
8313.4252	0.993606
8433.9301	0.990612
8556.1816	0.985091
8680.2053	0.985057
8806.0267	0.985106
8933.6718	0.976859
9063.1673	0.969617
9194.5398	0.979468
9327.8165	0.982110
9463.0252	0.988451
9600.1937	0.977845
9739.3505	0.914204
9880.5244	0.982638
10023.7447	0.993723
10169.0409	0.987664
10316.4433	0.963091
10465.9823	0.958708
10617.6889	0.983587
10771.5945	0.990179
10927.7310	0.868666
11086.1307	0.923218
11246.8265	0.993782
11409.8516	0.989462
11575.2398	0.983731
11743.0253	0.934578
11913.2429	0.990878
12085.9278	0.949947
12261.1158	0.938703
12438.8433	0.772039
12619.1469	0.965834
12802.0640	0.971261
12987.6326	0.888927
13175.8911	0.977905
13366.8784	0.959170
13560.6340	0.763195
13757.1982	0.915010
13956.6117	0.836944
14158.9157	0.954267
14364.1521	0.954363
14572.3635	0.981237
14783.5929	0.943015
14997.8842	0.980872
15215.2816	0.971340
15435.8303	0.918476
15659.5759	0.899313
15886.5647	0.908683
16116.8438	0.934089
16350.4608	0.795354
16587.4641	0.824760
16827.9028	0.809564
17071.8268	0.673815
17319.2865	0.268755
17570.3331	0.751372
17825.0188	0.901095
18083.3961	0.933417
18345.5187	0.669128
18611.4408	0.791242
18881.2175	0.830830
19154.9047	0.609158
19432.5590	0.548098
19714.2380	0.397105
20000.0000	0.492987
